--Rotas do 1ยบ turno-----------------------------
0 -> 114 (173)
1 -> 245 (199)
2 -> 110 (164)
2 -> 114 (19)
3 -> 5 (166)
3 -> 10 (148)
3 -> 13 (180)
3 -> 19 (138)
3 -> 20 (165)
3 -> 25 (125)
3 -> 26 (137)
3 -> 33 (149)
3 -> 36 (185)
3 -> 39 (176)
3 -> 110 (117)
3 -> 114 (101)
3 -> 246 (108)
3 -> 324 (95)
3 -> 551 (199)
3 -> 702 (64)
3 -> 705 (200)
3 -> 720 (84)
3 -> 724 (99)
4 -> 29 (122)
4 -> 682 (23)
5 -> 795 (199)
6 -> 114 (188)
7 -> 29 (171)
7 -> 459 (13)
8 -> 110 (142)
8 -> 705 (18)
9 -> 110 (140)
10 -> 110 (197)
12 -> 114 (168)
13 -> 29 (112)
13 -> 110 (68)
15 -> 29 (125)
15 -> 705 (38)
16 -> 114 (119)
16 -> 459 (77)
17 -> 0 (173)
17 -> 4 (145)
17 -> 6 (123)
17 -> 8 (160)
17 -> 9 (140)
17 -> 10 (49)
17 -> 16 (196)
17 -> 22 (163)
17 -> 23 (192)
17 -> 25 (34)
17 -> 27 (146)
17 -> 34 (158)
17 -> 37 (167)
17 -> 47 (200)
17 -> 51 (140)
17 -> 52 (168)
17 -> 63 (151)
17 -> 64 (160)
17 -> 77 (99)
17 -> 78 (126)
17 -> 84 (156)
17 -> 86 (169)
17 -> 87 (166)
17 -> 95 (179)
17 -> 100 (163)
17 -> 111 (136)
17 -> 114 (148)
17 -> 115 (199)
17 -> 124 (198)
17 -> 150 (119)
17 -> 156 (172)
17 -> 170 (171)
17 -> 175 (158)
17 -> 203 (119)
17 -> 209 (150)
17 -> 434 (167)
17 -> 550 (142)
17 -> 654 (128)
17 -> 877 (112)
17 -> 892 (137)
17 -> 904 (162)
17 -> 911 (79)
17 -> 932 (76)
17 -> 950 (131)
17 -> 954 (120)
18 -> 29 (157)
19 -> 29 (138)
20 -> 459 (155)
20 -> 466 (10)
21 -> 646 (152)
22 -> 29 (121)
22 -> 459 (42)
23 -> 110 (191)
23 -> 114 (1)
24 -> 110 (145)
24 -> 646 (19)
25 -> 114 (159)
26 -> 795 (173)
27 -> 110 (146)
28 -> 459 (148)
28 -> 993 (27)
30 -> 262 (192)
31 -> 245 (165)
32 -> 245 (159)
33 -> 646 (167)
34 -> 29 (138)
34 -> 114 (20)
35 -> 29 (111)
35 -> 646 (84)
36 -> 29 (181)
36 -> 110 (4)
37 -> 459 (163)
37 -> 646 (4)
38 -> 29 (137)
39 -> 245 (176)
40 -> 466 (170)
40 -> 646 (1)
41 -> 705 (190)
42 -> 466 (183)
42 -> 654 (2)
43 -> 114 (156)
43 -> 459 (1)
44 -> 114 (152)
44 -> 179 (44)
44 -> 352 (4)
45 -> 114 (85)
45 -> 646 (43)
46 -> 29 (131)
46 -> 110 (63)
47 -> 110 (146)
47 -> 459 (54)
48 -> 466 (139)
49 -> 114 (178)
50 -> 29 (159)
50 -> 114 (21)
51 -> 29 (123)
51 -> 654 (17)
52 -> 245 (176)
53 -> 114 (181)
54 -> 646 (193)
55 -> 29 (130)
55 -> 245 (20)
56 -> 12 (130)
56 -> 31 (139)
56 -> 38 (123)
56 -> 41 (162)
56 -> 46 (194)
56 -> 50 (180)
56 -> 62 (130)
56 -> 63 (19)
56 -> 69 (154)
56 -> 71 (167)
56 -> 76 (170)
56 -> 77 (44)
56 -> 82 (195)
56 -> 85 (196)
56 -> 99 (198)
56 -> 102 (172)
56 -> 103 (112)
56 -> 107 (95)
56 -> 112 (185)
56 -> 114 (169)
56 -> 119 (120)
56 -> 125 (140)
56 -> 128 (120)
56 -> 129 (194)
56 -> 131 (137)
56 -> 137 (141)
56 -> 139 (184)
56 -> 164 (180)
56 -> 168 (168)
56 -> 174 (155)
56 -> 180 (198)
56 -> 186 (139)
56 -> 190 (185)
56 -> 195 (133)
56 -> 200 (117)
56 -> 202 (157)
56 -> 204 (129)
56 -> 208 (114)
56 -> 210 (152)
56 -> 216 (165)
56 -> 232 (163)
56 -> 245 (158)
56 -> 247 (142)
56 -> 248 (187)
56 -> 256 (156)
56 -> 304 (189)
56 -> 377 (100)
56 -> 442 (115)
56 -> 459 (191)
56 -> 493 (51)
56 -> 514 (118)
56 -> 516 (93)
56 -> 519 (78)
56 -> 578 (172)
56 -> 596 (152)
56 -> 604 (106)
56 -> 635 (110)
56 -> 654 (106)
56 -> 674 (93)
56 -> 716 (130)
56 -> 731 (106)
56 -> 735 (154)
56 -> 758 (105)
56 -> 773 (159)
56 -> 795 (136)
56 -> 835 (18)
56 -> 842 (183)
56 -> 848 (108)
56 -> 849 (187)
56 -> 899 (34)
57 -> 114 (135)
57 -> 245 (33)
58 -> 459 (172)
59 -> 29 (190)
60 -> 29 (124)
60 -> 110 (63)
61 -> 114 (131)
61 -> 476 (44)
62 -> 29 (161)
63 -> 466 (170)
64 -> 29 (182)
65 -> 459 (188)
66 -> 466 (172)
67 -> 459 (171)
68 -> 1 (135)
68 -> 2 (183)
68 -> 24 (164)
68 -> 29 (165)
68 -> 245 (163)
68 -> 459 (151)
68 -> 471 (184)
68 -> 474 (27)
68 -> 522 (33)
68 -> 607 (60)
68 -> 654 (114)
68 -> 705 (125)
69 -> 110 (169)
70 -> 29 (145)
70 -> 459 (9)
71 -> 110 (176)
72 -> 110 (155)
73 -> 459 (181)
73 -> 654 (9)
74 -> 110 (173)
74 -> 114 (5)
75 -> 110 (155)
75 -> 466 (7)
76 -> 114 (130)
76 -> 466 (40)
77 -> 646 (143)
78 -> 110 (199)
79 -> 459 (155)
80 -> 459 (173)
81 -> 110 (159)
82 -> 110 (152)
82 -> 114 (43)
83 -> 459 (97)
83 -> 646 (32)
84 -> 114 (191)
85 -> 110 (169)
85 -> 114 (27)
86 -> 459 (169)
87 -> 114 (126)
87 -> 245 (40)
88 -> 114 (148)
88 -> 466 (42)
89 -> 245 (179)
90 -> 245 (194)
91 -> 110 (161)
91 -> 646 (10)
92 -> 459 (13)
93 -> 245 (144)
93 -> 459 (51)
94 -> 1 (64)
94 -> 15 (163)
94 -> 21 (152)
94 -> 29 (149)
94 -> 35 (195)
94 -> 38 (14)
94 -> 43 (157)
94 -> 45 (128)
94 -> 48 (126)
94 -> 54 (163)
94 -> 61 (175)
94 -> 64 (22)
94 -> 72 (155)
94 -> 80 (112)
94 -> 83 (129)
94 -> 84 (35)
94 -> 90 (186)
94 -> 93 (195)
94 -> 105 (182)
94 -> 106 (154)
94 -> 108 (200)
94 -> 118 (110)
94 -> 122 (158)
94 -> 123 (193)
94 -> 125 (59)
94 -> 130 (151)
94 -> 135 (117)
94 -> 136 (191)
94 -> 155 (168)
94 -> 161 (184)
94 -> 162 (181)
94 -> 176 (182)
94 -> 179 (144)
94 -> 185 (174)
94 -> 188 (122)
94 -> 189 (134)
94 -> 191 (144)
94 -> 230 (109)
94 -> 233 (115)
94 -> 241 (151)
94 -> 257 (188)
94 -> 258 (132)
94 -> 413 (191)
94 -> 474 (162)
94 -> 502 (166)
94 -> 591 (172)
94 -> 652 (198)
94 -> 802 (126)
94 -> 882 (112)
95 -> 110 (179)
96 -> 466 (188)
97 -> 114 (189)
98 -> 459 (129)
98 -> 705 (22)
99 -> 114 (136)
99 -> 466 (62)
100 -> 29 (136)
100 -> 110 (27)
101 -> 245 (118)
101 -> 466 (52)
102 -> 110 (177)
103 -> 110 (168)
104 -> 110 (175)
105 -> 646 (181)
105 -> 654 (1)
106 -> 29 (154)
107 -> 110 (133)
108 -> 114 (170)
108 -> 466 (30)
109 -> 459 (139)
111 -> 646 (136)
112 -> 29 (147)
112 -> 245 (38)
113 -> 173 (158)
115 -> 245 (181)
115 -> 646 (18)
116 -> 110 (137)
116 -> 245 (34)
117 -> 459 (183)
118 -> 114 (110)
119 -> 29 (108)
119 -> 114 (12)
120 -> 245 (144)
121 -> 110 (168)
122 -> 114 (177)
123 -> 29 (176)
123 -> 110 (17)
124 -> 29 (126)
124 -> 110 (72)
125 -> 245 (199)
126 -> 466 (131)
126 -> 654 (52)
127 -> 110 (198)
128 -> 110 (186)
129 -> 114 (137)
129 -> 459 (57)
130 -> 245 (174)
131 -> 114 (169)
132 -> 249 (92)
132 -> 459 (107)
133 -> 646 (133)
134 -> 114 (131)
134 -> 459 (15)
135 -> 114 (196)
136 -> 114 (195)
137 -> 110 (165)
139 -> 29 (116)
139 -> 466 (68)
140 -> 459 (122)
140 -> 646 (22)
141 -> 29 (128)
142 -> 245 (191)
142 -> 646 (4)
144 -> 131 (32)
144 -> 209 (47)
144 -> 355 (49)
144 -> 767 (5)
145 -> 245 (164)
146 -> 110 (98)
147 -> 458 (122)
148 -> 110 (134)
148 -> 114 (60)
149 -> 110 (177)
150 -> 459 (152)
151 -> 245 (169)
151 -> 459 (7)
152 -> 114 (170)
153 -> 245 (114)
153 -> 646 (79)
154 -> 110 (146)
154 -> 245 (43)
155 -> 29 (168)
156 -> 459 (172)
157 -> 114 (100)
157 -> 459 (60)
158 -> 29 (175)
159 -> 29 (182)
160 -> 114 (185)
161 -> 29 (159)
161 -> 654 (25)
162 -> 705 (181)
163 -> 18 (157)
163 -> 59 (93)
163 -> 60 (187)
163 -> 65 (188)
163 -> 71 (9)
163 -> 81 (106)
163 -> 97 (189)
163 -> 103 (56)
163 -> 110 (117)
163 -> 114 (67)
163 -> 160 (150)
163 -> 167 (186)
163 -> 206 (163)
163 -> 558 (128)
163 -> 665 (136)
163 -> 795 (94)
163 -> 821 (179)
163 -> 835 (95)
163 -> 841 (92)
164 -> 654 (180)
165 -> 29 (200)
166 -> 114 (91)
166 -> 466 (22)
167 -> 245 (186)
168 -> 114 (180)
169 -> 29 (171)
170 -> 646 (171)
171 -> 245 (173)
172 -> 29 (131)
172 -> 245 (32)
173 -> 646 (147)
173 -> 715 (11)
174 -> 705 (155)
175 -> 29 (189)
176 -> 459 (199)
177 -> 245 (171)
177 -> 466 (23)
178 -> 114 (126)
178 -> 245 (16)
179 -> 29 (188)
180 -> 29 (161)
180 -> 110 (37)
181 -> 52 (8)
181 -> 62 (31)
181 -> 149 (177)
181 -> 441 (184)
181 -> 459 (122)
181 -> 490 (119)
181 -> 497 (130)
181 -> 531 (160)
181 -> 533 (101)
181 -> 550 (54)
181 -> 574 (72)
181 -> 586 (44)
181 -> 587 (135)
181 -> 610 (31)
181 -> 618 (78)
181 -> 630 (25)
181 -> 632 (82)
181 -> 640 (11)
181 -> 646 (86)
182 -> 245 (179)
182 -> 459 (12)
183 -> 114 (171)
184 -> 466 (121)
185 -> 114 (127)
185 -> 654 (47)
186 -> 245 (139)
187 -> 29 (96)
187 -> 245 (81)
188 -> 29 (114)
188 -> 654 (8)
189 -> 459 (198)
190 -> 245 (185)
191 -> 29 (198)
192 -> 466 (197)
193 -> 29 (111)
193 -> 110 (71)
194 -> 459 (81)
194 -> 953 (97)
195 -> 110 (187)
196 -> 114 (152)
196 -> 459 (6)
197 -> 110 (153)
197 -> 459 (96)
198 -> 110 (166)
198 -> 245 (18)
199 -> 29 (171)
200 -> 29 (117)
201 -> 646 (197)
202 -> 110 (121)
202 -> 114 (36)
203 -> 114 (96)
203 -> 671 (23)
204 -> 459 (129)
205 -> 705 (102)
206 -> 110 (148)
206 -> 966 (15)
207 -> 245 (153)
208 -> 245 (114)
209 -> 646 (197)
210 -> 466 (152)
211 -> 110 (133)
211 -> 459 (31)
212 -> 682 (7)
212 -> 705 (88)
213 -> 29 (174)
214 -> 29 (98)
215 -> 344 (26)
215 -> 705 (140)
216 -> 150 (33)
216 -> 646 (132)
217 -> 29 (99)
218 -> 29 (164)
218 -> 110 (6)
219 -> 110 (124)
219 -> 245 (2)
220 -> 245 (149)
221 -> 654 (167)
222 -> 114 (198)
223 -> 114 (104)
223 -> 245 (57)
224 -> 29 (131)
225 -> 110 (180)
226 -> 114 (190)
227 -> 466 (155)
227 -> 646 (18)
228 -> 110 (146)
229 -> 110 (148)
229 -> 245 (28)
230 -> 110 (182)
231 -> 654 (130)
231 -> 948 (28)
232 -> 466 (163)
233 -> 29 (161)
234 -> 114 (140)
235 -> 466 (124)
236 -> 110 (167)
237 -> 459 (164)
238 -> 646 (156)
238 -> 654 (2)
239 -> 110 (199)
240 -> 29 (150)
241 -> 114 (151)
242 -> 245 (198)
243 -> 29 (124)
244 -> 29 (199)
246 -> 29 (108)
247 -> 245 (135)
247 -> 695 (7)
248 -> 466 (187)
249 -> 110 (92)
250 -> 466 (167)
250 -> 577 (3)
250 -> 798 (4)
251 -> 110 (131)
252 -> 175 (31)
253 -> 705 (144)
254 -> 654 (165)
255 -> 31 (26)
255 -> 42 (185)
255 -> 55 (150)
255 -> 70 (154)
255 -> 80 (61)
255 -> 91 (171)
255 -> 110 (148)
255 -> 121 (124)
255 -> 141 (128)
255 -> 152 (131)
255 -> 245 (163)
255 -> 278 (101)
255 -> 292 (163)
255 -> 500 (115)
255 -> 520 (116)
255 -> 586 (125)
255 -> 618 (79)
255 -> 640 (86)
255 -> 703 (134)
255 -> 705 (136)
255 -> 720 (86)
255 -> 747 (40)
255 -> 756 (83)
255 -> 774 (105)
255 -> 779 (158)
255 -> 788 (143)
255 -> 814 (159)
255 -> 834 (188)
255 -> 835 (43)
255 -> 836 (87)
255 -> 840 (100)
255 -> 856 (46)
256 -> 466 (156)
257 -> 6 (56)
257 -> 705 (101)
257 -> 893 (31)
258 -> 245 (132)
259 -> 301 (45)
259 -> 654 (103)
260 -> 646 (158)
261 -> 245 (168)
262 -> 152 (39)
262 -> 245 (147)
262 -> 308 (6)
263 -> 646 (167)
264 -> 466 (176)
265 -> 459 (171)
265 -> 466 (15)
266 -> 245 (178)
267 -> 245 (177)
268 -> 466 (92)
269 -> 114 (161)
270 -> 459 (138)
271 -> 459 (196)
272 -> 81 (53)
272 -> 88 (190)
272 -> 90 (8)
272 -> 101 (170)
272 -> 110 (99)
272 -> 132 (199)
272 -> 137 (24)
272 -> 142 (195)
272 -> 151 (176)
272 -> 153 (193)
272 -> 157 (160)
272 -> 166 (113)
272 -> 177 (194)
272 -> 178 (142)
272 -> 215 (166)
272 -> 227 (173)
272 -> 240 (144)
272 -> 245 (197)
272 -> 260 (158)
272 -> 264 (176)
272 -> 279 (148)
272 -> 285 (95)
272 -> 294 (116)
272 -> 309 (110)
272 -> 319 (160)
272 -> 324 (70)
272 -> 325 (152)
272 -> 329 (125)
272 -> 347 (156)
272 -> 351 (155)
272 -> 352 (157)
272 -> 360 (164)
272 -> 363 (142)
272 -> 370 (122)
272 -> 373 (152)
272 -> 407 (173)
272 -> 521 (145)
272 -> 654 (199)
272 -> 676 (199)
272 -> 705 (126)
272 -> 729 (142)
272 -> 756 (91)
272 -> 840 (90)
272 -> 980 (112)
273 -> 110 (183)
274 -> 110 (152)
275 -> 29 (158)
275 -> 719 (30)
276 -> 114 (200)
277 -> 245 (118)
277 -> 459 (57)
278 -> 459 (101)
279 -> 646 (143)
279 -> 654 (5)
280 -> 646 (165)
281 -> 245 (129)
281 -> 459 (14)
282 -> 48 (13)
283 -> 29 (192)
284 -> 466 (116)
285 -> 110 (95)
286 -> 705 (200)
287 -> 114 (174)
287 -> 245 (179)
287 -> 539 (106)
287 -> 705 (148)
287 -> 795 (158)
288 -> 245 (173)
288 -> 466 (25)
289 -> 110 (177)
290 -> 654 (158)
291 -> 245 (100)
291 -> 466 (78)
292 -> 245 (163)
293 -> 29 (133)
293 -> 795 (65)
294 -> 29 (116)
296 -> 110 (156)
296 -> 459 (13)
297 -> 110 (151)
297 -> 846 (38)
298 -> 29 (185)
298 -> 110 (1)
299 -> 110 (162)
299 -> 245 (1)
300 -> 466 (49)
300 -> 473 (45)
301 -> 114 (171)
302 -> 110 (104)
302 -> 466 (53)
303 -> 114 (110)
303 -> 466 (86)
304 -> 110 (146)
304 -> 236 (37)
304 -> 607 (6)
305 -> 245 (118)
305 -> 654 (19)
306 -> 466 (144)
306 -> 654 (17)
307 -> 459 (195)
308 -> 459 (178)
309 -> 459 (110)
310 -> 466 (189)
311 -> 114 (132)
311 -> 192 (123)
311 -> 225 (180)
311 -> 605 (155)
311 -> 617 (58)
311 -> 646 (173)
311 -> 747 (136)
311 -> 772 (134)
311 -> 822 (52)
312 -> 114 (185)
313 -> 110 (175)
314 -> 44 (200)
314 -> 59 (97)
314 -> 89 (147)
314 -> 98 (151)
314 -> 114 (70)
314 -> 524 (140)
314 -> 610 (144)
314 -> 617 (105)
314 -> 618 (19)
314 -> 630 (18)
314 -> 632 (49)
314 -> 646 (193)
314 -> 705 (98)
315 -> 466 (119)
315 -> 646 (73)
316 -> 245 (189)
317 -> 29 (96)
317 -> 32 (159)
317 -> 40 (171)
317 -> 57 (168)
317 -> 58 (124)
317 -> 75 (162)
317 -> 104 (139)
317 -> 107 (38)
317 -> 130 (23)
317 -> 134 (146)
317 -> 140 (144)
317 -> 244 (117)
317 -> 245 (174)
317 -> 250 (174)
317 -> 343 (179)
317 -> 355 (128)
317 -> 417 (158)
317 -> 466 (90)
317 -> 645 (161)
317 -> 646 (80)
317 -> 755 (139)
317 -> 808 (165)
317 -> 836 (75)
317 -> 841 (90)
317 -> 853 (152)
317 -> 856 (83)
317 -> 858 (136)
317 -> 866 (100)
317 -> 867 (72)
317 -> 872 (132)
317 -> 882 (84)
317 -> 894 (56)
318 -> 466 (116)
319 -> 110 (199)
320 -> 459 (183)
321 -> 654 (173)
322 -> 245 (137)
322 -> 654 (7)
323 -> 110 (85)
323 -> 654 (69)
324 -> 114 (165)
325 -> 110 (152)
326 -> 110 (145)
327 -> 705 (178)
328 -> 245 (145)
328 -> 459 (11)
329 -> 114 (161)
330 -> 245 (148)
330 -> 459 (28)
331 -> 110 (139)
331 -> 459 (56)
332 -> 114 (117)
332 -> 963 (77)
333 -> 459 (151)
334 -> 646 (130)
335 -> 459 (177)
336 -> 110 (146)
336 -> 245 (6)
337 -> 110 (170)
337 -> 466 (28)
338 -> 466 (183)
338 -> 654 (11)
339 -> 466 (171)
340 -> 459 (184)
341 -> 114 (152)
341 -> 245 (36)
342 -> 245 (135)
343 -> 110 (179)
344 -> 110 (189)
345 -> 245 (157)
346 -> 114 (145)
346 -> 459 (77)
346 -> 639 (86)
346 -> 705 (69)
347 -> 110 (156)
348 -> 110 (120)
348 -> 654 (3)
349 -> 459 (152)
350 -> 114 (126)
351 -> 466 (190)
352 -> 459 (161)
353 -> 110 (152)
354 -> 245 (125)
355 -> 110 (177)
356 -> 110 (166)
356 -> 459 (34)
357 -> 543 (31)
358 -> 466 (169)
358 -> 809 (8)
359 -> 245 (144)
360 -> 114 (164)
361 -> 29 (155)
361 -> 654 (33)
362 -> 7 (184)
362 -> 58 (48)
362 -> 66 (148)
362 -> 78 (73)
362 -> 79 (155)
362 -> 110 (169)
362 -> 114 (193)
362 -> 120 (144)
362 -> 126 (183)
362 -> 133 (133)
362 -> 183 (135)
362 -> 197 (150)
362 -> 205 (102)
362 -> 211 (164)
362 -> 220 (102)
362 -> 222 (115)
362 -> 234 (96)
362 -> 243 (124)
362 -> 266 (178)
362 -> 276 (107)
362 -> 284 (113)
362 -> 290 (152)
362 -> 371 (117)
362 -> 381 (159)
362 -> 427 (143)
362 -> 448 (107)
362 -> 459 (103)
362 -> 527 (188)
362 -> 732 (153)
362 -> 977 (173)
363 -> 110 (189)
364 -> 114 (139)
364 -> 245 (42)
365 -> 459 (114)
365 -> 846 (22)
366 -> 245 (178)
368 -> 29 (174)
368 -> 466 (12)
369 -> 110 (132)
369 -> 388 (6)
370 -> 245 (183)
371 -> 110 (198)
372 -> 110 (123)
372 -> 329 (36)
373 -> 646 (197)
374 -> 245 (176)
375 -> 114 (116)
376 -> 29 (167)
377 -> 245 (176)
378 -> 459 (155)
379 -> 646 (158)
380 -> 459 (168)
381 -> 110 (159)
382 -> 284 (3)
382 -> 795 (153)
383 -> 654 (151)
384 -> 29 (123)
384 -> 96 (181)
384 -> 110 (98)
384 -> 114 (176)
384 -> 116 (171)
384 -> 136 (4)
384 -> 147 (122)
384 -> 148 (194)
384 -> 158 (170)
384 -> 168 (12)
384 -> 169 (128)
384 -> 187 (177)
384 -> 199 (171)
384 -> 213 (174)
384 -> 280 (165)
384 -> 282 (13)
384 -> 283 (138)
384 -> 286 (155)
384 -> 291 (178)
384 -> 293 (198)
384 -> 302 (157)
384 -> 310 (152)
384 -> 323 (154)
384 -> 334 (121)
384 -> 339 (171)
384 -> 349 (152)
384 -> 353 (123)
384 -> 354 (125)
384 -> 358 (177)
384 -> 359 (144)
384 -> 368 (186)
384 -> 386 (192)
384 -> 396 (187)
384 -> 402 (179)
384 -> 411 (187)
384 -> 412 (171)
384 -> 421 (180)
384 -> 431 (149)
384 -> 446 (166)
384 -> 451 (188)
384 -> 460 (127)
384 -> 470 (192)
384 -> 475 (192)
384 -> 476 (105)
384 -> 486 (178)
384 -> 575 (152)
384 -> 589 (123)
384 -> 646 (116)
384 -> 654 (137)
384 -> 702 (129)
384 -> 766 (146)
384 -> 773 (12)
384 -> 795 (115)
384 -> 854 (136)
384 -> 857 (180)
384 -> 862 (159)
384 -> 880 (147)
384 -> 900 (90)
384 -> 911 (75)
384 -> 930 (139)
385 -> 466 (25)
386 -> 245 (183)
386 -> 445 (9)
387 -> 110 (110)
388 -> 29 (159)
389 -> 110 (182)
390 -> 245 (107)
390 -> 830 (20)
391 -> 110 (108)
392 -> 54 (30)
392 -> 110 (149)
393 -> 705 (179)
393 -> 797 (15)
394 -> 466 (167)
395 -> 110 (173)
396 -> 29 (179)
396 -> 245 (8)
397 -> 245 (155)
398 -> 705 (158)
399 -> 459 (135)
399 -> 705 (26)
400 -> 527 (4)
400 -> 654 (119)
401 -> 795 (175)
402 -> 214 (34)
402 -> 245 (145)
403 -> 705 (181)
405 -> 114 (108)
405 -> 654 (78)
406 -> 459 (103)
406 -> 705 (83)
407 -> 114 (161)
407 -> 900 (12)
408 -> 110 (150)
408 -> 459 (48)
409 -> 29 (135)
409 -> 110 (57)
410 -> 245 (176)
411 -> 30 (6)
411 -> 795 (181)
412 -> 29 (171)
413 -> 245 (105)
413 -> 335 (44)
413 -> 701 (42)
414 -> 245 (116)
415 -> 466 (106)
415 -> 646 (15)
416 -> 705 (166)
417 -> 654 (187)
418 -> 114 (135)
418 -> 646 (35)
419 -> 466 (142)
419 -> 654 (52)
420 -> 459 (110)
420 -> 646 (9)
421 -> 30 (9)
421 -> 114 (105)
421 -> 128 (66)
422 -> 795 (151)
423 -> 245 (199)
424 -> 245 (123)
425 -> 114 (73)
425 -> 646 (125)
426 -> 456 (45)
427 -> 646 (144)
428 -> 795 (157)
429 -> 110 (164)
429 -> 245 (10)
430 -> 114 (186)
430 -> 654 (13)
431 -> 110 (149)
432 -> 110 (191)
433 -> 110 (150)
433 -> 245 (12)
434 -> 466 (182)
435 -> 49 (159)
435 -> 67 (171)
435 -> 104 (36)
435 -> 117 (183)
435 -> 245 (131)
435 -> 389 (164)
435 -> 416 (166)
435 -> 432 (111)
435 -> 480 (51)
435 -> 517 (4)
435 -> 705 (194)
435 -> 795 (114)
436 -> 459 (164)
437 -> 245 (124)
437 -> 646 (12)
438 -> 466 (107)
439 -> 110 (171)
439 -> 472 (12)
440 -> 73 (190)
440 -> 89 (32)
440 -> 109 (139)
440 -> 158 (5)
440 -> 218 (170)
440 -> 219 (126)
440 -> 224 (131)
440 -> 251 (131)
440 -> 267 (177)
440 -> 271 (182)
440 -> 275 (188)
440 -> 308 (172)
440 -> 316 (169)
440 -> 335 (133)
440 -> 344 (121)
440 -> 495 (170)
440 -> 750 (110)
440 -> 905 (173)
440 -> 948 (144)
441 -> 245 (184)
442 -> 245 (172)
443 -> 459 (132)
443 -> 466 (54)
444 -> 110 (168)
445 -> 110 (200)
446 -> 459 (183)
447 -> 110 (197)
448 -> 654 (192)
449 -> 459 (116)
450 -> 646 (133)
450 -> 654 (29)
451 -> 795 (188)
452 -> 705 (141)
453 -> 705 (182)
453 -> 900 (18)
454 -> 245 (186)
455 -> 110 (185)
456 -> 245 (148)
457 -> 646 (143)
458 -> 459 (100)
458 -> 831 (22)
460 -> 110 (197)
461 -> 110 (195)
462 -> 654 (154)
464 -> 110 (115)
464 -> 646 (39)
465 -> 654 (200)
467 -> 795 (198)
468 -> 646 (168)
469 -> 110 (155)
469 -> 466 (24)
470 -> 110 (166)
470 -> 582 (26)
471 -> 459 (192)
472 -> 646 (200)
473 -> 466 (182)
474 -> 245 (189)
475 -> 459 (198)
476 -> 110 (154)
477 -> 466 (139)
478 -> 3 (57)
478 -> 49 (19)
478 -> 69 (15)
478 -> 74 (178)
478 -> 96 (7)
478 -> 110 (166)
478 -> 165 (170)
478 -> 172 (163)
478 -> 236 (130)
478 -> 239 (165)
478 -> 268 (92)
478 -> 270 (138)
478 -> 276 (93)
478 -> 306 (161)
478 -> 383 (151)
478 -> 391 (108)
478 -> 393 (194)
478 -> 398 (102)
478 -> 423 (129)
478 -> 595 (103)
478 -> 635 (88)
478 -> 788 (31)
479 -> 110 (148)
480 -> 705 (180)
482 -> 114 (176)
482 -> 245 (23)
483 -> 245 (184)
484 -> 110 (185)
485 -> 466 (126)
486 -> 245 (186)
487 -> 29 (196)
487 -> 110 (166)
487 -> 114 (191)
487 -> 455 (184)
487 -> 611 (164)
487 -> 795 (151)
488 -> 245 (114)
488 -> 705 (33)
489 -> 334 (9)
489 -> 705 (151)
490 -> 110 (183)
491 -> 159 (100)
491 -> 165 (30)
491 -> 217 (99)
491 -> 223 (161)
491 -> 231 (158)
491 -> 235 (124)
491 -> 239 (34)
491 -> 245 (166)
491 -> 265 (186)
491 -> 269 (161)
491 -> 298 (186)
491 -> 321 (120)
491 -> 327 (115)
491 -> 332 (194)
491 -> 348 (123)
491 -> 375 (116)
491 -> 388 (153)
491 -> 395 (135)
491 -> 409 (192)
491 -> 410 (176)
491 -> 418 (170)
491 -> 444 (168)
491 -> 445 (191)
491 -> 447 (100)
491 -> 449 (116)
491 -> 453 (200)
491 -> 457 (110)
491 -> 479 (148)
491 -> 484 (147)
491 -> 517 (123)
491 -> 528 (123)
491 -> 541 (144)
491 -> 543 (153)
491 -> 559 (154)
491 -> 560 (173)
491 -> 561 (189)
491 -> 572 (104)
491 -> 582 (100)
491 -> 584 (160)
491 -> 590 (134)
491 -> 606 (167)
491 -> 607 (121)
491 -> 642 (163)
491 -> 646 (149)
491 -> 649 (161)
491 -> 650 (119)
491 -> 653 (181)
491 -> 654 (173)
491 -> 715 (148)
491 -> 746 (93)
491 -> 765 (166)
491 -> 860 (183)
491 -> 928 (153)
492 -> 654 (165)
493 -> 654 (151)
494 -> 110 (160)
495 -> 459 (170)
496 -> 705 (169)
497 -> 466 (130)
498 -> 114 (117)
499 -> 466 (119)
500 -> 245 (194)
501 -> 102 (5)
501 -> 135 (79)
501 -> 183 (36)
501 -> 191 (54)
501 -> 193 (182)
501 -> 238 (158)
501 -> 245 (186)
501 -> 254 (165)
501 -> 261 (168)
501 -> 263 (167)
501 -> 273 (132)
501 -> 277 (175)
501 -> 297 (189)
501 -> 301 (108)
501 -> 311 (14)
501 -> 328 (156)
501 -> 365 (136)
501 -> 376 (167)
501 -> 379 (135)
501 -> 387 (110)
501 -> 399 (161)
501 -> 434 (15)
501 -> 461 (151)
501 -> 471 (8)
501 -> 500 (79)
501 -> 504 (191)
501 -> 506 (137)
501 -> 513 (163)
501 -> 532 (147)
501 -> 549 (135)
501 -> 574 (114)
501 -> 585 (192)
501 -> 588 (170)
501 -> 594 (171)
501 -> 605 (16)
501 -> 614 (165)
501 -> 627 (122)
501 -> 628 (94)
501 -> 637 (190)
501 -> 640 (98)
501 -> 737 (193)
501 -> 746 (86)
501 -> 750 (89)
501 -> 757 (137)
501 -> 856 (45)
501 -> 888 (144)
501 -> 931 (119)
502 -> 459 (166)
503 -> 245 (198)
504 -> 114 (170)
504 -> 654 (21)
505 -> 245 (127)
506 -> 110 (137)
507 -> 466 (122)
507 -> 654 (23)
508 -> 110 (165)
508 -> 466 (19)
509 -> 127 (109)
509 -> 159 (82)
509 -> 171 (173)
509 -> 196 (158)
509 -> 228 (146)
509 -> 242 (198)
509 -> 274 (152)
509 -> 296 (169)
509 -> 305 (137)
509 -> 333 (151)
509 -> 380 (168)
509 -> 466 (166)
509 -> 525 (99)
509 -> 538 (166)
509 -> 661 (194)
509 -> 705 (127)
509 -> 844 (64)
509 -> 867 (97)
509 -> 937 (171)
510 -> 114 (140)
511 -> 244 (82)
511 -> 679 (101)
512 -> 110 (99)
512 -> 370 (61)
513 -> 466 (163)
514 -> 459 (157)
515 -> 466 (144)
516 -> 654 (193)
517 -> 459 (187)
518 -> 646 (194)
519 -> 459 (174)
520 -> 110 (154)
521 -> 110 (194)
522 -> 795 (200)
523 -> 110 (113)
523 -> 245 (59)
524 -> 110 (182)
525 -> 459 (198)
526 -> 646 (121)
527 -> 110 (192)
528 -> 110 (195)
529 -> 654 (122)
530 -> 245 (140)
531 -> 646 (176)
532 -> 245 (173)
533 -> 245 (180)
534 -> 110 (160)
534 -> 459 (32)
535 -> 705 (189)
536 -> 110 (180)
536 -> 245 (6)
538 -> 29 (145)
538 -> 110 (21)
539 -> 245 (106)
540 -> 110 (163)
540 -> 642 (19)
541 -> 466 (192)
542 -> 459 (100)
542 -> 627 (62)
543 -> 646 (184)
544 -> 245 (150)
544 -> 371 (32)
545 -> 160 (35)
545 -> 371 (49)
546 -> 245 (157)
547 -> 646 (146)
548 -> 628 (37)
548 -> 795 (117)
549 -> 466 (135)
550 -> 110 (196)
551 -> 528 (57)
551 -> 795 (142)
552 -> 290 (6)
552 -> 459 (109)
553 -> 646 (179)
554 -> 646 (121)
554 -> 705 (26)
555 -> 29 (131)
555 -> 184 (121)
555 -> 237 (164)
555 -> 245 (109)
555 -> 281 (143)
555 -> 303 (196)
555 -> 315 (192)
555 -> 336 (152)
555 -> 341 (188)
555 -> 369 (138)
555 -> 456 (103)
555 -> 465 (170)
555 -> 483 (184)
555 -> 492 (130)
555 -> 512 (160)
555 -> 518 (156)
555 -> 542 (162)
555 -> 548 (154)
555 -> 565 (190)
555 -> 616 (148)
555 -> 630 (148)
555 -> 646 (98)
555 -> 654 (135)
555 -> 741 (135)
555 -> 786 (89)
555 -> 795 (181)
555 -> 890 (102)
555 -> 905 (6)
555 -> 986 (149)
556 -> 654 (175)
557 -> 245 (195)
558 -> 654 (177)
559 -> 466 (154)
560 -> 110 (177)
561 -> 110 (189)
562 -> 245 (108)
563 -> 245 (145)
564 -> 459 (121)
564 -> 646 (16)
565 -> 459 (138)
565 -> 907 (52)
566 -> 646 (111)
567 -> 417 (29)
567 -> 795 (143)
568 -> 29 (95)
568 -> 66 (24)
568 -> 110 (96)
568 -> 114 (122)
568 -> 182 (191)
568 -> 245 (105)
568 -> 330 (176)
568 -> 337 (198)
568 -> 345 (157)
568 -> 372 (159)
568 -> 403 (139)
568 -> 419 (194)
568 -> 437 (136)
568 -> 466 (174)
568 -> 503 (169)
568 -> 505 (127)
568 -> 522 (167)
568 -> 523 (172)
568 -> 556 (130)
568 -> 562 (108)
568 -> 571 (135)
568 -> 576 (168)
568 -> 580 (183)
568 -> 609 (176)
568 -> 645 (39)
568 -> 651 (137)
568 -> 689 (111)
568 -> 705 (78)
568 -> 707 (98)
568 -> 713 (164)
568 -> 722 (120)
568 -> 733 (170)
568 -> 781 (71)
568 -> 792 (76)
568 -> 795 (130)
568 -> 798 (137)
568 -> 823 (105)
568 -> 899 (120)
568 -> 932 (122)
568 -> 939 (149)
569 -> 654 (136)
570 -> 466 (135)
571 -> 110 (157)
572 -> 110 (150)
573 -> 459 (139)
574 -> 459 (186)
575 -> 459 (152)
576 -> 705 (168)
577 -> 110 (141)
578 -> 466 (177)
579 -> 114 (184)
579 -> 646 (9)
580 -> 29 (132)
580 -> 273 (51)
581 -> 459 (110)
581 -> 913 (32)
582 -> 459 (172)
583 -> 220 (47)
583 -> 233 (44)
584 -> 30 (14)
584 -> 705 (146)
585 -> 245 (166)
585 -> 629 (26)
586 -> 245 (169)
587 -> 110 (135)
588 -> 245 (170)
589 -> 245 (189)
590 -> 114 (96)
590 -> 785 (38)
591 -> 466 (172)
592 -> 245 (195)
593 -> 110 (102)
594 -> 114 (90)
594 -> 426 (45)
594 -> 790 (36)
595 -> 245 (192)
596 -> 646 (152)
597 -> 6 (9)
597 -> 340 (27)
597 -> 442 (14)
597 -> 705 (105)
598 -> 466 (93)
599 -> 432 (57)
599 -> 466 (102)
599 -> 569 (21)
600 -> 110 (152)
600 -> 234 (44)
601 -> 110 (144)
602 -> 114 (174)
602 -> 127 (89)
602 -> 221 (167)
602 -> 226 (190)
602 -> 245 (90)
602 -> 253 (144)
602 -> 288 (198)
602 -> 364 (181)
602 -> 430 (199)
602 -> 467 (176)
602 -> 488 (147)
602 -> 490 (64)
602 -> 510 (140)
602 -> 526 (121)
602 -> 531 (16)
602 -> 544 (182)
602 -> 577 (138)
602 -> 619 (152)
602 -> 626 (192)
602 -> 646 (147)
602 -> 654 (132)
602 -> 667 (145)
602 -> 682 (115)
602 -> 718 (186)
602 -> 785 (108)
603 -> 110 (123)
603 -> 432 (23)
604 -> 654 (169)
605 -> 459 (171)
606 -> 252 (31)
606 -> 654 (136)
607 -> 245 (187)
608 -> 110 (152)
609 -> 705 (176)
610 -> 654 (187)
611 -> 603 (146)
611 -> 953 (18)
612 -> 245 (157)
613 -> 245 (113)
613 -> 459 (76)
614 -> 466 (143)
614 -> 628 (22)
615 -> 114 (92)
615 -> 154 (189)
615 -> 245 (151)
615 -> 322 (144)
615 -> 378 (155)
615 -> 401 (167)
615 -> 415 (121)
615 -> 420 (119)
615 -> 459 (121)
615 -> 593 (102)
615 -> 632 (68)
615 -> 654 (88)
615 -> 664 (174)
615 -> 705 (134)
615 -> 764 (141)
615 -> 795 (196)
615 -> 801 (150)
615 -> 802 (70)
615 -> 806 (177)
615 -> 810 (24)
615 -> 818 (62)
616 -> 110 (148)
617 -> 654 (163)
618 -> 459 (176)
619 -> 466 (152)
620 -> 646 (187)
621 -> 110 (138)
621 -> 895 (33)
622 -> 466 (142)
623 -> 17 (46)
623 -> 114 (122)
623 -> 245 (190)
623 -> 299 (163)
623 -> 326 (145)
623 -> 425 (198)
623 -> 428 (157)
623 -> 450 (162)
623 -> 462 (154)
623 -> 464 (154)
623 -> 472 (148)
623 -> 482 (199)
623 -> 498 (117)
623 -> 525 (99)
623 -> 533 (79)
623 -> 557 (110)
623 -> 579 (193)
623 -> 595 (89)
623 -> 610 (12)
623 -> 620 (161)
623 -> 625 (116)
623 -> 654 (89)
623 -> 657 (169)
623 -> 706 (170)
623 -> 729 (32)
623 -> 742 (182)
623 -> 759 (180)
623 -> 770 (104)
623 -> 774 (90)
623 -> 794 (113)
623 -> 795 (151)
623 -> 810 (118)
623 -> 811 (141)
623 -> 846 (134)
623 -> 847 (90)
623 -> 861 (77)
623 -> 871 (171)
623 -> 960 (189)
624 -> 459 (194)
625 -> 705 (160)
626 -> 646 (135)
626 -> 830 (57)
627 -> 245 (184)
628 -> 245 (153)
629 -> 777 (173)
630 -> 245 (191)
631 -> 245 (87)
632 -> 245 (199)
633 -> 646 (180)
634 -> 646 (131)
635 -> 459 (198)
636 -> 245 (117)
636 -> 654 (54)
637 -> 110 (139)
637 -> 725 (51)
638 -> 646 (116)
639 -> 705 (169)
640 -> 646 (195)
641 -> 110 (172)
642 -> 466 (182)
643 -> 29 (16)
644 -> 110 (177)
644 -> 654 (17)
645 -> 245 (200)
647 -> 110 (156)
647 -> 245 (34)
648 -> 654 (186)
649 -> 245 (136)
649 -> 357 (25)
650 -> 466 (161)
651 -> 459 (183)
652 -> 192 (74)
652 -> 654 (105)
652 -> 886 (19)
653 -> 230 (73)
653 -> 521 (49)
653 -> 748 (27)
653 -> 900 (32)
655 -> 646 (135)
655 -> 654 (36)
656 -> 466 (131)
657 -> 110 (185)
658 -> 466 (96)
659 -> 110 (91)
659 -> 405 (186)
659 -> 408 (198)
659 -> 443 (186)
659 -> 466 (175)
659 -> 473 (137)
659 -> 499 (119)
659 -> 534 (192)
659 -> 546 (157)
659 -> 554 (147)
659 -> 564 (137)
659 -> 573 (139)
659 -> 592 (195)
659 -> 604 (63)
659 -> 646 (127)
659 -> 694 (137)
659 -> 705 (75)
659 -> 712 (180)
659 -> 744 (183)
659 -> 754 (159)
659 -> 763 (175)
659 -> 768 (186)
659 -> 787 (134)
659 -> 795 (122)
659 -> 812 (185)
659 -> 817 (150)
659 -> 859 (175)
659 -> 872 (53)
659 -> 887 (161)
659 -> 901 (135)
659 -> 943 (159)
659 -> 954 (52)
659 -> 965 (184)
659 -> 980 (78)
660 -> 110 (185)
660 -> 245 (123)
660 -> 289 (177)
660 -> 361 (188)
660 -> 406 (186)
660 -> 459 (182)
660 -> 466 (91)
660 -> 541 (48)
660 -> 558 (49)
660 -> 569 (115)
660 -> 638 (116)
660 -> 646 (178)
660 -> 656 (131)
660 -> 684 (185)
660 -> 699 (139)
660 -> 705 (110)
660 -> 711 (116)
660 -> 740 (177)
660 -> 873 (177)
660 -> 883 (101)
660 -> 884 (188)
660 -> 898 (137)
660 -> 919 (117)
660 -> 923 (106)
660 -> 939 (13)
660 -> 978 (116)
661 -> 245 (190)
661 -> 643 (4)
662 -> 301 (18)
662 -> 459 (138)
663 -> 245 (164)
663 -> 459 (23)
664 -> 705 (174)
665 -> 459 (170)
666 -> 245 (166)
667 -> 646 (172)
668 -> 459 (96)
669 -> 110 (142)
669 -> 654 (36)
671 -> 459 (163)
672 -> 459 (129)
672 -> 466 (61)
673 -> 459 (129)
674 -> 110 (181)
675 -> 671 (140)
676 -> 459 (170)
676 -> 868 (6)
676 -> 886 (14)
676 -> 947 (9)
677 -> 401 (8)
677 -> 679 (43)
677 -> 707 (30)
677 -> 967 (23)
678 -> 29 (157)
678 -> 53 (181)
678 -> 110 (92)
678 -> 307 (195)
678 -> 374 (176)
678 -> 459 (153)
678 -> 468 (168)
678 -> 524 (42)
678 -> 556 (45)
678 -> 566 (111)
678 -> 570 (135)
678 -> 646 (187)
678 -> 654 (150)
678 -> 663 (187)
678 -> 673 (129)
678 -> 723 (98)
678 -> 741 (48)
678 -> 770 (90)
678 -> 781 (109)
678 -> 818 (122)
678 -> 890 (92)
678 -> 893 (122)
678 -> 902 (194)
678 -> 909 (198)
678 -> 912 (183)
678 -> 923 (11)
678 -> 925 (158)
678 -> 957 (150)
678 -> 959 (122)
679 -> 110 (155)
680 -> 110 (77)
680 -> 654 (47)
681 -> 12 (38)
681 -> 169 (43)
681 -> 646 (95)
682 -> 466 (145)
683 -> 245 (117)
683 -> 646 (11)
684 -> 459 (121)
684 -> 705 (64)
685 -> 245 (157)
686 -> 646 (182)
687 -> 56 (83)
687 -> 110 (113)
687 -> 114 (70)
687 -> 198 (184)
687 -> 338 (194)
687 -> 342 (135)
687 -> 356 (200)
687 -> 424 (112)
687 -> 433 (162)
687 -> 436 (164)
687 -> 447 (97)
687 -> 466 (188)
687 -> 469 (179)
687 -> 563 (145)
687 -> 572 (46)
687 -> 622 (142)
687 -> 624 (172)
687 -> 633 (180)
687 -> 636 (171)
687 -> 646 (118)
687 -> 654 (125)
687 -> 655 (171)
687 -> 658 (96)
687 -> 666 (166)
687 -> 681 (176)
687 -> 685 (157)
687 -> 699 (52)
687 -> 705 (13)
687 -> 721 (95)
687 -> 728 (96)
687 -> 733 (2)
687 -> 792 (81)
687 -> 847 (103)
687 -> 889 (173)
687 -> 894 (137)
687 -> 906 (156)
687 -> 916 (119)
687 -> 952 (97)
687 -> 972 (148)
688 -> 245 (131)
688 -> 466 (30)
689 -> 466 (197)
690 -> 654 (114)
691 -> 110 (97)
691 -> 646 (95)
692 -> 459 (59)
693 -> 907 (148)
694 -> 654 (118)
694 -> 962 (19)
695 -> 654 (172)
696 -> 110 (104)
697 -> 245 (131)
697 -> 646 (65)
698 -> 41 (28)
698 -> 110 (37)
698 -> 245 (63)
698 -> 286 (45)
698 -> 319 (39)
698 -> 320 (165)
698 -> 366 (178)
698 -> 389 (18)
698 -> 390 (127)
698 -> 438 (107)
698 -> 459 (67)
698 -> 460 (70)
698 -> 597 (155)
698 -> 629 (147)
698 -> 646 (2)
698 -> 650 (42)
698 -> 654 (165)
698 -> 668 (96)
698 -> 672 (190)
698 -> 683 (128)
698 -> 690 (114)
698 -> 704 (102)
698 -> 710 (150)
698 -> 738 (192)
698 -> 761 (137)
698 -> 796 (144)
698 -> 800 (167)
698 -> 816 (164)
698 -> 845 (122)
698 -> 877 (57)
698 -> 897 (169)
698 -> 921 (70)
698 -> 936 (86)
698 -> 940 (182)
698 -> 942 (83)
698 -> 944 (167)
698 -> 958 (127)
698 -> 964 (182)
699 -> 705 (191)
700 -> 459 (157)
700 -> 654 (41)
701 -> 245 (125)
702 -> 245 (193)
703 -> 466 (134)
704 -> 654 (102)
706 -> 466 (193)
707 -> 110 (128)
709 -> 646 (193)
710 -> 110 (108)
710 -> 466 (42)
711 -> 705 (196)
712 -> 245 (180)
713 -> 110 (120)
713 -> 357 (6)
713 -> 518 (38)
714 -> 344 (42)
714 -> 654 (112)
715 -> 110 (159)
716 -> 654 (130)
717 -> 110 (159)
717 -> 114 (136)
717 -> 363 (47)
717 -> 459 (150)
717 -> 493 (100)
717 -> 598 (93)
717 -> 613 (189)
717 -> 641 (172)
717 -> 654 (83)
717 -> 669 (178)
717 -> 680 (124)
717 -> 696 (104)
717 -> 705 (164)
717 -> 760 (121)
717 -> 794 (44)
717 -> 795 (165)
717 -> 803 (157)
717 -> 822 (146)
717 -> 832 (200)
717 -> 885 (175)
717 -> 889 (17)
717 -> 919 (78)
717 -> 981 (133)
718 -> 795 (186)
719 -> 114 (30)
720 -> 654 (170)
721 -> 654 (95)
722 -> 705 (128)
723 -> 705 (98)
724 -> 245 (113)
725 -> 654 (191)
726 -> 795 (118)
727 -> 195 (54)
728 -> 705 (96)
729 -> 705 (174)
730 -> 110 (144)
730 -> 625 (44)
731 -> 110 (194)
732 -> 320 (13)
732 -> 459 (140)
733 -> 110 (172)
734 -> 194 (178)
735 -> 654 (154)
736 -> 466 (90)
736 -> 654 (102)
737 -> 110 (110)
737 -> 870 (83)
738 -> 646 (165)
738 -> 705 (27)
739 -> 29 (180)
739 -> 110 (173)
739 -> 229 (176)
739 -> 310 (37)
739 -> 414 (116)
739 -> 507 (145)
739 -> 536 (186)
739 -> 560 (4)
739 -> 647 (190)
739 -> 675 (140)
739 -> 686 (182)
739 -> 691 (192)
739 -> 695 (165)
739 -> 705 (78)
739 -> 769 (163)
739 -> 795 (90)
739 -> 861 (39)
739 -> 863 (195)
739 -> 874 (117)
739 -> 881 (98)
739 -> 908 (156)
739 -> 914 (189)
739 -> 933 (159)
739 -> 959 (40)
739 -> 967 (177)
739 -> 986 (18)
739 -> 990 (169)
739 -> 994 (148)
740 -> 114 (177)
741 -> 110 (183)
742 -> 466 (182)
743 -> 245 (127)
744 -> 245 (198)
745 -> 114 (147)
746 -> 245 (179)
747 -> 466 (176)
748 -> 999 (150)
749 -> 33 (18)
749 -> 122 (19)
749 -> 146 (6)
749 -> 233 (2)
749 -> 679 (11)
750 -> 705 (199)
751 -> 476 (5)
751 -> 547 (49)
751 -> 968 (18)
753 -> 110 (108)
753 -> 646 (58)
754 -> 245 (173)
755 -> 245 (180)
756 -> 466 (174)
757 -> 110 (135)
757 -> 900 (2)
758 -> 245 (105)
759 -> 29 (130)
759 -> 245 (50)
760 -> 245 (178)
761 -> 114 (137)
762 -> 459 (84)
763 -> 646 (175)
764 -> 110 (141)
765 -> 110 (148)
765 -> 887 (9)
765 -> 900 (9)
766 -> 466 (179)
767 -> 459 (171)
768 -> 245 (186)
769 -> 654 (145)
769 -> 797 (18)
770 -> 110 (194)
771 -> 245 (181)
771 -> 313 (175)
771 -> 331 (195)
771 -> 422 (151)
771 -> 429 (174)
771 -> 545 (84)
771 -> 654 (151)
771 -> 667 (27)
771 -> 689 (86)
771 -> 711 (80)
771 -> 727 (54)
771 -> 782 (111)
771 -> 817 (39)
771 -> 828 (192)
771 -> 929 (178)
771 -> 968 (170)
771 -> 985 (125)
771 -> 997 (88)
772 -> 459 (120)
772 -> 528 (14)
773 -> 646 (171)
774 -> 466 (195)
775 -> 110 (158)
776 -> 110 (152)
777 -> 646 (135)
777 -> 654 (38)
778 -> 466 (185)
778 -> 646 (13)
779 -> 466 (158)
780 -> 529 (122)
780 -> 654 (167)
780 -> 985 (39)
781 -> 705 (180)
782 -> 459 (100)
782 -> 654 (11)
783 -> 811 (46)
785 -> 654 (146)
786 -> 466 (89)
787 -> 110 (134)
788 -> 245 (174)
789 -> 110 (190)
790 -> 492 (35)
790 -> 528 (1)
791 -> 300 (94)
792 -> 466 (157)
793 -> 705 (127)
794 -> 110 (157)
796 -> 110 (108)
796 -> 245 (36)
797 -> 110 (176)
798 -> 110 (141)
799 -> 110 (190)
799 -> 646 (1)
800 -> 459 (166)
800 -> 654 (1)
801 -> 654 (150)
802 -> 459 (196)
803 -> 110 (151)
803 -> 459 (6)
804 -> 340 (157)
804 -> 379 (23)
804 -> 394 (167)
804 -> 446 (17)
804 -> 646 (119)
804 -> 665 (34)
804 -> 705 (93)
804 -> 722 (8)
804 -> 755 (41)
804 -> 776 (152)
804 -> 795 (170)
804 -> 799 (191)
804 -> 827 (197)
804 -> 855 (173)
804 -> 869 (170)
804 -> 892 (58)
804 -> 913 (107)
804 -> 943 (25)
804 -> 956 (118)
804 -> 958 (73)
804 -> 996 (161)
804 -> 997 (29)
805 -> 312 (28)
805 -> 466 (81)
805 -> 589 (66)
806 -> 646 (189)
807 -> 654 (135)
807 -> 705 (33)
808 -> 459 (185)
809 -> 654 (8)
810 -> 110 (194)
811 -> 110 (187)
812 -> 114 (120)
812 -> 705 (65)
813 -> 29 (189)
813 -> 110 (63)
813 -> 113 (158)
813 -> 114 (170)
813 -> 245 (156)
813 -> 271 (14)
813 -> 373 (45)
813 -> 400 (123)
813 -> 467 (22)
813 -> 477 (139)
813 -> 485 (126)
813 -> 511 (183)
813 -> 514 (39)
813 -> 567 (172)
813 -> 621 (171)
813 -> 646 (125)
813 -> 654 (69)
813 -> 674 (88)
813 -> 736 (192)
813 -> 743 (127)
813 -> 797 (143)
813 -> 805 (175)
813 -> 815 (194)
813 -> 826 (199)
813 -> 850 (171)
813 -> 865 (176)
813 -> 915 (187)
813 -> 917 (142)
813 -> 924 (134)
813 -> 945 (70)
813 -> 962 (163)
813 -> 989 (200)
814 -> 245 (159)
815 -> 110 (193)
815 -> 459 (1)
816 -> 466 (164)
817 -> 110 (189)
818 -> 466 (184)
819 -> 110 (74)
820 -> 110 (172)
820 -> 654 (17)
821 -> 442 (31)
821 -> 466 (148)
822 -> 646 (198)
823 -> 245 (105)
824 -> 30 (163)
824 -> 110 (110)
824 -> 114 (176)
824 -> 144 (133)
824 -> 176 (17)
824 -> 397 (155)
824 -> 427 (1)
824 -> 461 (44)
824 -> 466 (83)
824 -> 475 (6)
824 -> 484 (38)
824 -> 494 (160)
824 -> 530 (140)
824 -> 553 (179)
824 -> 571 (22)
824 -> 581 (142)
824 -> 600 (196)
824 -> 693 (148)
824 -> 705 (75)
824 -> 726 (118)
824 -> 748 (123)
824 -> 762 (84)
824 -> 775 (158)
824 -> 783 (46)
824 -> 795 (117)
824 -> 820 (189)
824 -> 837 (198)
824 -> 848 (16)
824 -> 851 (148)
824 -> 866 (58)
824 -> 886 (156)
824 -> 927 (183)
824 -> 934 (138)
824 -> 938 (170)
824 -> 941 (199)
824 -> 961 (175)
824 -> 983 (181)
824 -> 984 (135)
824 -> 987 (150)
825 -> 29 (124)
825 -> 114 (196)
825 -> 245 (133)
825 -> 540 (182)
825 -> 697 (196)
825 -> 705 (183)
826 -> 459 (134)
826 -> 466 (65)
827 -> 212 (95)
827 -> 245 (102)
828 -> 110 (125)
828 -> 654 (67)
830 -> 459 (77)
831 -> 654 (162)
832 -> 245 (157)
832 -> 654 (43)
833 -> 29 (147)
833 -> 110 (175)
833 -> 114 (72)
833 -> 245 (49)
833 -> 259 (148)
833 -> 448 (85)
833 -> 480 (129)
833 -> 517 (60)
833 -> 519 (96)
833 -> 578 (5)
833 -> 631 (87)
833 -> 639 (83)
833 -> 644 (194)
833 -> 648 (186)
833 -> 651 (46)
833 -> 700 (198)
833 -> 724 (14)
833 -> 795 (139)
833 -> 843 (173)
833 -> 864 (167)
833 -> 903 (150)
833 -> 926 (102)
833 -> 946 (131)
833 -> 955 (190)
833 -> 973 (186)
834 -> 459 (188)
835 -> 646 (156)
836 -> 245 (162)
837 -> 245 (150)
837 -> 459 (48)
838 -> 110 (122)
838 -> 654 (35)
839 -> 5 (33)
839 -> 110 (71)
839 -> 114 (110)
839 -> 146 (92)
839 -> 201 (111)
839 -> 452 (106)
839 -> 557 (85)
839 -> 654 (128)
839 -> 705 (192)
839 -> 725 (124)
839 -> 734 (178)
839 -> 745 (107)
839 -> 795 (190)
839 -> 838 (157)
839 -> 920 (181)
839 -> 930 (23)
839 -> 952 (88)
839 -> 976 (164)
840 -> 110 (190)
841 -> 110 (182)
842 -> 466 (183)
843 -> 114 (162)
843 -> 245 (11)
844 -> 189 (64)
845 -> 705 (122)
846 -> 459 (194)
847 -> 459 (193)
848 -> 459 (124)
849 -> 459 (187)
850 -> 245 (118)
850 -> 705 (53)
851 -> 705 (148)
852 -> 287 (162)
852 -> 314 (48)
852 -> 316 (20)
852 -> 321 (53)
852 -> 392 (179)
852 -> 439 (183)
852 -> 466 (29)
852 -> 508 (184)
852 -> 515 (144)
852 -> 516 (100)
852 -> 547 (97)
852 -> 583 (91)
852 -> 601 (142)
852 -> 646 (106)
852 -> 654 (61)
852 -> 705 (114)
852 -> 709 (193)
852 -> 751 (72)
852 -> 806 (12)
852 -> 810 (52)
852 -> 879 (140)
852 -> 966 (168)
852 -> 988 (148)
853 -> 459 (152)
854 -> 459 (136)
855 -> 382 (156)
855 -> 933 (17)
856 -> 654 (174)
857 -> 312 (157)
857 -> 424 (11)
857 -> 442 (12)
858 -> 646 (172)
859 -> 705 (175)
860 -> 582 (46)
860 -> 654 (137)
861 -> 110 (116)
862 -> 110 (122)
862 -> 320 (5)
862 -> 706 (23)
862 -> 900 (9)
863 -> 351 (35)
863 -> 646 (160)
864 -> 646 (167)
865 -> 245 (159)
865 -> 646 (17)
866 -> 245 (158)
867 -> 466 (169)
868 -> 110 (190)
869 -> 646 (170)
870 -> 114 (83)
871 -> 466 (171)
872 -> 110 (185)
873 -> 110 (177)
874 -> 705 (117)
875 -> 240 (6)
875 -> 245 (5)
875 -> 452 (35)
875 -> 454 (186)
875 -> 455 (1)
875 -> 466 (23)
875 -> 520 (38)
875 -> 601 (2)
875 -> 657 (16)
875 -> 688 (161)
875 -> 705 (171)
875 -> 744 (15)
875 -> 753 (166)
875 -> 791 (94)
875 -> 795 (99)
875 -> 807 (168)
875 -> 808 (20)
875 -> 868 (184)
875 -> 935 (185)
875 -> 991 (131)
875 -> 995 (157)
877 -> 795 (169)
878 -> 459 (118)
878 -> 646 (77)
879 -> 110 (140)
880 -> 222 (83)
880 -> 398 (56)
880 -> 900 (8)
881 -> 110 (98)
882 -> 459 (196)
883 -> 245 (101)
884 -> 110 (176)
884 -> 643 (12)
885 -> 459 (153)
885 -> 624 (22)
886 -> 245 (189)
887 -> 245 (170)
888 -> 654 (128)
888 -> 725 (16)
889 -> 789 (190)
890 -> 459 (194)
891 -> 245 (141)
891 -> 646 (41)
892 -> 646 (195)
893 -> 207 (153)
894 -> 466 (193)
895 -> 110 (33)
896 -> 114 (129)
896 -> 705 (35)
897 -> 245 (169)
898 -> 245 (137)
899 -> 245 (154)
900 -> 599 (180)
901 -> 654 (135)
902 -> 110 (194)
903 -> 110 (150)
904 -> 459 (162)
905 -> 110 (179)
906 -> 283 (54)
906 -> 819 (74)
906 -> 999 (28)
907 -> 466 (200)
908 -> 795 (156)
909 -> 245 (139)
909 -> 692 (59)
910 -> 114 (153)
910 -> 245 (106)
910 -> 327 (63)
910 -> 353 (29)
910 -> 395 (38)
910 -> 457 (33)
910 -> 459 (17)
910 -> 465 (30)
910 -> 486 (8)
910 -> 489 (160)
910 -> 496 (169)
910 -> 503 (29)
910 -> 532 (26)
910 -> 535 (189)
910 -> 608 (152)
910 -> 612 (157)
910 -> 620 (26)
910 -> 634 (131)
910 -> 646 (105)
910 -> 677 (104)
910 -> 730 (188)
910 -> 731 (88)
910 -> 767 (166)
910 -> 795 (168)
910 -> 858 (36)
910 -> 896 (164)
910 -> 949 (194)
910 -> 974 (171)
910 -> 982 (137)
910 -> 990 (14)
911 -> 245 (154)
912 -> 245 (183)
913 -> 114 (139)
914 -> 245 (189)
915 -> 245 (186)
915 -> 705 (1)
916 -> 245 (119)
917 -> 654 (142)
918 -> 110 (183)
918 -> 145 (164)
918 -> 459 (175)
918 -> 654 (32)
918 -> 662 (156)
918 -> 705 (83)
918 -> 749 (56)
918 -> 760 (57)
918 -> 891 (182)
918 -> 972 (30)
919 -> 654 (195)
920 -> 110 (116)
920 -> 459 (65)
921 -> 423 (70)
923 -> 110 (117)
924 -> 459 (134)
925 -> 654 (125)
925 -> 947 (33)
926 -> 472 (40)
926 -> 646 (62)
927 -> 466 (183)
928 -> 110 (128)
928 -> 385 (25)
929 -> 114 (124)
929 -> 646 (54)
930 -> 705 (162)
931 -> 110 (119)
932 -> 459 (198)
933 -> 245 (176)
934 -> 646 (138)
935 -> 646 (185)
936 -> 201 (86)
937 -> 245 (146)
937 -> 745 (25)
938 -> 350 (56)
938 -> 705 (114)
939 -> 110 (162)
940 -> 459 (182)
941 -> 245 (113)
941 -> 459 (86)
942 -> 701 (83)
943 -> 459 (184)
944 -> 705 (167)
945 -> 350 (70)
946 -> 92 (13)
946 -> 646 (118)
947 -> 110 (137)
948 -> 466 (172)
949 -> 110 (168)
949 -> 245 (26)
950 -> 459 (131)
951 -> 29 (114)
951 -> 68 (68)
951 -> 110 (52)
951 -> 245 (192)
951 -> 317 (7)
951 -> 459 (55)
951 -> 466 (186)
951 -> 646 (90)
951 -> 705 (36)
951 -> 778 (198)
952 -> 110 (185)
953 -> 552 (115)
954 -> 459 (172)
955 -> 110 (178)
955 -> 466 (12)
956 -> 377 (76)
956 -> 403 (42)
957 -> 705 (150)
958 -> 654 (200)
959 -> 459 (162)
960 -> 110 (175)
960 -> 754 (14)
961 -> 110 (127)
961 -> 654 (48)
962 -> 466 (182)
963 -> 121 (44)
963 -> 766 (33)
964 -> 466 (182)
965 -> 646 (171)
965 -> 966 (13)
966 -> 459 (196)
967 -> 705 (200)
968 -> 110 (188)
972 -> 459 (178)
973 -> 110 (123)
973 -> 646 (63)
974 -> 466 (156)
974 -> 745 (15)
976 -> 110 (164)
977 -> 110 (173)
978 -> 318 (116)
980 -> 245 (190)
981 -> 245 (133)
982 -> 114 (105)
982 -> 646 (32)
983 -> 110 (114)
983 -> 654 (67)
984 -> 110 (96)
984 -> 245 (39)
985 -> 110 (164)
986 -> 245 (167)
987 -> 110 (150)
988 -> 110 (148)
989 -> 466 (136)
989 -> 646 (64)
990 -> 110 (183)
991 -> 110 (131)
993 -> 114 (27)
994 -> 110 (148)
995 -> 26 (36)
995 -> 705 (121)
996 -> 214 (64)
996 -> 654 (97)
997 -> 654 (117)
998 -> 28 (175)
998 -> 29 (175)
998 -> 110 (88)
998 -> 114 (62)
998 -> 245 (33)
998 -> 459 (59)
998 -> 466 (40)
998 -> 646 (1)
998 -> 705 (4)
998 -> 714 (154)
998 -> 793 (127)
998 -> 831 (140)
998 -> 878 (195)
998 -> 947 (95)
999 -> 459 (178)
Fluxo: 165244
Arestas removidas: 284619

--Rotas do 2ยบ turno-----------------------------
1 -> 245 (189)
3 -> 705 (200)
5 -> 340 (27)
5 -> 445 (134)
7 -> 459 (133)
11 -> 170 (45)
11 -> 201 (47)
11 -> 225 (18)
15 -> 29 (125)
15 -> 705 (38)
17 -> 654 (121)
18 -> 29 (70)
21 -> 646 (152)
28 -> 459 (148)
28 -> 993 (27)
29 -> 110 (123)
33 -> 646 (106)
35 -> 29 (111)
35 -> 646 (84)
38 -> 29 (119)
43 -> 114 (156)
43 -> 459 (1)
45 -> 114 (85)
45 -> 646 (43)
48 -> 466 (126)
49 -> 114 (178)
53 -> 271 (15)
53 -> 310 (86)
53 -> 319 (16)
53 -> 320 (18)
53 -> 373 (56)
54 -> 646 (193)
56 -> 245 (158)
58 -> 459 (140)
60 -> 110 (132)
61 -> 114 (131)
64 -> 29 (171)
65 -> 459 (188)
66 -> 466 (172)
68 -> 245 (82)
69 -> 110 (161)
71 -> 110 (133)
72 -> 110 (155)
73 -> 459 (181)
73 -> 654 (9)
74 -> 110 (173)
78 -> 110 (51)
80 -> 459 (112)
81 -> 110 (159)
83 -> 459 (71)
88 -> 114 (148)
88 -> 466 (42)
89 -> 245 (122)
90 -> 245 (191)
94 -> 1 (189)
94 -> 15 (163)
94 -> 21 (152)
94 -> 29 (149)
94 -> 35 (195)
94 -> 38 (119)
94 -> 43 (157)
94 -> 45 (128)
94 -> 48 (126)
94 -> 54 (163)
94 -> 61 (131)
94 -> 64 (171)
94 -> 72 (155)
94 -> 80 (112)
94 -> 83 (71)
96 -> 466 (188)
97 -> 114 (189)
101 -> 245 (118)
101 -> 466 (52)
102 -> 110 (105)
103 -> 110 (111)
109 -> 459 (139)
116 -> 110 (137)
116 -> 245 (34)
127 -> 110 (198)
132 -> 459 (107)
135 -> 114 (104)
136 -> 114 (62)
137 -> 110 (155)
142 -> 245 (191)
142 -> 646 (4)
143 -> 416 (165)
143 -> 442 (17)
144 -> 170 (114)
144 -> 201 (39)
144 -> 209 (43)
145 -> 245 (164)
145 -> 334 (19)
145 -> 343 (15)
146 -> 110 (92)
149 -> 110 (151)
151 -> 245 (169)
151 -> 459 (7)
153 -> 245 (114)
153 -> 646 (79)
156 -> 459 (68)
157 -> 114 (100)
157 -> 459 (60)
160 -> 114 (150)
163 -> 18 (70)
163 -> 60 (132)
163 -> 65 (188)
163 -> 71 (133)
163 -> 81 (106)
163 -> 97 (189)
163 -> 103 (111)
163 -> 110 (117)
163 -> 114 (67)
163 -> 160 (150)
163 -> 167 (186)
163 -> 206 (148)
163 -> 558 (128)
163 -> 665 (108)
166 -> 114 (57)
167 -> 245 (186)
170 -> 646 (171)
171 -> 245 (173)
172 -> 245 (118)
176 -> 459 (199)
181 -> 459 (122)
181 -> 646 (43)
182 -> 245 (179)
182 -> 459 (12)
183 -> 114 (68)
184 -> 466 (99)
193 -> 110 (181)
196 -> 459 (158)
198 -> 110 (166)
198 -> 245 (18)
201 -> 646 (197)
206 -> 110 (148)
209 -> 646 (117)
218 -> 110 (166)
219 -> 110 (124)
219 -> 245 (2)
221 -> 654 (167)
223 -> 114 (104)
223 -> 245 (57)
225 -> 110 (179)
226 -> 245 (137)
229 -> 110 (148)
229 -> 245 (28)
231 -> 654 (130)
235 -> 466 (124)
236 -> 110 (130)
238 -> 646 (156)
238 -> 654 (2)
239 -> 110 (199)
240 -> 29 (104)
242 -> 245 (125)
251 -> 110 (131)
254 -> 654 (165)
255 -> 110 (148)
255 -> 245 (6)
257 -> 705 (17)
259 -> 654 (103)
261 -> 245 (168)
263 -> 646 (167)
265 -> 459 (171)
265 -> 466 (15)
267 -> 245 (177)
268 -> 466 (92)
269 -> 114 (161)
270 -> 459 (138)
271 -> 459 (196)
272 -> 81 (53)
272 -> 88 (190)
272 -> 90 (191)
272 -> 101 (170)
272 -> 110 (99)
272 -> 132 (107)
272 -> 137 (155)
272 -> 142 (195)
272 -> 151 (176)
272 -> 153 (193)
272 -> 157 (160)
272 -> 166 (57)
272 -> 245 (197)
272 -> 654 (199)
272 -> 705 (126)
273 -> 110 (132)
276 -> 114 (181)
277 -> 245 (118)
277 -> 459 (57)
286 -> 705 (139)
287 -> 245 (162)
289 -> 110 (177)
294 -> 29 (19)
297 -> 110 (151)
298 -> 110 (146)
299 -> 110 (162)
299 -> 245 (1)
306 -> 466 (144)
306 -> 654 (17)
307 -> 459 (195)
310 -> 466 (189)
311 -> 646 (173)
313 -> 110 (175)
314 -> 646 (193)
316 -> 245 (181)
317 -> 245 (153)
318 -> 466 (41)
319 -> 110 (199)
320 -> 459 (183)
321 -> 654 (120)
326 -> 110 (145)
327 -> 705 (121)
328 -> 245 (145)
328 -> 459 (11)
330 -> 245 (148)
330 -> 459 (28)
331 -> 110 (139)
331 -> 459 (56)
334 -> 646 (19)
337 -> 110 (170)
337 -> 466 (28)
338 -> 466 (183)
338 -> 654 (11)
340 -> 459 (184)
342 -> 245 (135)
342 -> 257 (8)
343 -> 110 (15)
345 -> 245 (157)
346 -> 459 (77)
346 -> 705 (38)
353 -> 110 (86)
356 -> 110 (166)
356 -> 459 (34)
361 -> 654 (169)
362 -> 7 (133)
362 -> 58 (140)
362 -> 66 (148)
362 -> 78 (51)
362 -> 110 (169)
362 -> 114 (193)
362 -> 459 (103)
363 -> 110 (157)
365 -> 459 (114)
366 -> 245 (178)
366 -> 257 (9)
371 -> 110 (11)
372 -> 110 (123)
373 -> 646 (109)
374 -> 245 (176)
379 -> 646 (135)
381 -> 110 (1)
383 -> 654 (70)
384 -> 29 (123)
384 -> 96 (181)
384 -> 110 (98)
384 -> 114 (176)
384 -> 116 (171)
384 -> 136 (62)
384 -> 646 (116)
384 -> 654 (137)
387 -> 110 (110)
389 -> 110 (180)
390 -> 245 (107)
390 -> 830 (20)
392 -> 110 (149)
393 -> 705 (23)
394 -> 466 (167)
395 -> 110 (142)
397 -> 149 (10)
397 -> 245 (155)
399 -> 459 (135)
399 -> 705 (26)
400 -> 654 (119)
403 -> 705 (139)
405 -> 654 (89)
408 -> 110 (150)
408 -> 459 (48)
414 -> 245 (116)
416 -> 705 (165)
419 -> 466 (142)
419 -> 654 (52)
424 -> 245 (112)
425 -> 646 (187)
427 -> 156 (38)
427 -> 646 (144)
429 -> 110 (164)
429 -> 245 (10)
433 -> 110 (150)
433 -> 245 (12)
434 -> 466 (145)
435 -> 245 (131)
435 -> 705 (22)
436 -> 170 (12)
436 -> 242 (24)
436 -> 459 (164)
437 -> 245 (51)
438 -> 373 (46)
438 -> 466 (107)
439 -> 110 (171)
440 -> 73 (190)
440 -> 89 (122)
440 -> 109 (139)
440 -> 218 (166)
440 -> 219 (126)
440 -> 251 (131)
440 -> 267 (177)
440 -> 271 (153)
442 -> 245 (17)
443 -> 459 (132)
443 -> 466 (54)
445 -> 110 (134)
446 -> 459 (153)
447 -> 110 (160)
448 -> 654 (130)
450 -> 646 (133)
450 -> 654 (29)
452 -> 705 (141)
454 -> 245 (186)
455 -> 110 (137)
457 -> 646 (128)
460 -> 110 (195)
461 -> 110 (151)
462 -> 654 (154)
463 -> 176 (52)
463 -> 271 (28)
463 -> 314 (42)
464 -> 110 (115)
464 -> 646 (39)
465 -> 654 (190)
468 -> 646 (168)
469 -> 110 (155)
469 -> 466 (24)
471 -> 459 (93)
472 -> 646 (148)
473 -> 466 (137)
475 -> 459 (190)
477 -> 466 (139)
478 -> 3 (134)
478 -> 49 (178)
478 -> 69 (161)
478 -> 74 (173)
478 -> 96 (7)
478 -> 110 (166)
478 -> 172 (118)
478 -> 236 (130)
478 -> 239 (165)
478 -> 268 (92)
478 -> 270 (138)
478 -> 276 (181)
478 -> 306 (161)
478 -> 383 (70)
480 -> 705 (180)
482 -> 245 (172)
484 -> 110 (157)
485 -> 466 (126)
486 -> 245 (165)
487 -> 29 (196)
487 -> 110 (166)
487 -> 114 (95)
489 -> 149 (1)
489 -> 209 (9)
489 -> 705 (151)
491 -> 223 (161)
491 -> 231 (130)
491 -> 235 (124)
491 -> 239 (34)
491 -> 245 (166)
491 -> 265 (186)
491 -> 269 (161)
491 -> 298 (146)
491 -> 321 (120)
491 -> 646 (149)
491 -> 654 (173)
493 -> 654 (124)
494 -> 110 (160)
494 -> 149 (36)
496 -> 242 (16)
496 -> 705 (169)
498 -> 459 (107)
499 -> 466 (119)
500 -> 245 (105)
501 -> 102 (105)
501 -> 135 (104)
501 -> 183 (68)
501 -> 193 (181)
501 -> 238 (158)
501 -> 245 (186)
501 -> 254 (165)
501 -> 261 (168)
501 -> 263 (167)
501 -> 273 (132)
501 -> 277 (175)
501 -> 297 (151)
501 -> 311 (173)
501 -> 328 (156)
501 -> 365 (114)
501 -> 379 (135)
501 -> 387 (110)
501 -> 399 (161)
501 -> 434 (145)
501 -> 461 (151)
501 -> 471 (93)
501 -> 500 (105)
503 -> 245 (120)
507 -> 466 (122)
507 -> 654 (23)
508 -> 110 (165)
508 -> 466 (19)
509 -> 127 (109)
509 -> 171 (173)
509 -> 196 (158)
509 -> 466 (166)
509 -> 705 (127)
514 -> 459 (157)
515 -> 466 (144)
516 -> 654 (193)
517 -> 459 (169)
519 -> 459 (153)
520 -> 110 (154)
520 -> 149 (12)
524 -> 110 (146)
525 -> 459 (123)
530 -> 156 (18)
530 -> 245 (140)
532 -> 245 (127)
533 -> 245 (180)
534 -> 110 (36)
535 -> 242 (10)
535 -> 705 (189)
536 -> 110 (180)
536 -> 245 (6)
547 -> 646 (97)
553 -> 363 (4)
553 -> 646 (179)
555 -> 29 (131)
555 -> 184 (99)
555 -> 245 (109)
555 -> 646 (98)
555 -> 654 (135)
556 -> 654 (134)
557 -> 245 (195)
558 -> 654 (128)
560 -> 110 (113)
563 -> 245 (145)
566 -> 646 (111)
568 -> 29 (95)
568 -> 66 (24)
568 -> 110 (96)
568 -> 114 (122)
568 -> 182 (191)
568 -> 245 (105)
568 -> 330 (176)
568 -> 337 (198)
568 -> 345 (157)
568 -> 372 (123)
568 -> 403 (139)
568 -> 419 (194)
568 -> 437 (51)
568 -> 466 (174)
568 -> 705 (78)
570 -> 466 (135)
571 -> 110 (144)
572 -> 110 (123)
574 -> 459 (183)
578 -> 466 (177)
579 -> 646 (119)
587 -> 110 (81)
597 -> 242 (75)
597 -> 705 (105)
598 -> 466 (93)
600 -> 110 (152)
601 -> 110 (142)
602 -> 114 (174)
602 -> 127 (89)
602 -> 221 (167)
602 -> 226 (137)
602 -> 245 (90)
602 -> 646 (147)
602 -> 654 (132)
604 -> 654 (99)
608 -> 110 (152)
608 -> 393 (23)
612 -> 245 (157)
613 -> 245 (113)
613 -> 459 (76)
617 -> 654 (118)
618 -> 459 (140)
620 -> 646 (106)
621 -> 110 (138)
622 -> 381 (1)
622 -> 466 (142)
623 -> 3 (66)
623 -> 17 (121)
623 -> 114 (122)
623 -> 245 (190)
623 -> 299 (163)
623 -> 326 (145)
623 -> 425 (187)
623 -> 450 (162)
623 -> 462 (154)
623 -> 464 (154)
623 -> 472 (148)
623 -> 482 (172)
623 -> 498 (107)
623 -> 525 (123)
623 -> 533 (92)
623 -> 557 (65)
623 -> 579 (119)
623 -> 654 (89)
624 -> 459 (172)
630 -> 245 (132)
631 -> 245 (87)
632 -> 245 (109)
633 -> 225 (2)
633 -> 646 (180)
634 -> 646 (131)
635 -> 459 (120)
636 -> 245 (117)
636 -> 654 (54)
639 -> 705 (169)
641 -> 110 (172)
644 -> 110 (177)
644 -> 654 (17)
647 -> 110 (156)
647 -> 245 (34)
648 -> 654 (186)
650 -> 466 (146)
651 -> 459 (179)
655 -> 646 (135)
655 -> 654 (36)
657 -> 110 (150)
659 -> 110 (91)
659 -> 346 (115)
659 -> 405 (89)
659 -> 408 (198)
659 -> 435 (153)
659 -> 443 (186)
659 -> 466 (175)
659 -> 473 (137)
659 -> 499 (119)
659 -> 534 (36)
659 -> 646 (127)
659 -> 705 (75)
660 -> 110 (185)
660 -> 245 (123)
660 -> 289 (177)
660 -> 361 (169)
660 -> 459 (182)
660 -> 466 (91)
660 -> 646 (178)
660 -> 705 (110)
662 -> 149 (35)
662 -> 459 (138)
663 -> 245 (164)
663 -> 459 (23)
665 -> 459 (170)
666 -> 245 (166)
667 -> 646 (154)
668 -> 373 (7)
668 -> 459 (96)
669 -> 110 (142)
669 -> 654 (36)
672 -> 459 (129)
672 -> 466 (61)
673 -> 459 (129)
674 -> 110 (156)
677 -> 54 (30)
677 -> 209 (30)
677 -> 225 (66)
678 -> 29 (157)
678 -> 53 (191)
678 -> 110 (92)
678 -> 307 (195)
678 -> 374 (176)
678 -> 459 (153)
678 -> 468 (168)
678 -> 524 (146)
678 -> 556 (134)
678 -> 566 (111)
678 -> 570 (135)
678 -> 646 (187)
678 -> 654 (150)
678 -> 663 (187)
678 -> 673 (129)
678 -> 723 (98)
678 -> 741 (170)
678 -> 756 (120)
678 -> 770 (173)
678 -> 774 (138)
678 -> 781 (166)
678 -> 788 (159)
678 -> 818 (127)
678 -> 854 (108)
678 -> 867 (126)
678 -> 890 (181)
678 -> 902 (194)
678 -> 909 (139)
678 -> 912 (183)
678 -> 923 (112)
678 -> 925 (125)
678 -> 957 (150)
678 -> 959 (122)
680 -> 110 (77)
680 -> 654 (47)
681 -> 225 (93)
681 -> 646 (95)
683 -> 245 (117)
683 -> 646 (11)
685 -> 245 (157)
686 -> 646 (182)
687 -> 56 (143)
687 -> 110 (113)
687 -> 181 (165)
687 -> 198 (184)
687 -> 338 (194)
687 -> 342 (143)
687 -> 356 (200)
687 -> 424 (112)
687 -> 433 (162)
687 -> 436 (200)
687 -> 447 (160)
687 -> 466 (188)
687 -> 469 (179)
687 -> 563 (145)
687 -> 572 (123)
687 -> 574 (183)
687 -> 622 (143)
687 -> 624 (172)
687 -> 633 (182)
687 -> 636 (171)
687 -> 646 (118)
687 -> 654 (125)
687 -> 655 (171)
687 -> 666 (166)
687 -> 681 (188)
687 -> 685 (157)
687 -> 699 (166)
687 -> 703 (123)
687 -> 728 (115)
687 -> 733 (133)
688 -> 245 (131)
688 -> 466 (30)
689 -> 466 (125)
690 -> 654 (114)
691 -> 110 (95)
696 -> 110 (104)
698 -> 255 (154)
698 -> 286 (139)
698 -> 319 (183)
698 -> 320 (165)
698 -> 366 (187)
698 -> 389 (180)
698 -> 390 (127)
698 -> 438 (153)
698 -> 460 (195)
698 -> 597 (180)
698 -> 617 (118)
698 -> 632 (109)
698 -> 650 (146)
698 -> 654 (165)
698 -> 668 (103)
698 -> 672 (190)
698 -> 683 (128)
698 -> 690 (114)
698 -> 702 (135)
698 -> 704 (102)
698 -> 710 (150)
698 -> 738 (192)
698 -> 796 (144)
698 -> 800 (167)
698 -> 816 (164)
698 -> 845 (122)
698 -> 897 (169)
698 -> 940 (182)
698 -> 944 (167)
699 -> 705 (166)
700 -> 459 (157)
700 -> 654 (41)
702 -> 245 (135)
703 -> 466 (123)
704 -> 654 (102)
709 -> 646 (193)
710 -> 110 (108)
710 -> 466 (42)
711 -> 705 (102)
714 -> 156 (6)
714 -> 318 (41)
714 -> 654 (112)
717 -> 110 (159)
717 -> 114 (136)
717 -> 363 (153)
717 -> 459 (150)
717 -> 493 (124)
717 -> 598 (93)
717 -> 613 (189)
717 -> 630 (132)
717 -> 641 (172)
717 -> 654 (83)
717 -> 669 (178)
717 -> 680 (124)
717 -> 696 (104)
717 -> 705 (164)
717 -> 760 (121)
717 -> 794 (86)
717 -> 803 (25)
722 -> 705 (90)
723 -> 705 (98)
724 -> 245 (113)
725 -> 654 (124)
728 -> 294 (19)
728 -> 705 (96)
730 -> 110 (144)
730 -> 314 (44)
730 -> 371 (11)
731 -> 110 (194)
731 -> 209 (4)
733 -> 110 (133)
736 -> 466 (90)
736 -> 654 (102)
738 -> 646 (165)
738 -> 705 (27)
739 -> 29 (180)
739 -> 110 (173)
739 -> 229 (176)
739 -> 310 (103)
739 -> 414 (116)
739 -> 507 (145)
739 -> 536 (186)
739 -> 560 (113)
739 -> 647 (190)
739 -> 686 (182)
739 -> 691 (95)
739 -> 705 (78)
741 -> 110 (170)
743 -> 245 (127)
744 -> 245 (132)
749 -> 33 (106)
753 -> 110 (108)
753 -> 646 (58)
755 -> 245 (180)
756 -> 466 (120)
760 -> 245 (121)
767 -> 459 (166)
770 -> 110 (173)
771 -> 245 (181)
771 -> 313 (175)
771 -> 331 (195)
771 -> 429 (174)
771 -> 654 (151)
771 -> 667 (154)
771 -> 689 (125)
771 -> 711 (102)
771 -> 782 (111)
771 -> 817 (144)
771 -> 828 (6)
774 -> 466 (138)
775 -> 110 (158)
776 -> 110 (152)
778 -> 466 (185)
778 -> 646 (13)
780 -> 654 (86)
781 -> 705 (166)
782 -> 459 (100)
782 -> 654 (11)
788 -> 245 (159)
793 -> 149 (32)
793 -> 705 (127)
794 -> 110 (86)
795 -> 245 (195)
796 -> 110 (108)
796 -> 245 (36)
797 -> 110 (143)
799 -> 110 (190)
799 -> 646 (1)
800 -> 459 (166)
800 -> 654 (1)
803 -> 110 (25)
804 -> 340 (157)
804 -> 394 (167)
804 -> 446 (153)
804 -> 604 (99)
804 -> 646 (119)
804 -> 665 (62)
804 -> 705 (93)
804 -> 722 (90)
804 -> 755 (180)
804 -> 776 (152)
804 -> 795 (170)
804 -> 799 (191)
804 -> 827 (102)
804 -> 856 (167)
804 -> 869 (170)
804 -> 892 (97)
804 -> 943 (146)
806 -> 646 (189)
807 -> 654 (135)
807 -> 705 (33)
808 -> 209 (3)
808 -> 459 (185)
810 -> 110 (177)
813 -> 29 (189)
813 -> 114 (170)
813 -> 245 (156)
813 -> 400 (119)
813 -> 477 (139)
813 -> 485 (126)
813 -> 514 (157)
813 -> 621 (138)
813 -> 646 (125)
813 -> 674 (156)
813 -> 736 (192)
813 -> 743 (127)
813 -> 797 (143)
813 -> 815 (194)
813 -> 826 (199)
813 -> 850 (153)
815 -> 110 (193)
815 -> 459 (1)
816 -> 466 (164)
817 -> 110 (144)
818 -> 466 (127)
820 -> 110 (172)
820 -> 654 (17)
822 -> 646 (192)
824 -> 114 (176)
824 -> 144 (196)
824 -> 176 (147)
824 -> 397 (165)
824 -> 427 (182)
824 -> 475 (190)
824 -> 484 (157)
824 -> 494 (196)
824 -> 530 (158)
824 -> 553 (183)
824 -> 571 (144)
824 -> 600 (152)
824 -> 775 (158)
824 -> 820 (189)
824 -> 836 (154)
824 -> 837 (198)
824 -> 848 (127)
824 -> 851 (148)
824 -> 866 (159)
824 -> 886 (156)
824 -> 927 (183)
824 -> 934 (138)
824 -> 941 (199)
824 -> 961 (175)
825 -> 29 (124)
825 -> 114 (196)
825 -> 245 (133)
825 -> 705 (42)
826 -> 459 (134)
826 -> 466 (65)
827 -> 245 (102)
828 -> 110 (6)
830 -> 459 (20)
831 -> 654 (140)
833 -> 29 (147)
833 -> 110 (175)
833 -> 114 (72)
833 -> 245 (49)
833 -> 259 (103)
833 -> 448 (130)
833 -> 480 (141)
833 -> 517 (169)
833 -> 519 (153)
833 -> 578 (177)
833 -> 631 (87)
833 -> 639 (169)
833 -> 644 (194)
833 -> 648 (186)
833 -> 651 (179)
833 -> 700 (198)
833 -> 724 (113)
833 -> 843 (153)
833 -> 849 (118)
833 -> 864 (14)
835 -> 646 (144)
836 -> 245 (154)
837 -> 245 (150)
837 -> 459 (48)
838 -> 110 (122)
838 -> 654 (35)
839 -> 5 (161)
839 -> 114 (110)
839 -> 146 (92)
839 -> 201 (111)
839 -> 452 (106)
839 -> 557 (130)
839 -> 635 (120)
839 -> 654 (128)
839 -> 705 (192)
839 -> 725 (124)
839 -> 838 (157)
839 -> 920 (181)
839 -> 930 (162)
839 -> 952 (112)
839 -> 976 (164)
843 -> 245 (153)
845 -> 705 (122)
848 -> 149 (3)
848 -> 459 (124)
849 -> 459 (118)
850 -> 245 (118)
850 -> 705 (35)
851 -> 705 (148)
852 -> 287 (162)
852 -> 314 (107)
852 -> 316 (181)
852 -> 392 (149)
852 -> 439 (171)
852 -> 508 (184)
852 -> 515 (144)
852 -> 516 (193)
852 -> 533 (88)
852 -> 547 (97)
852 -> 601 (142)
852 -> 618 (140)
852 -> 646 (106)
852 -> 705 (114)
852 -> 709 (193)
852 -> 806 (189)
852 -> 810 (177)
852 -> 822 (192)
852 -> 879 (140)
852 -> 966 (168)
852 -> 988 (110)
854 -> 459 (108)
856 -> 654 (167)
858 -> 156 (6)
858 -> 646 (172)
864 -> 646 (14)
866 -> 209 (1)
866 -> 245 (158)
867 -> 466 (126)
868 -> 110 (184)
869 -> 646 (170)
875 -> 11 (110)
875 -> 143 (182)
875 -> 240 (104)
875 -> 452 (35)
875 -> 454 (186)
875 -> 455 (137)
875 -> 463 (122)
875 -> 466 (23)
875 -> 480 (39)
875 -> 520 (166)
875 -> 587 (81)
875 -> 657 (150)
875 -> 688 (161)
875 -> 705 (171)
875 -> 744 (132)
875 -> 753 (166)
875 -> 807 (168)
875 -> 808 (188)
875 -> 868 (184)
875 -> 935 (185)
875 -> 991 (131)
875 -> 995 (158)
878 -> 459 (118)
878 -> 646 (77)
879 -> 110 (140)
886 -> 245 (156)
890 -> 459 (181)
891 -> 245 (141)
891 -> 646 (41)
892 -> 646 (97)
894 -> 466 (88)
896 -> 705 (107)
897 -> 245 (169)
902 -> 110 (194)
909 -> 245 (139)
910 -> 114 (153)
910 -> 245 (106)
910 -> 327 (121)
910 -> 353 (86)
910 -> 395 (142)
910 -> 457 (128)
910 -> 465 (190)
910 -> 486 (165)
910 -> 489 (161)
910 -> 496 (185)
910 -> 503 (120)
910 -> 532 (127)
910 -> 535 (199)
910 -> 602 (110)
910 -> 608 (175)
910 -> 612 (157)
910 -> 620 (106)
910 -> 634 (131)
910 -> 646 (105)
910 -> 677 (126)
910 -> 678 (176)
910 -> 687 (139)
910 -> 730 (199)
910 -> 731 (198)
910 -> 767 (166)
910 -> 795 (145)
910 -> 804 (154)
910 -> 813 (126)
910 -> 858 (178)
910 -> 875 (20)
910 -> 896 (107)
910 -> 949 (194)
910 -> 974 (183)
910 -> 982 (113)
910 -> 990 (101)
912 -> 245 (183)
918 -> 110 (183)
918 -> 145 (198)
918 -> 459 (175)
918 -> 501 (122)
918 -> 654 (32)
918 -> 662 (173)
918 -> 705 (83)
918 -> 739 (95)
918 -> 749 (106)
918 -> 824 (153)
918 -> 833 (73)
918 -> 835 (144)
918 -> 891 (182)
918 -> 972 (173)
920 -> 110 (116)
920 -> 459 (65)
923 -> 110 (112)
925 -> 654 (125)
927 -> 466 (183)
930 -> 705 (162)
934 -> 646 (138)
935 -> 646 (185)
940 -> 459 (182)
941 -> 245 (113)
941 -> 459 (86)
943 -> 459 (146)
944 -> 705 (167)
947 -> 110 (95)
949 -> 110 (168)
949 -> 245 (26)
951 -> 29 (114)
951 -> 68 (82)
951 -> 110 (52)
951 -> 245 (192)
951 -> 317 (153)
951 -> 459 (55)
951 -> 466 (186)
951 -> 646 (90)
951 -> 698 (166)
951 -> 705 (36)
951 -> 778 (198)
951 -> 839 (185)
951 -> 894 (88)
951 -> 986 (164)
952 -> 110 (112)
957 -> 705 (150)
959 -> 459 (122)
961 -> 110 (127)
961 -> 654 (48)
966 -> 459 (168)
972 -> 459 (173)
974 -> 209 (27)
974 -> 466 (156)
976 -> 110 (164)
982 -> 646 (113)
986 -> 245 (164)
988 -> 110 (110)
990 -> 110 (101)
991 -> 110 (131)
993 -> 245 (27)
995 -> 56 (15)
995 -> 149 (22)
995 -> 705 (121)
998 -> 28 (175)
998 -> 29 (175)
998 -> 110 (88)
998 -> 114 (62)
998 -> 245 (33)
998 -> 459 (59)
998 -> 466 (40)
998 -> 623 (120)
998 -> 646 (1)
998 -> 705 (4)
998 -> 714 (159)
998 -> 771 (167)
998 -> 793 (159)
998 -> 831 (140)
998 -> 852 (198)
998 -> 878 (195)
998 -> 947 (95)
Fluxo: 74057
Arestas removidas: 285071

--Rotas do 3ยบ turno-----------------------------
7 -> 459 (43)
28 -> 459 (148)
28 -> 993 (27)
29 -> 7 (43)
29 -> 110 (132)
33 -> 646 (106)
54 -> 646 (67)
114 -> 459 (129)
145 -> 170 (34)
145 -> 245 (164)
156 -> 459 (6)
170 -> 646 (40)
176 -> 459 (133)
201 -> 646 (35)
327 -> 705 (121)
353 -> 110 (25)
501 -> 245 (122)
623 -> 245 (120)
662 -> 54 (35)
662 -> 459 (138)
714 -> 156 (6)
714 -> 170 (6)
714 -> 201 (35)
714 -> 654 (112)
739 -> 110 (95)
749 -> 33 (106)
771 -> 245 (167)
793 -> 54 (32)
793 -> 705 (127)
824 -> 114 (20)
824 -> 176 (133)
831 -> 654 (140)
833 -> 110 (73)
835 -> 646 (144)
852 -> 646 (106)
852 -> 705 (92)
878 -> 459 (118)
878 -> 646 (77)
891 -> 245 (141)
891 -> 646 (41)
910 -> 114 (47)
910 -> 245 (106)
910 -> 327 (121)
910 -> 353 (25)
910 -> 646 (105)
918 -> 110 (183)
918 -> 145 (198)
918 -> 459 (175)
918 -> 501 (122)
918 -> 654 (32)
918 -> 662 (173)
918 -> 705 (83)
918 -> 739 (95)
918 -> 749 (106)
918 -> 824 (153)
918 -> 833 (73)
918 -> 835 (144)
918 -> 891 (182)
918 -> 910 (146)
918 -> 972 (173)
947 -> 110 (95)
951 -> 110 (52)
951 -> 245 (192)
951 -> 459 (55)
951 -> 466 (45)
972 -> 459 (173)
993 -> 245 (27)
998 -> 28 (175)
998 -> 29 (175)
998 -> 110 (88)
998 -> 114 (62)
998 -> 245 (33)
998 -> 459 (59)
998 -> 466 (40)
998 -> 623 (120)
998 -> 646 (1)
998 -> 705 (4)
998 -> 714 (159)
998 -> 771 (167)
998 -> 793 (159)
998 -> 831 (140)
998 -> 852 (198)
998 -> 878 (195)
998 -> 947 (95)
Fluxo: 4510
Arestas removidas: 285071

--Rotas do 4ยบ turno-----------------------------
145 -> 245 (164)
501 -> 245 (122)
662 -> 459 (138)
739 -> 110 (95)
833 -> 110 (73)
835 -> 646 (144)
891 -> 245 (141)
891 -> 646 (41)
910 -> 245 (98)
918 -> 110 (183)
918 -> 145 (164)
918 -> 459 (175)
918 -> 501 (122)
918 -> 654 (32)
918 -> 662 (138)
918 -> 705 (83)
918 -> 739 (95)
918 -> 833 (73)
918 -> 835 (144)
918 -> 891 (182)
918 -> 910 (98)
998 -> 110 (88)
998 -> 245 (33)
Fluxo: 1610
Arestas removidas: 285071

Populaรงรฃo evacuada: 245421 de 245421 UTs
O tempo total para evacuar 100.00% da populaรงรฃo รฉ: 4 unidades de tempo.
