--Rotas do 1ยบ turno-----------------------------
0 -> 245 (178)
1 -> 524 (116)
2 -> 287 (172)
3 -> 124 (152)
4 -> 194 (185)
5 -> 287 (144)
5 -> 524 (47)
6 -> 245 (41)
7 -> 544 (80)
8 -> 194 (146)
9 -> 7 (48)
9 -> 12 (140)
9 -> 15 (181)
9 -> 41 (157)
9 -> 47 (130)
9 -> 65 (188)
9 -> 93 (141)
9 -> 125 (136)
9 -> 151 (76)
9 -> 176 (45)
9 -> 186 (189)
9 -> 189 (33)
9 -> 195 (172)
9 -> 197 (105)
9 -> 229 (158)
9 -> 271 (200)
9 -> 302 (176)
9 -> 321 (127)
9 -> 356 (162)
9 -> 360 (47)
9 -> 392 (133)
9 -> 400 (130)
9 -> 405 (159)
9 -> 433 (97)
9 -> 573 (145)
9 -> 592 (140)
11 -> 524 (165)
12 -> 124 (119)
12 -> 194 (21)
13 -> 245 (157)
14 -> 486 (95)
15 -> 124 (177)
15 -> 245 (4)
16 -> 194 (98)
17 -> 287 (165)
18 -> 378 (200)
19 -> 245 (141)
19 -> 287 (42)
20 -> 544 (38)
21 -> 10 (63)
21 -> 524 (28)
22 -> 245 (168)
25 -> 245 (133)
25 -> 531 (66)
26 -> 452 (179)
27 -> 287 (179)
28 -> 2 (123)
28 -> 26 (141)
28 -> 44 (102)
28 -> 81 (134)
28 -> 90 (110)
28 -> 91 (129)
28 -> 92 (72)
28 -> 106 (69)
28 -> 148 (139)
28 -> 165 (164)
28 -> 173 (200)
28 -> 181 (133)
28 -> 188 (93)
28 -> 199 (77)
28 -> 214 (146)
28 -> 237 (114)
28 -> 242 (141)
28 -> 277 (127)
28 -> 280 (151)
28 -> 281 (159)
28 -> 305 (138)
28 -> 308 (127)
28 -> 408 (187)
28 -> 410 (188)
28 -> 485 (165)
28 -> 487 (165)
28 -> 527 (53)
28 -> 542 (25)
28 -> 550 (124)
29 -> 194 (194)
30 -> 287 (183)
31 -> 17 (129)
31 -> 21 (91)
31 -> 60 (141)
31 -> 83 (156)
31 -> 95 (141)
31 -> 109 (95)
31 -> 126 (137)
31 -> 134 (181)
31 -> 137 (137)
31 -> 147 (117)
31 -> 159 (199)
31 -> 161 (154)
31 -> 164 (109)
31 -> 178 (127)
31 -> 184 (141)
31 -> 194 (131)
31 -> 234 (195)
31 -> 237 (85)
31 -> 245 (165)
31 -> 291 (91)
31 -> 326 (11)
31 -> 343 (57)
31 -> 363 (130)
31 -> 526 (180)
31 -> 558 (107)
32 -> 544 (197)
34 -> 245 (147)
35 -> 124 (99)
35 -> 486 (20)
36 -> 124 (147)
37 -> 452 (176)
38 -> 452 (47)
39 -> 0 (170)
39 -> 8 (116)
39 -> 22 (120)
39 -> 37 (74)
39 -> 44 (76)
39 -> 80 (173)
39 -> 98 (79)
39 -> 107 (189)
39 -> 119 (110)
39 -> 127 (168)
39 -> 171 (84)
39 -> 172 (172)
39 -> 177 (175)
39 -> 188 (89)
39 -> 196 (168)
39 -> 202 (132)
39 -> 212 (173)
39 -> 229 (19)
39 -> 260 (158)
39 -> 333 (165)
39 -> 345 (191)
39 -> 357 (106)
39 -> 362 (123)
39 -> 368 (104)
39 -> 372 (164)
39 -> 393 (109)
39 -> 400 (53)
39 -> 402 (169)
39 -> 403 (140)
39 -> 428 (193)
39 -> 436 (119)
39 -> 447 (187)
39 -> 454 (100)
39 -> 459 (195)
39 -> 486 (97)
39 -> 505 (161)
39 -> 507 (148)
39 -> 512 (87)
39 -> 533 (178)
39 -> 534 (141)
39 -> 544 (53)
39 -> 558 (83)
40 -> 10 (184)
40 -> 11 (154)
40 -> 29 (149)
40 -> 30 (154)
40 -> 75 (106)
40 -> 82 (127)
40 -> 138 (121)
40 -> 486 (108)
41 -> 10 (113)
41 -> 194 (44)
42 -> 124 (185)
43 -> 452 (127)
43 -> 524 (62)
44 -> 486 (178)
45 -> 0 (8)
45 -> 3 (152)
45 -> 11 (11)
45 -> 19 (183)
45 -> 20 (38)
45 -> 26 (38)
45 -> 53 (113)
45 -> 58 (107)
45 -> 70 (104)
45 -> 86 (107)
45 -> 88 (129)
45 -> 92 (70)
45 -> 94 (77)
45 -> 110 (173)
45 -> 117 (193)
45 -> 130 (140)
45 -> 140 (75)
45 -> 156 (61)
45 -> 209 (193)
45 -> 221 (137)
45 -> 245 (200)
45 -> 248 (66)
45 -> 257 (169)
45 -> 258 (158)
45 -> 259 (57)
45 -> 264 (164)
45 -> 298 (145)
45 -> 319 (77)
45 -> 333 (2)
45 -> 336 (127)
45 -> 353 (134)
45 -> 355 (166)
45 -> 356 (20)
45 -> 381 (186)
45 -> 389 (187)
45 -> 392 (2)
45 -> 394 (124)
45 -> 395 (141)
45 -> 401 (81)
45 -> 431 (71)
45 -> 465 (102)
45 -> 467 (115)
45 -> 479 (100)
45 -> 503 (19)
45 -> 510 (137)
45 -> 515 (112)
45 -> 531 (166)
45 -> 536 (56)
45 -> 538 (153)
45 -> 544 (143)
45 -> 560 (119)
45 -> 563 (179)
45 -> 570 (120)
45 -> 596 (117)
47 -> 226 (50)
47 -> 245 (80)
48 -> 1 (116)
48 -> 10 (3)
48 -> 18 (199)
48 -> 36 (118)
48 -> 65 (11)
48 -> 69 (126)
48 -> 71 (168)
48 -> 111 (10)
48 -> 129 (144)
48 -> 191 (167)
48 -> 198 (121)
48 -> 213 (161)
48 -> 231 (193)
48 -> 233 (132)
48 -> 238 (188)
48 -> 240 (142)
48 -> 273 (100)
48 -> 284 (145)
48 -> 286 (87)
48 -> 293 (64)
48 -> 334 (142)
48 -> 335 (191)
48 -> 340 (85)
48 -> 341 (107)
48 -> 364 (125)
48 -> 371 (48)
48 -> 376 (61)
48 -> 424 (103)
48 -> 431 (110)
48 -> 454 (69)
48 -> 468 (158)
48 -> 474 (117)
48 -> 486 (101)
48 -> 490 (178)
48 -> 494 (162)
48 -> 511 (82)
48 -> 537 (188)
48 -> 553 (92)
48 -> 584 (118)
49 -> 194 (184)
52 -> 124 (150)
52 -> 245 (21)
53 -> 124 (113)
55 -> 245 (118)
55 -> 486 (27)
56 -> 531 (174)
57 -> 531 (124)
58 -> 124 (127)
60 -> 287 (182)
63 -> 452 (95)
63 -> 531 (28)
64 -> 531 (138)
65 -> 10 (199)
66 -> 245 (64)
68 -> 124 (100)
68 -> 194 (71)
69 -> 124 (126)
70 -> 194 (104)
71 -> 287 (143)
71 -> 486 (25)
72 -> 486 (112)
74 -> 544 (113)
75 -> 531 (118)
77 -> 27 (17)
78 -> 452 (91)
78 -> 486 (25)
80 -> 179 (199)
81 -> 124 (79)
81 -> 531 (55)
82 -> 531 (155)
83 -> 531 (156)
84 -> 531 (98)
85 -> 287 (192)
86 -> 245 (63)
86 -> 579 (44)
87 -> 2 (49)
87 -> 18 (1)
87 -> 42 (124)
87 -> 169 (190)
87 -> 182 (142)
87 -> 203 (172)
87 -> 300 (127)
87 -> 310 (188)
87 -> 367 (179)
87 -> 450 (134)
87 -> 452 (186)
87 -> 460 (161)
87 -> 475 (97)
87 -> 538 (36)
87 -> 576 (144)
87 -> 592 (38)
87 -> 598 (70)
88 -> 245 (192)
89 -> 287 (119)
89 -> 452 (1)
90 -> 287 (174)
91 -> 245 (129)
92 -> 531 (142)
93 -> 540 (54)
93 -> 544 (87)
94 -> 10 (77)
95 -> 10 (141)
96 -> 504 (153)
97 -> 8 (30)
97 -> 10 (118)
97 -> 49 (182)
97 -> 55 (145)
97 -> 57 (124)
97 -> 84 (98)
97 -> 98 (90)
97 -> 110 (12)
97 -> 114 (183)
97 -> 124 (81)
97 -> 142 (87)
97 -> 145 (51)
97 -> 149 (157)
97 -> 153 (172)
97 -> 160 (145)
97 -> 187 (148)
97 -> 194 (10)
97 -> 215 (149)
97 -> 279 (133)
97 -> 306 (90)
97 -> 339 (149)
97 -> 355 (22)
97 -> 357 (14)
97 -> 373 (185)
97 -> 380 (148)
97 -> 396 (162)
97 -> 421 (110)
97 -> 429 (187)
97 -> 493 (151)
97 -> 500 (111)
97 -> 524 (63)
98 -> 194 (169)
99 -> 194 (120)
99 -> 245 (12)
100 -> 124 (119)
100 -> 524 (171)
101 -> 13 (128)
101 -> 22 (48)
101 -> 27 (162)
101 -> 89 (120)
101 -> 105 (68)
101 -> 109 (37)
101 -> 122 (185)
101 -> 124 (40)
101 -> 162 (159)
101 -> 165 (15)
101 -> 168 (153)
101 -> 190 (185)
101 -> 194 (38)
101 -> 215 (30)
101 -> 230 (124)
101 -> 268 (133)
101 -> 280 (36)
101 -> 289 (189)
101 -> 338 (99)
101 -> 350 (181)
101 -> 424 (97)
101 -> 430 (79)
101 -> 453 (144)
101 -> 471 (96)
101 -> 524 (90)
101 -> 531 (92)
102 -> 4 (173)
102 -> 78 (116)
102 -> 85 (95)
102 -> 119 (26)
102 -> 243 (98)
102 -> 352 (196)
102 -> 363 (58)
102 -> 379 (166)
102 -> 411 (171)
102 -> 417 (49)
102 -> 452 (101)
103 -> 5 (191)
103 -> 10 (164)
103 -> 14 (95)
103 -> 25 (199)
103 -> 60 (41)
103 -> 74 (113)
103 -> 75 (12)
103 -> 82 (28)
103 -> 125 (39)
103 -> 132 (197)
103 -> 138 (52)
103 -> 140 (111)
103 -> 157 (188)
103 -> 191 (13)
103 -> 197 (28)
103 -> 206 (94)
103 -> 222 (169)
103 -> 253 (144)
103 -> 261 (115)
103 -> 275 (94)
103 -> 276 (83)
103 -> 303 (76)
103 -> 329 (90)
103 -> 339 (36)
103 -> 348 (124)
103 -> 360 (73)
103 -> 368 (71)
103 -> 391 (128)
103 -> 397 (158)
103 -> 420 (75)
103 -> 421 (49)
103 -> 423 (83)
103 -> 441 (166)
103 -> 458 (72)
103 -> 472 (139)
103 -> 495 (193)
103 -> 500 (87)
103 -> 506 (63)
103 -> 518 (182)
103 -> 539 (70)
103 -> 544 (96)
103 -> 552 (199)
103 -> 562 (176)
103 -> 571 (128)
103 -> 581 (96)
104 -> 452 (175)
104 -> 486 (19)
105 -> 531 (68)
106 -> 10 (49)
106 -> 124 (20)
107 -> 63 (123)
107 -> 524 (66)
108 -> 34 (147)
108 -> 37 (102)
108 -> 58 (20)
108 -> 135 (117)
108 -> 153 (15)
108 -> 190 (11)
108 -> 239 (53)
108 -> 247 (109)
108 -> 262 (83)
108 -> 269 (88)
108 -> 298 (38)
108 -> 307 (150)
108 -> 319 (93)
108 -> 330 (157)
108 -> 338 (74)
108 -> 397 (2)
108 -> 403 (11)
108 -> 407 (96)
108 -> 423 (31)
108 -> 441 (10)
108 -> 444 (126)
108 -> 474 (55)
108 -> 510 (1)
108 -> 531 (92)
108 -> 546 (114)
108 -> 560 (67)
108 -> 596 (11)
109 -> 245 (132)
110 -> 531 (185)
111 -> 540 (10)
113 -> 524 (34)
114 -> 194 (125)
114 -> 287 (58)
116 -> 32 (100)
116 -> 56 (119)
116 -> 135 (24)
116 -> 194 (147)
116 -> 250 (47)
116 -> 285 (166)
116 -> 313 (154)
116 -> 316 (67)
116 -> 425 (177)
116 -> 433 (82)
116 -> 452 (172)
116 -> 459 (2)
116 -> 469 (177)
116 -> 486 (65)
116 -> 496 (160)
116 -> 548 (176)
116 -> 568 (186)
116 -> 579 (109)
116 -> 582 (168)
117 -> 194 (86)
117 -> 486 (107)
118 -> 10 (179)
119 -> 124 (136)
121 -> 124 (166)
122 -> 544 (185)
125 -> 531 (175)
126 -> 10 (120)
126 -> 486 (17)
127 -> 10 (176)
128 -> 10 (125)
128 -> 287 (33)
129 -> 486 (157)
130 -> 452 (157)
131 -> 6 (41)
131 -> 13 (29)
131 -> 36 (29)
131 -> 52 (171)
131 -> 56 (55)
131 -> 77 (17)
131 -> 80 (26)
131 -> 127 (8)
131 -> 155 (196)
131 -> 168 (45)
131 -> 182 (29)
131 -> 183 (94)
131 -> 208 (88)
131 -> 236 (195)
131 -> 252 (134)
131 -> 275 (56)
131 -> 288 (109)
131 -> 292 (114)
131 -> 322 (190)
131 -> 325 (146)
131 -> 331 (102)
131 -> 353 (2)
131 -> 361 (9)
131 -> 414 (116)
131 -> 448 (146)
131 -> 456 (58)
131 -> 476 (136)
131 -> 524 (138)
131 -> 530 (182)
131 -> 535 (173)
131 -> 541 (197)
131 -> 547 (177)
131 -> 561 (154)
131 -> 574 (122)
131 -> 587 (196)
131 -> 595 (172)
131 -> 597 (131)
132 -> 287 (117)
132 -> 486 (80)
134 -> 245 (95)
134 -> 540 (86)
135 -> 287 (141)
137 -> 544 (179)
138 -> 124 (173)
139 -> 124 (195)
140 -> 524 (186)
141 -> 29 (45)
141 -> 88 (63)
141 -> 113 (34)
141 -> 156 (64)
141 -> 193 (34)
141 -> 217 (166)
141 -> 287 (126)
141 -> 291 (101)
141 -> 299 (179)
141 -> 308 (37)
141 -> 314 (176)
141 -> 337 (111)
141 -> 342 (111)
141 -> 417 (62)
141 -> 455 (121)
141 -> 476 (29)
141 -> 477 (83)
141 -> 483 (139)
141 -> 522 (164)
141 -> 549 (177)
141 -> 565 (126)
142 -> 194 (87)
143 -> 10 (78)
143 -> 42 (61)
143 -> 194 (67)
143 -> 246 (71)
143 -> 375 (88)
143 -> 398 (179)
143 -> 494 (6)
144 -> 10 (104)
145 -> 334 (51)
146 -> 10 (186)
147 -> 194 (115)
147 -> 452 (2)
148 -> 452 (139)
149 -> 245 (141)
149 -> 486 (16)
150 -> 66 (64)
150 -> 207 (138)
150 -> 220 (128)
150 -> 285 (18)
150 -> 287 (137)
150 -> 306 (51)
150 -> 318 (120)
150 -> 324 (125)
150 -> 332 (115)
150 -> 415 (156)
150 -> 449 (136)
150 -> 452 (114)
150 -> 461 (112)
150 -> 464 (132)
150 -> 524 (151)
150 -> 586 (70)
150 -> 589 (181)
151 -> 194 (124)
152 -> 10 (125)
152 -> 118 (178)
152 -> 124 (92)
152 -> 129 (13)
152 -> 146 (130)
152 -> 241 (144)
152 -> 268 (34)
152 -> 277 (72)
152 -> 290 (124)
152 -> 294 (137)
152 -> 299 (2)
152 -> 304 (157)
152 -> 416 (158)
152 -> 426 (22)
152 -> 432 (101)
152 -> 438 (122)
152 -> 451 (109)
152 -> 456 (13)
152 -> 471 (3)
152 -> 484 (186)
152 -> 491 (157)
152 -> 536 (33)
152 -> 550 (53)
152 -> 555 (146)
152 -> 598 (87)
153 -> 10 (187)
154 -> 10 (119)
155 -> 524 (196)
156 -> 544 (125)
157 -> 287 (188)
158 -> 452 (121)
159 -> 194 (116)
159 -> 245 (83)
160 -> 194 (156)
161 -> 10 (193)
162 -> 486 (159)
164 -> 124 (127)
165 -> 124 (179)
166 -> 245 (112)
167 -> 4 (12)
167 -> 16 (98)
167 -> 118 (1)
167 -> 124 (67)
167 -> 166 (112)
167 -> 205 (122)
167 -> 218 (163)
167 -> 254 (101)
167 -> 274 (117)
167 -> 278 (143)
167 -> 287 (72)
167 -> 297 (124)
167 -> 324 (68)
167 -> 362 (51)
167 -> 366 (80)
167 -> 390 (89)
167 -> 430 (98)
167 -> 472 (61)
167 -> 478 (183)
167 -> 485 (22)
167 -> 513 (161)
167 -> 531 (200)
167 -> 539 (35)
167 -> 544 (4)
167 -> 580 (62)
168 -> 194 (198)
169 -> 194 (172)
169 -> 287 (18)
170 -> 10 (133)
170 -> 38 (47)
170 -> 104 (194)
170 -> 130 (17)
170 -> 201 (166)
170 -> 269 (20)
170 -> 287 (2)
170 -> 318 (27)
170 -> 383 (177)
170 -> 486 (121)
170 -> 528 (121)
170 -> 580 (62)
171 -> 194 (84)
172 -> 124 (171)
172 -> 544 (1)
173 -> 245 (112)
173 -> 486 (55)
173 -> 531 (33)
175 -> 452 (178)
176 -> 288 (50)
177 -> 531 (164)
177 -> 540 (11)
178 -> 124 (113)
178 -> 245 (14)
179 -> 124 (180)
179 -> 486 (19)
181 -> 10 (132)
181 -> 452 (1)
182 -> 124 (171)
183 -> 245 (94)
184 -> 334 (4)
184 -> 544 (137)
186 -> 10 (78)
186 -> 199 (111)
187 -> 194 (188)
188 -> 10 (182)
189 -> 226 (18)
189 -> 253 (6)
189 -> 496 (9)
190 -> 10 (196)
191 -> 287 (180)
193 -> 10 (34)
195 -> 335 (1)
195 -> 486 (149)
195 -> 492 (22)
196 -> 486 (157)
196 -> 544 (11)
197 -> 245 (133)
198 -> 452 (124)
199 -> 524 (197)
200 -> 544 (149)
201 -> 486 (166)
202 -> 124 (124)
202 -> 544 (8)
203 -> 10 (152)
203 -> 194 (20)
205 -> 544 (122)
206 -> 486 (94)
207 -> 486 (138)
208 -> 531 (88)
209 -> 194 (106)
209 -> 452 (87)
210 -> 287 (148)
210 -> 531 (45)
212 -> 10 (152)
212 -> 531 (21)
213 -> 10 (175)
214 -> 144 (17)
214 -> 245 (129)
215 -> 245 (179)
216 -> 10 (49)
216 -> 72 (112)
216 -> 90 (64)
216 -> 96 (116)
216 -> 124 (153)
216 -> 219 (139)
216 -> 254 (98)
216 -> 287 (136)
216 -> 328 (120)
216 -> 372 (30)
216 -> 386 (85)
216 -> 452 (31)
216 -> 487 (32)
216 -> 529 (116)
216 -> 543 (152)
216 -> 544 (9)
216 -> 569 (21)
216 -> 593 (178)
217 -> 245 (166)
218 -> 287 (189)
219 -> 10 (73)
219 -> 194 (66)
220 -> 531 (128)
221 -> 452 (163)
222 -> 194 (57)
222 -> 245 (112)
223 -> 35 (119)
223 -> 137 (42)
223 -> 213 (14)
223 -> 264 (4)
223 -> 270 (197)
223 -> 287 (177)
223 -> 395 (39)
223 -> 417 (18)
223 -> 439 (83)
223 -> 452 (102)
223 -> 466 (108)
223 -> 486 (198)
223 -> 499 (116)
223 -> 551 (187)
223 -> 581 (98)
224 -> 68 (171)
224 -> 164 (18)
224 -> 200 (149)
224 -> 225 (31)
224 -> 274 (73)
224 -> 375 (79)
224 -> 418 (57)
224 -> 427 (169)
224 -> 452 (129)
224 -> 458 (26)
224 -> 482 (197)
224 -> 544 (170)
224 -> 553 (40)
224 -> 567 (170)
224 -> 576 (31)
224 -> 586 (86)
224 -> 588 (111)
225 -> 486 (31)
226 -> 124 (68)
228 -> 158 (121)
228 -> 301 (157)
228 -> 451 (79)
228 -> 486 (86)
228 -> 497 (177)
228 -> 531 (2)
228 -> 532 (114)
228 -> 565 (69)
229 -> 194 (177)
230 -> 544 (124)
231 -> 10 (129)
231 -> 124 (64)
232 -> 452 (75)
233 -> 452 (132)
234 -> 124 (164)
234 -> 524 (31)
235 -> 124 (177)
236 -> 287 (182)
236 -> 486 (13)
237 -> 124 (199)
238 -> 524 (200)
239 -> 287 (53)
240 -> 245 (104)
240 -> 544 (38)
241 -> 245 (144)
242 -> 287 (141)
243 -> 287 (98)
244 -> 452 (166)
244 -> 531 (2)
246 -> 139 (7)
246 -> 247 (64)
247 -> 124 (173)
248 -> 10 (66)
249 -> 524 (167)
250 -> 194 (47)
252 -> 452 (135)
253 -> 486 (150)
254 -> 194 (199)
257 -> 124 (150)
257 -> 194 (19)
258 -> 124 (158)
259 -> 544 (57)
260 -> 524 (158)
261 -> 124 (115)
262 -> 524 (83)
263 -> 10 (130)
264 -> 524 (168)
265 -> 287 (186)
266 -> 32 (97)
266 -> 85 (97)
266 -> 210 (193)
266 -> 265 (162)
266 -> 323 (162)
266 -> 344 (165)
266 -> 499 (52)
266 -> 524 (178)
266 -> 525 (154)
266 -> 528 (17)
266 -> 531 (167)
266 -> 594 (128)
268 -> 194 (167)
269 -> 544 (108)
270 -> 287 (113)
270 -> 486 (84)
271 -> 194 (171)
271 -> 544 (29)
273 -> 524 (100)
274 -> 245 (190)
275 -> 10 (150)
276 -> 10 (151)
277 -> 10 (199)
278 -> 245 (193)
279 -> 287 (133)
280 -> 194 (187)
281 -> 194 (103)
281 -> 486 (56)
282 -> 10 (181)
282 -> 124 (131)
282 -> 151 (48)
282 -> 343 (121)
282 -> 489 (152)
282 -> 492 (172)
282 -> 533 (18)
282 -> 556 (127)
284 -> 531 (145)
285 -> 194 (184)
286 -> 10 (139)
288 -> 124 (159)
289 -> 10 (170)
289 -> 524 (19)
290 -> 194 (195)
291 -> 531 (192)
292 -> 124 (114)
293 -> 287 (42)
293 -> 486 (22)
294 -> 531 (101)
294 -> 544 (36)
295 -> 524 (78)
295 -> 544 (102)
297 -> 194 (124)
298 -> 194 (183)
299 -> 287 (181)
300 -> 544 (127)
301 -> 531 (157)
302 -> 531 (176)
303 -> 544 (76)
304 -> 194 (176)
305 -> 245 (122)
305 -> 524 (16)
306 -> 245 (141)
307 -> 194 (132)
307 -> 287 (18)
308 -> 10 (164)
309 -> 287 (166)
310 -> 287 (113)
310 -> 531 (75)
311 -> 160 (11)
311 -> 194 (154)
311 -> 244 (168)
311 -> 245 (122)
311 -> 252 (1)
311 -> 265 (24)
311 -> 278 (50)
311 -> 346 (162)
311 -> 369 (2)
311 -> 411 (10)
311 -> 520 (174)
311 -> 523 (87)
311 -> 559 (134)
312 -> 43 (189)
312 -> 64 (138)
312 -> 139 (188)
312 -> 176 (5)
312 -> 276 (68)
312 -> 286 (52)
312 -> 287 (116)
312 -> 295 (180)
312 -> 413 (175)
312 -> 425 (15)
312 -> 517 (140)
312 -> 524 (70)
312 -> 598 (34)
313 -> 10 (126)
313 -> 194 (28)
314 -> 287 (114)
314 -> 544 (62)
315 -> 245 (134)
315 -> 531 (23)
316 -> 390 (67)
318 -> 287 (147)
319 -> 531 (170)
320 -> 124 (145)
320 -> 524 (12)
321 -> 10 (183)
322 -> 194 (190)
323 -> 486 (162)
324 -> 194 (193)
325 -> 10 (146)
326 -> 582 (11)
328 -> 524 (120)
329 -> 544 (90)
330 -> 531 (191)
331 -> 10 (102)
332 -> 10 (115)
333 -> 287 (167)
334 -> 544 (197)
335 -> 544 (200)
336 -> 10 (127)
337 -> 10 (111)
338 -> 194 (173)
339 -> 194 (185)
340 -> 486 (85)
341 -> 245 (89)
341 -> 524 (18)
342 -> 124 (111)
343 -> 245 (178)
344 -> 287 (150)
344 -> 524 (15)
345 -> 245 (164)
345 -> 486 (27)
346 -> 245 (162)
347 -> 124 (97)
347 -> 287 (3)
348 -> 287 (124)
349 -> 146 (56)
349 -> 194 (51)
349 -> 235 (177)
349 -> 321 (56)
349 -> 347 (100)
349 -> 524 (176)
349 -> 531 (2)
349 -> 563 (17)
350 -> 486 (196)
351 -> 124 (18)
351 -> 290 (71)
351 -> 350 (15)
351 -> 366 (77)
351 -> 386 (65)
351 -> 488 (186)
351 -> 531 (5)
352 -> 524 (196)
353 -> 524 (136)
355 -> 524 (188)
356 -> 481 (182)
357 -> 531 (120)
358 -> 10 (120)
359 -> 10 (77)
359 -> 124 (194)
359 -> 287 (94)
359 -> 335 (8)
359 -> 524 (142)
360 -> 358 (120)
361 -> 559 (9)
362 -> 245 (174)
363 -> 287 (188)
364 -> 531 (125)
365 -> 446 (185)
366 -> 315 (157)
367 -> 486 (179)
368 -> 245 (175)
369 -> 49 (2)
371 -> 597 (48)
372 -> 10 (194)
373 -> 452 (56)
373 -> 531 (129)
374 -> 287 (136)
375 -> 245 (167)
376 -> 544 (61)
377 -> 287 (124)
377 -> 452 (61)
378 -> 10 (144)
378 -> 245 (56)
379 -> 524 (166)
380 -> 486 (127)
380 -> 524 (21)
381 -> 194 (158)
381 -> 531 (28)
383 -> 531 (177)
384 -> 10 (80)
384 -> 128 (158)
384 -> 194 (45)
384 -> 330 (34)
384 -> 374 (136)
384 -> 486 (98)
384 -> 489 (25)
384 -> 531 (20)
386 -> 194 (150)
388 -> 245 (109)
389 -> 10 (132)
389 -> 194 (55)
390 -> 194 (156)
391 -> 531 (128)
392 -> 194 (135)
393 -> 544 (109)
394 -> 10 (71)
394 -> 218 (26)
394 -> 564 (27)
395 -> 194 (180)
396 -> 452 (162)
397 -> 194 (160)
398 -> 544 (179)
400 -> 10 (183)
401 -> 544 (81)
402 -> 287 (64)
402 -> 486 (105)
403 -> 194 (151)
404 -> 10 (34)
404 -> 17 (36)
404 -> 96 (37)
404 -> 249 (167)
404 -> 287 (162)
404 -> 452 (164)
405 -> 161 (29)
405 -> 194 (130)
407 -> 10 (96)
408 -> 144 (87)
408 -> 238 (12)
408 -> 468 (27)
408 -> 531 (61)
409 -> 10 (113)
410 -> 194 (188)
411 -> 531 (181)
412 -> 194 (26)
412 -> 320 (157)
412 -> 449 (62)
412 -> 452 (14)
412 -> 501 (188)
412 -> 534 (47)
412 -> 544 (12)
413 -> 10 (175)
414 -> 287 (59)
414 -> 544 (57)
415 -> 10 (152)
415 -> 245 (4)
416 -> 124 (158)
417 -> 194 (129)
418 -> 524 (57)
419 -> 10 (75)
419 -> 194 (45)
419 -> 517 (17)
419 -> 545 (166)
420 -> 514 (75)
421 -> 124 (159)
422 -> 99 (132)
422 -> 124 (113)
422 -> 287 (108)
422 -> 409 (113)
422 -> 544 (86)
422 -> 568 (6)
422 -> 583 (193)
423 -> 452 (114)
424 -> 194 (200)
425 -> 10 (192)
426 -> 124 (22)
427 -> 524 (169)
428 -> 194 (117)
428 -> 486 (76)
429 -> 531 (187)
430 -> 10 (177)
431 -> 245 (181)
432 -> 10 (101)
433 -> 124 (179)
435 -> 287 (57)
435 -> 377 (185)
435 -> 564 (128)
436 -> 452 (119)
437 -> 452 (196)
438 -> 486 (174)
439 -> 10 (83)
441 -> 452 (176)
444 -> 124 (126)
445 -> 124 (81)
446 -> 245 (181)
446 -> 524 (4)
447 -> 10 (185)
447 -> 524 (2)
448 -> 124 (106)
448 -> 452 (40)
449 -> 544 (198)
450 -> 524 (134)
451 -> 452 (188)
453 -> 287 (144)
454 -> 10 (169)
455 -> 245 (121)
456 -> 452 (71)
458 -> 524 (98)
459 -> 124 (197)
460 -> 10 (133)
460 -> 194 (28)
461 -> 531 (112)
462 -> 287 (34)
464 -> 10 (62)
464 -> 486 (70)
465 -> 287 (63)
465 -> 531 (39)
466 -> 287 (108)
467 -> 245 (115)
468 -> 10 (185)
469 -> 245 (177)
471 -> 194 (99)
472 -> 124 (200)
474 -> 544 (172)
475 -> 514 (97)
476 -> 452 (165)
477 -> 10 (83)
478 -> 452 (140)
478 -> 531 (43)
479 -> 124 (60)
479 -> 187 (40)
480 -> 388 (109)
480 -> 524 (130)
481 -> 194 (169)
481 -> 287 (13)
482 -> 10 (161)
482 -> 245 (36)
483 -> 524 (139)
484 -> 154 (111)
484 -> 232 (75)
485 -> 245 (187)
487 -> 194 (197)
488 -> 124 (186)
489 -> 10 (177)
490 -> 175 (178)
491 -> 544 (157)
492 -> 124 (194)
493 -> 287 (147)
493 -> 544 (4)
494 -> 124 (168)
495 -> 10 (151)
495 -> 486 (42)
496 -> 452 (169)
497 -> 245 (177)
498 -> 121 (166)
498 -> 194 (25)
498 -> 245 (69)
498 -> 544 (10)
499 -> 544 (168)
500 -> 531 (198)
501 -> 124 (104)
501 -> 194 (84)
503 -> 304 (19)
504 -> 452 (153)
505 -> 531 (161)
506 -> 194 (59)
506 -> 452 (4)
507 -> 486 (148)
508 -> 7 (32)
508 -> 124 (8)
508 -> 194 (199)
508 -> 486 (6)
508 -> 544 (93)
509 -> 10 (139)
509 -> 194 (193)
509 -> 452 (53)
509 -> 524 (61)
510 -> 531 (138)
511 -> 245 (82)
512 -> 161 (10)
512 -> 194 (77)
513 -> 245 (161)
514 -> 287 (172)
515 -> 544 (112)
516 -> 221 (26)
516 -> 245 (75)
516 -> 437 (196)
516 -> 486 (41)
516 -> 544 (44)
517 -> 194 (157)
518 -> 124 (182)
520 -> 10 (195)
522 -> 544 (164)
523 -> 287 (87)
525 -> 10 (120)
525 -> 124 (34)
526 -> 452 (180)
527 -> 30 (29)
527 -> 540 (24)
528 -> 124 (138)
529 -> 154 (8)
529 -> 486 (108)
530 -> 124 (132)
530 -> 486 (50)
532 -> 124 (114)
533 -> 194 (196)
534 -> 124 (188)
535 -> 524 (77)
535 -> 544 (96)
536 -> 10 (89)
537 -> 10 (126)
537 -> 452 (62)
538 -> 287 (189)
539 -> 524 (105)
540 -> 365 (185)
541 -> 10 (149)
541 -> 524 (48)
542 -> 199 (9)
542 -> 263 (1)
542 -> 574 (15)
543 -> 10 (152)
545 -> 124 (166)
546 -> 194 (114)
547 -> 10 (149)
547 -> 452 (28)
548 -> 245 (176)
549 -> 10 (177)
550 -> 531 (177)
551 -> 438 (52)
551 -> 452 (135)
552 -> 10 (143)
552 -> 245 (56)
553 -> 452 (132)
554 -> 452 (79)
555 -> 486 (133)
555 -> 524 (13)
556 -> 524 (127)
558 -> 544 (190)
559 -> 486 (143)
560 -> 245 (186)
561 -> 287 (134)
561 -> 524 (20)
562 -> 194 (163)
562 -> 452 (13)
563 -> 245 (196)
564 -> 531 (155)
565 -> 124 (195)
567 -> 194 (170)
568 -> 544 (192)
569 -> 520 (21)
570 -> 245 (69)
570 -> 531 (51)
571 -> 452 (128)
573 -> 544 (145)
574 -> 531 (137)
575 -> 524 (195)
576 -> 524 (175)
579 -> 544 (153)
580 -> 544 (124)
581 -> 10 (194)
582 -> 245 (179)
583 -> 124 (161)
583 -> 524 (32)
584 -> 10 (118)
586 -> 544 (156)
587 -> 194 (135)
587 -> 531 (61)
588 -> 10 (111)
589 -> 544 (181)
590 -> 245 (138)
590 -> 263 (129)
590 -> 309 (166)
590 -> 486 (61)
591 -> 124 (34)
591 -> 198 (3)
591 -> 486 (151)
591 -> 524 (34)
592 -> 194 (178)
593 -> 245 (178)
594 -> 245 (128)
595 -> 486 (153)
595 -> 524 (19)
596 -> 10 (128)
597 -> 10 (179)
598 -> 245 (191)
Fluxo: 78870
Arestas removidas: 32487

--Rotas do 2ยบ turno-----------------------------
0 -> 245 (178)
1 -> 524 (116)
2 -> 287 (123)
3 -> 124 (152)
4 -> 194 (108)
5 -> 287 (144)
5 -> 524 (47)
6 -> 355 (52)
6 -> 367 (46)
7 -> 544 (80)
8 -> 194 (116)
9 -> 15 (181)
9 -> 41 (126)
11 -> 524 (165)
13 -> 245 (157)
14 -> 486 (95)
15 -> 124 (177)
15 -> 245 (4)
16 -> 30 (63)
16 -> 66 (20)
16 -> 194 (98)
17 -> 287 (129)
18 -> 378 (200)
19 -> 245 (141)
19 -> 287 (42)
20 -> 544 (38)
22 -> 245 (120)
24 -> 214 (85)
25 -> 245 (133)
25 -> 531 (66)
26 -> 452 (121)
27 -> 287 (162)
28 -> 2 (123)
28 -> 81 (69)
29 -> 194 (194)
30 -> 287 (183)
31 -> 17 (129)
31 -> 60 (141)
31 -> 83 (156)
31 -> 126 (137)
31 -> 159 (115)
31 -> 194 (131)
31 -> 245 (165)
32 -> 544 (197)
33 -> 162 (91)
33 -> 184 (94)
34 -> 140 (30)
34 -> 245 (147)
35 -> 124 (99)
35 -> 486 (20)
36 -> 124 (147)
37 -> 452 (118)
38 -> 30 (30)
38 -> 452 (47)
39 -> 0 (170)
39 -> 8 (116)
39 -> 22 (120)
39 -> 44 (138)
39 -> 127 (168)
39 -> 172 (172)
39 -> 177 (164)
39 -> 188 (147)
39 -> 196 (168)
39 -> 202 (132)
39 -> 212 (173)
39 -> 229 (177)
39 -> 260 (158)
39 -> 345 (122)
40 -> 10 (184)
41 -> 10 (113)
41 -> 194 (13)
42 -> 124 (143)
43 -> 452 (127)
43 -> 524 (62)
44 -> 486 (178)
45 -> 11 (165)
45 -> 19 (183)
45 -> 26 (121)
45 -> 53 (113)
45 -> 58 (107)
45 -> 70 (104)
45 -> 88 (129)
45 -> 92 (110)
45 -> 110 (173)
45 -> 117 (193)
45 -> 130 (140)
45 -> 209 (193)
45 -> 221 (137)
45 -> 245 (200)
45 -> 257 (169)
45 -> 258 (158)
45 -> 264 (164)
45 -> 298 (145)
45 -> 333 (106)
45 -> 336 (127)
45 -> 381 (186)
45 -> 389 (187)
45 -> 395 (141)
45 -> 467 (115)
45 -> 531 (166)
45 -> 538 (100)
45 -> 544 (143)
47 -> 245 (80)
48 -> 1 (116)
48 -> 36 (118)
48 -> 65 (162)
48 -> 69 (126)
48 -> 71 (168)
48 -> 129 (144)
48 -> 191 (167)
48 -> 198 (121)
48 -> 213 (161)
48 -> 231 (193)
48 -> 233 (132)
48 -> 238 (188)
48 -> 240 (142)
48 -> 273 (100)
48 -> 284 (145)
48 -> 286 (87)
48 -> 334 (142)
48 -> 335 (191)
48 -> 341 (107)
48 -> 364 (125)
48 -> 424 (103)
48 -> 431 (134)
48 -> 454 (129)
48 -> 468 (158)
48 -> 474 (117)
48 -> 486 (101)
48 -> 494 (162)
48 -> 537 (188)
48 -> 584 (89)
49 -> 194 (182)
50 -> 527 (87)
51 -> 454 (15)
51 -> 589 (63)
52 -> 124 (150)
52 -> 245 (21)
53 -> 124 (113)
54 -> 511 (27)
54 -> 540 (39)
54 -> 553 (42)
55 -> 245 (118)
55 -> 486 (27)
56 -> 531 (174)
57 -> 531 (124)
58 -> 124 (127)
59 -> 476 (29)
59 -> 568 (50)
60 -> 287 (182)
61 -> 199 (27)
61 -> 410 (93)
61 -> 450 (36)
62 -> 248 (94)
64 -> 531 (138)
65 -> 10 (162)
66 -> 245 (64)
68 -> 124 (100)
68 -> 194 (71)
69 -> 124 (126)
70 -> 194 (104)
71 -> 287 (143)
71 -> 486 (25)
72 -> 186 (32)
72 -> 486 (112)
73 -> 98 (27)
74 -> 544 (113)
75 -> 511 (3)
75 -> 531 (118)
76 -> 454 (25)
76 -> 548 (64)
78 -> 452 (26)
80 -> 179 (199)
81 -> 124 (69)
82 -> 531 (155)
83 -> 531 (156)
84 -> 363 (6)
84 -> 531 (98)
85 -> 287 (192)
86 -> 245 (58)
87 -> 452 (186)
88 -> 245 (192)
89 -> 287 (119)
89 -> 452 (1)
90 -> 287 (174)
91 -> 245 (129)
92 -> 531 (142)
93 -> 134 (20)
93 -> 544 (87)
95 -> 10 (141)
96 -> 161 (128)
96 -> 504 (8)
97 -> 10 (118)
97 -> 49 (182)
97 -> 55 (145)
97 -> 57 (124)
97 -> 98 (130)
97 -> 114 (183)
97 -> 149 (157)
97 -> 153 (172)
97 -> 160 (145)
97 -> 187 (148)
97 -> 215 (149)
97 -> 279 (133)
97 -> 339 (149)
97 -> 357 (114)
97 -> 373 (185)
97 -> 380 (148)
97 -> 396 (54)
98 -> 194 (169)
99 -> 194 (120)
99 -> 245 (12)
100 -> 524 (161)
101 -> 13 (128)
101 -> 27 (162)
101 -> 89 (120)
101 -> 109 (132)
101 -> 122 (185)
101 -> 165 (150)
101 -> 230 (124)
101 -> 289 (181)
102 -> 78 (26)
102 -> 452 (101)
103 -> 5 (191)
103 -> 10 (164)
103 -> 14 (95)
103 -> 25 (199)
103 -> 74 (113)
103 -> 82 (135)
103 -> 125 (175)
103 -> 132 (197)
103 -> 138 (120)
103 -> 140 (152)
103 -> 157 (188)
103 -> 222 (169)
103 -> 253 (144)
103 -> 261 (115)
103 -> 275 (94)
103 -> 348 (124)
103 -> 368 (158)
103 -> 391 (128)
103 -> 397 (158)
103 -> 421 (120)
103 -> 441 (166)
103 -> 495 (193)
103 -> 518 (182)
103 -> 544 (96)
103 -> 552 (160)
104 -> 452 (175)
104 -> 486 (19)
105 -> 531 (68)
108 -> 34 (177)
108 -> 37 (118)
108 -> 58 (20)
108 -> 82 (20)
108 -> 135 (117)
108 -> 138 (53)
108 -> 153 (15)
108 -> 167 (36)
108 -> 190 (194)
108 -> 239 (84)
108 -> 247 (109)
108 -> 262 (187)
108 -> 272 (89)
108 -> 298 (38)
108 -> 307 (150)
108 -> 319 (114)
108 -> 327 (196)
108 -> 330 (157)
108 -> 338 (150)
108 -> 397 (2)
108 -> 403 (91)
108 -> 407 (96)
108 -> 423 (96)
108 -> 441 (10)
108 -> 444 (126)
108 -> 445 (63)
108 -> 474 (55)
108 -> 510 (185)
108 -> 531 (92)
108 -> 546 (165)
108 -> 560 (107)
109 -> 245 (132)
110 -> 531 (173)
111 -> 283 (29)
111 -> 526 (66)
111 -> 540 (19)
112 -> 142 (18)
112 -> 400 (32)
112 -> 560 (79)
113 -> 253 (6)
113 -> 362 (49)
113 -> 483 (21)
113 -> 524 (34)
114 -> 194 (125)
114 -> 287 (58)
115 -> 87 (50)
116 -> 32 (100)
116 -> 56 (119)
116 -> 194 (147)
116 -> 285 (166)
116 -> 313 (154)
116 -> 425 (177)
116 -> 433 (173)
116 -> 452 (172)
116 -> 459 (135)
116 -> 469 (177)
116 -> 486 (65)
116 -> 496 (91)
116 -> 579 (49)
117 -> 194 (86)
117 -> 486 (107)
118 -> 10 (178)
120 -> 316 (39)
120 -> 363 (42)
120 -> 479 (60)
121 -> 124 (166)
122 -> 544 (185)
123 -> 468 (27)
123 -> 526 (35)
123 -> 533 (67)
125 -> 531 (175)
126 -> 10 (120)
126 -> 486 (17)
127 -> 10 (168)
128 -> 10 (125)
128 -> 287 (33)
129 -> 486 (157)
130 -> 452 (157)
131 -> 52 (171)
131 -> 155 (196)
131 -> 168 (182)
131 -> 183 (94)
131 -> 236 (195)
131 -> 252 (134)
131 -> 288 (109)
131 -> 292 (114)
131 -> 322 (190)
131 -> 325 (146)
131 -> 331 (102)
131 -> 353 (136)
131 -> 414 (116)
131 -> 448 (146)
131 -> 476 (136)
131 -> 500 (137)
131 -> 524 (138)
131 -> 530 (182)
131 -> 535 (173)
131 -> 541 (197)
131 -> 547 (177)
131 -> 561 (154)
131 -> 587 (196)
131 -> 595 (118)
132 -> 287 (117)
132 -> 486 (80)
133 -> 180 (32)
133 -> 208 (46)
133 -> 430 (23)
134 -> 245 (83)
135 -> 287 (117)
137 -> 151 (18)
137 -> 544 (179)
138 -> 124 (173)
139 -> 124 (188)
140 -> 524 (186)
141 -> 29 (94)
141 -> 156 (122)
141 -> 217 (166)
141 -> 287 (126)
141 -> 291 (176)
141 -> 299 (179)
141 -> 308 (164)
141 -> 314 (176)
141 -> 337 (111)
141 -> 342 (111)
141 -> 455 (121)
141 -> 477 (83)
141 -> 522 (164)
141 -> 549 (98)
142 -> 194 (87)
143 -> 10 (78)
143 -> 42 (143)
143 -> 73 (27)
143 -> 194 (67)
143 -> 246 (64)
143 -> 250 (67)
143 -> 375 (88)
143 -> 398 (182)
143 -> 494 (6)
144 -> 10 (104)
146 -> 10 (186)
149 -> 245 (141)
149 -> 486 (16)
150 -> 207 (138)
150 -> 220 (128)
150 -> 287 (137)
150 -> 318 (120)
150 -> 324 (125)
150 -> 415 (156)
150 -> 452 (114)
150 -> 464 (120)
150 -> 524 (151)
151 -> 194 (124)
152 -> 10 (125)
152 -> 24 (85)
152 -> 48 (162)
152 -> 118 (178)
152 -> 124 (92)
152 -> 129 (13)
152 -> 146 (130)
152 -> 211 (126)
152 -> 241 (181)
152 -> 251 (136)
152 -> 268 (91)
152 -> 277 (141)
152 -> 290 (124)
152 -> 294 (137)
152 -> 299 (2)
152 -> 304 (157)
152 -> 379 (166)
152 -> 416 (158)
152 -> 426 (69)
152 -> 432 (183)
152 -> 438 (122)
152 -> 451 (109)
152 -> 456 (68)
152 -> 471 (167)
152 -> 484 (186)
152 -> 491 (157)
152 -> 536 (64)
152 -> 550 (175)
152 -> 555 (146)
152 -> 598 (87)
153 -> 10 (187)
154 -> 10 (111)
155 -> 524 (196)
156 -> 544 (125)
157 -> 287 (188)
158 -> 7 (11)
158 -> 32 (34)
158 -> 276 (10)
158 -> 452 (121)
158 -> 548 (11)
159 -> 194 (115)
160 -> 194 (156)
161 -> 10 (193)
162 -> 486 (159)
163 -> 589 (118)
164 -> 124 (127)
165 -> 124 (150)
166 -> 245 (112)
166 -> 334 (55)
167 -> 4 (108)
167 -> 16 (181)
167 -> 97 (200)
167 -> 102 (127)
167 -> 124 (67)
167 -> 163 (118)
167 -> 166 (167)
167 -> 205 (182)
167 -> 218 (163)
167 -> 254 (101)
167 -> 274 (117)
167 -> 278 (143)
167 -> 287 (72)
167 -> 297 (124)
167 -> 362 (64)
167 -> 390 (89)
167 -> 430 (154)
167 -> 472 (170)
167 -> 478 (183)
167 -> 485 (183)
167 -> 513 (171)
167 -> 531 (200)
167 -> 539 (64)
167 -> 580 (62)
167 -> 592 (111)
168 -> 194 (182)
170 -> 10 (133)
170 -> 18 (170)
170 -> 33 (185)
170 -> 36 (29)
170 -> 38 (77)
170 -> 62 (94)
170 -> 104 (194)
170 -> 130 (17)
170 -> 201 (166)
170 -> 259 (125)
170 -> 269 (186)
170 -> 287 (2)
170 -> 318 (27)
170 -> 383 (180)
170 -> 486 (121)
170 -> 519 (60)
170 -> 528 (121)
170 -> 550 (2)
170 -> 580 (62)
170 -> 596 (128)
170 -> 599 (128)
171 -> 194 (84)
172 -> 124 (171)
172 -> 544 (1)
174 -> 363 (98)
174 -> 483 (31)
174 -> 539 (41)
175 -> 452 (178)
176 -> 288 (50)
176 -> 323 (100)
176 -> 424 (7)
177 -> 531 (164)
179 -> 124 (180)
179 -> 486 (19)
180 -> 237 (32)
183 -> 245 (94)
184 -> 544 (137)
185 -> 367 (82)
186 -> 10 (78)
187 -> 194 (148)
188 -> 10 (147)
189 -> 237 (25)
189 -> 496 (78)
190 -> 10 (194)
191 -> 287 (180)
193 -> 10 (34)
193 -> 184 (43)
193 -> 568 (24)
193 -> 594 (45)
196 -> 486 (157)
196 -> 544 (11)
197 -> 245 (133)
198 -> 452 (124)
199 -> 524 (197)
200 -> 410 (1)
200 -> 544 (149)
201 -> 486 (166)
202 -> 124 (124)
202 -> 544 (8)
204 -> 98 (12)
204 -> 323 (62)
205 -> 30 (60)
205 -> 544 (122)
207 -> 486 (138)
208 -> 531 (88)
209 -> 194 (106)
209 -> 452 (87)
210 -> 287 (148)
210 -> 531 (45)
211 -> 338 (23)
211 -> 350 (92)
211 -> 475 (11)
212 -> 10 (152)
212 -> 531 (21)
213 -> 10 (175)
214 -> 245 (129)
215 -> 245 (149)
216 -> 10 (49)
216 -> 18 (30)
216 -> 45 (164)
216 -> 50 (87)
216 -> 72 (144)
216 -> 90 (174)
216 -> 92 (32)
216 -> 124 (153)
216 -> 133 (101)
216 -> 204 (74)
216 -> 219 (186)
216 -> 254 (98)
216 -> 287 (136)
216 -> 328 (191)
216 -> 372 (167)
216 -> 386 (85)
216 -> 442 (145)
216 -> 452 (31)
216 -> 461 (112)
216 -> 487 (197)
216 -> 529 (197)
216 -> 543 (152)
216 -> 544 (9)
216 -> 569 (21)
216 -> 593 (178)
217 -> 245 (166)
218 -> 287 (163)
219 -> 10 (73)
219 -> 194 (66)
219 -> 343 (30)
219 -> 431 (17)
220 -> 531 (128)
221 -> 452 (163)
222 -> 194 (57)
222 -> 245 (112)
223 -> 28 (158)
223 -> 31 (136)
223 -> 35 (119)
223 -> 103 (161)
223 -> 270 (197)
223 -> 287 (177)
223 -> 395 (39)
223 -> 439 (83)
223 -> 452 (102)
223 -> 466 (173)
223 -> 486 (198)
223 -> 499 (116)
223 -> 542 (107)
223 -> 551 (187)
223 -> 581 (192)
224 -> 59 (79)
224 -> 68 (171)
224 -> 164 (50)
224 -> 200 (150)
224 -> 225 (100)
224 -> 264 (4)
224 -> 274 (73)
224 -> 375 (79)
224 -> 418 (159)
224 -> 427 (169)
224 -> 452 (129)
224 -> 482 (197)
224 -> 521 (144)
224 -> 544 (170)
224 -> 553 (90)
224 -> 567 (170)
224 -> 576 (92)
224 -> 586 (114)
224 -> 588 (169)
225 -> 339 (21)
225 -> 350 (27)
225 -> 355 (21)
225 -> 486 (31)
226 -> 124 (68)
228 -> 51 (78)
228 -> 75 (121)
228 -> 113 (110)
228 -> 150 (135)
228 -> 158 (187)
228 -> 301 (157)
228 -> 451 (79)
228 -> 473 (103)
228 -> 486 (86)
228 -> 497 (177)
228 -> 531 (2)
228 -> 532 (182)
228 -> 565 (133)
229 -> 194 (177)
230 -> 544 (124)
231 -> 10 (129)
231 -> 124 (64)
232 -> 452 (75)
233 -> 452 (132)
235 -> 124 (177)
235 -> 226 (1)
236 -> 287 (182)
236 -> 486 (13)
237 -> 124 (199)
238 -> 524 (200)
239 -> 287 (53)
239 -> 362 (31)
240 -> 245 (104)
240 -> 544 (38)
241 -> 47 (37)
241 -> 245 (144)
243 -> 287 (98)
243 -> 505 (5)
244 -> 452 (166)
244 -> 531 (2)
246 -> 247 (64)
247 -> 124 (173)
248 -> 10 (66)
248 -> 316 (28)
249 -> 524 (167)
250 -> 194 (47)
250 -> 540 (20)
251 -> 87 (136)
252 -> 452 (135)
253 -> 486 (150)
254 -> 194 (199)
255 -> 533 (32)
257 -> 124 (150)
257 -> 194 (19)
258 -> 124 (158)
259 -> 449 (68)
259 -> 544 (57)
260 -> 524 (158)
261 -> 124 (115)
262 -> 84 (104)
262 -> 524 (83)
263 -> 10 (130)
264 -> 524 (168)
265 -> 287 (186)
266 -> 40 (137)
266 -> 85 (114)
266 -> 210 (193)
266 -> 265 (162)
266 -> 344 (165)
266 -> 524 (178)
266 -> 525 (101)
266 -> 531 (167)
268 -> 194 (91)
269 -> 85 (27)
269 -> 164 (9)
269 -> 208 (42)
269 -> 544 (108)
270 -> 287 (113)
270 -> 486 (84)
272 -> 376 (119)
273 -> 524 (100)
274 -> 245 (190)
275 -> 10 (150)
276 -> 10 (151)
277 -> 10 (141)
278 -> 245 (193)
279 -> 287 (133)
282 -> 10 (181)
282 -> 115 (50)
282 -> 124 (131)
282 -> 151 (92)
282 -> 174 (170)
282 -> 343 (148)
282 -> 354 (113)
282 -> 359 (114)
282 -> 392 (168)
282 -> 489 (152)
282 -> 492 (172)
282 -> 533 (50)
282 -> 556 (132)
283 -> 363 (29)
284 -> 531 (145)
285 -> 194 (166)
286 -> 10 (139)
288 -> 124 (159)
289 -> 10 (170)
289 -> 524 (11)
290 -> 194 (195)
291 -> 531 (192)
292 -> 124 (114)
293 -> 287 (42)
293 -> 362 (23)
293 -> 486 (22)
293 -> 534 (11)
294 -> 531 (101)
294 -> 544 (36)
295 -> 524 (78)
295 -> 534 (14)
295 -> 544 (102)
297 -> 194 (124)
298 -> 194 (183)
299 -> 287 (181)
301 -> 531 (157)
302 -> 531 (176)
303 -> 544 (76)
304 -> 194 (157)
307 -> 194 (132)
307 -> 287 (18)
308 -> 10 (164)
309 -> 287 (166)
311 -> 29 (100)
311 -> 76 (89)
311 -> 112 (129)
311 -> 123 (129)
311 -> 137 (197)
311 -> 143 (87)
311 -> 160 (11)
311 -> 189 (103)
311 -> 191 (13)
311 -> 194 (154)
311 -> 244 (168)
311 -> 245 (122)
311 -> 252 (1)
311 -> 265 (24)
311 -> 278 (50)
311 -> 333 (61)
311 -> 346 (182)
311 -> 369 (107)
311 -> 400 (151)
311 -> 406 (3)
311 -> 411 (171)
311 -> 434 (69)
311 -> 456 (3)
311 -> 520 (174)
311 -> 523 (89)
311 -> 559 (134)
312 -> 0 (8)
312 -> 13 (29)
312 -> 43 (189)
312 -> 64 (138)
312 -> 139 (188)
312 -> 176 (157)
312 -> 276 (141)
312 -> 286 (52)
312 -> 287 (116)
312 -> 291 (16)
312 -> 295 (194)
312 -> 359 (80)
312 -> 399 (57)
312 -> 413 (175)
312 -> 417 (156)
312 -> 420 (110)
312 -> 425 (15)
312 -> 517 (140)
312 -> 524 (70)
312 -> 598 (104)
313 -> 10 (126)
313 -> 194 (28)
314 -> 287 (114)
314 -> 544 (62)
315 -> 245 (30)
316 -> 390 (67)
318 -> 287 (147)
319 -> 531 (170)
320 -> 124 (145)
320 -> 524 (12)
321 -> 10 (183)
322 -> 194 (190)
323 -> 486 (162)
324 -> 194 (193)
325 -> 10 (146)
326 -> 582 (165)
327 -> 91 (129)
327 -> 226 (67)
328 -> 66 (21)
328 -> 524 (120)
328 -> 548 (50)
330 -> 531 (191)
331 -> 10 (102)
332 -> 10 (115)
333 -> 287 (167)
334 -> 544 (197)
335 -> 544 (200)
336 -> 10 (127)
337 -> 10 (111)
338 -> 194 (173)
339 -> 194 (185)
340 -> 486 (85)
341 -> 245 (89)
341 -> 524 (18)
342 -> 124 (111)
343 -> 245 (178)
344 -> 287 (150)
344 -> 524 (15)
345 -> 245 (122)
346 -> 245 (162)
346 -> 431 (14)
346 -> 594 (6)
347 -> 124 (97)
347 -> 287 (3)
348 -> 287 (124)
349 -> 40 (47)
349 -> 44 (40)
349 -> 54 (108)
349 -> 111 (114)
349 -> 131 (179)
349 -> 146 (56)
349 -> 194 (51)
349 -> 235 (178)
349 -> 255 (32)
349 -> 321 (101)
349 -> 347 (100)
349 -> 433 (6)
349 -> 457 (168)
349 -> 458 (98)
349 -> 500 (61)
349 -> 524 (176)
349 -> 531 (2)
349 -> 563 (196)
349 -> 581 (2)
349 -> 592 (67)
350 -> 486 (196)
351 -> 39 (141)
351 -> 61 (156)
351 -> 101 (173)
351 -> 124 (18)
351 -> 141 (87)
351 -> 213 (14)
351 -> 290 (71)
351 -> 350 (77)
351 -> 366 (138)
351 -> 371 (151)
351 -> 386 (65)
351 -> 453 (146)
351 -> 488 (196)
351 -> 490 (50)
351 -> 531 (5)
351 -> 536 (25)
353 -> 524 (136)
354 -> 199 (113)
355 -> 524 (188)
356 -> 481 (182)
357 -> 531 (114)
358 -> 10 (120)
359 -> 124 (194)
360 -> 358 (120)
361 -> 93 (107)
361 -> 339 (12)
361 -> 483 (14)
362 -> 245 (174)
363 -> 287 (188)
364 -> 531 (125)
365 -> 446 (180)
366 -> 302 (108)
366 -> 315 (30)
367 -> 486 (179)
368 -> 245 (158)
369 -> 47 (43)
369 -> 450 (64)
370 -> 483 (68)
371 -> 548 (51)
371 -> 597 (100)
372 -> 10 (167)
373 -> 452 (56)
373 -> 531 (129)
374 -> 287 (136)
374 -> 571 (43)
375 -> 245 (167)
376 -> 515 (58)
376 -> 544 (61)
377 -> 287 (124)
377 -> 452 (61)
378 -> 10 (144)
378 -> 245 (56)
379 -> 524 (166)
380 -> 486 (127)
380 -> 524 (21)
381 -> 194 (158)
381 -> 531 (28)
383 -> 339 (3)
383 -> 531 (177)
384 -> 3 (152)
384 -> 10 (80)
384 -> 60 (41)
384 -> 88 (63)
384 -> 120 (141)
384 -> 128 (158)
384 -> 194 (45)
384 -> 293 (98)
384 -> 324 (68)
384 -> 330 (34)
384 -> 374 (179)
384 -> 443 (167)
384 -> 486 (98)
384 -> 489 (25)
384 -> 528 (17)
384 -> 531 (20)
384 -> 566 (44)
384 -> 586 (42)
385 -> 594 (77)
386 -> 194 (150)
387 -> 363 (13)
388 -> 245 (109)
388 -> 576 (37)
389 -> 10 (132)
389 -> 194 (55)
390 -> 194 (156)
391 -> 531 (128)
392 -> 85 (16)
392 -> 194 (135)
392 -> 475 (17)
394 -> 10 (13)
395 -> 194 (180)
396 -> 452 (54)
397 -> 194 (160)
398 -> 32 (3)
398 -> 544 (179)
399 -> 214 (44)
399 -> 485 (4)
399 -> 568 (9)
400 -> 10 (183)
403 -> 194 (91)
404 -> 249 (167)
404 -> 287 (162)
404 -> 452 (164)
405 -> 194 (130)
405 -> 238 (12)
406 -> 332 (3)
407 -> 10 (96)
408 -> 134 (63)
408 -> 144 (37)
408 -> 394 (13)
408 -> 531 (61)
409 -> 10 (113)
410 -> 194 (150)
411 -> 531 (181)
412 -> 6 (98)
412 -> 194 (26)
412 -> 320 (157)
412 -> 361 (133)
412 -> 370 (68)
412 -> 449 (130)
412 -> 452 (14)
412 -> 501 (188)
412 -> 534 (163)
412 -> 544 (12)
413 -> 10 (175)
414 -> 287 (59)
414 -> 544 (57)
415 -> 10 (152)
415 -> 245 (4)
416 -> 124 (158)
417 -> 151 (14)
417 -> 194 (129)
417 -> 387 (13)
418 -> 237 (102)
418 -> 524 (57)
419 -> 10 (75)
419 -> 56 (55)
419 -> 116 (166)
419 -> 194 (45)
419 -> 326 (165)
419 -> 360 (70)
419 -> 420 (44)
419 -> 517 (17)
419 -> 545 (166)
420 -> 514 (154)
421 -> 124 (159)
422 -> 80 (112)
422 -> 99 (132)
422 -> 124 (113)
422 -> 287 (108)
422 -> 319 (56)
422 -> 340 (85)
422 -> 409 (113)
422 -> 544 (86)
422 -> 568 (109)
422 -> 583 (193)
423 -> 452 (96)
424 -> 194 (200)
425 -> 10 (192)
426 -> 142 (69)
427 -> 524 (169)
429 -> 531 (2)
430 -> 10 (177)
431 -> 245 (181)
432 -> 10 (101)
432 -> 105 (68)
432 -> 186 (14)
433 -> 124 (179)
434 -> 185 (2)
434 -> 526 (67)
435 -> 80 (87)
435 -> 185 (80)
435 -> 266 (133)
435 -> 287 (57)
435 -> 377 (185)
435 -> 564 (128)
435 -> 566 (31)
437 -> 452 (196)
437 -> 564 (1)
438 -> 486 (174)
439 -> 10 (83)
440 -> 100 (161)
441 -> 452 (176)
442 -> 162 (68)
442 -> 272 (30)
442 -> 540 (47)
443 -> 574 (167)
444 -> 124 (126)
445 -> 124 (81)
446 -> 245 (180)
448 -> 124 (106)
448 -> 452 (40)
449 -> 544 (198)
450 -> 524 (134)
451 -> 452 (188)
453 -> 287 (144)
453 -> 540 (2)
454 -> 10 (169)
455 -> 245 (121)
456 -> 452 (71)
457 -> 355 (26)
457 -> 421 (39)
457 -> 505 (103)
458 -> 524 (98)
459 -> 124 (135)
461 -> 531 (112)
462 -> 287 (34)
462 -> 360 (50)
462 -> 385 (77)
462 -> 411 (10)
462 -> 490 (52)
462 -> 507 (155)
462 -> 512 (38)
462 -> 557 (16)
464 -> 10 (62)
464 -> 486 (58)
466 -> 161 (65)
466 -> 287 (108)
467 -> 245 (115)
468 -> 10 (185)
469 -> 245 (177)
471 -> 164 (68)
471 -> 194 (99)
472 -> 124 (170)
473 -> 243 (103)
474 -> 544 (172)
475 -> 515 (28)
476 -> 452 (165)
477 -> 10 (83)
478 -> 452 (140)
478 -> 531 (43)
479 -> 124 (60)
480 -> 96 (136)
480 -> 193 (146)
480 -> 388 (146)
480 -> 524 (130)
480 -> 558 (162)
480 -> 585 (167)
481 -> 194 (169)
481 -> 287 (13)
482 -> 10 (161)
482 -> 245 (36)
483 -> 524 (139)
484 -> 154 (111)
484 -> 232 (75)
485 -> 245 (187)
487 -> 194 (197)
488 -> 124 (186)
488 -> 515 (10)
489 -> 10 (177)
490 -> 175 (178)
491 -> 544 (157)
492 -> 124 (172)
494 -> 124 (168)
495 -> 10 (151)
495 -> 486 (42)
496 -> 452 (169)
497 -> 245 (177)
498 -> 20 (38)
498 -> 95 (68)
498 -> 121 (166)
498 -> 156 (3)
498 -> 194 (25)
498 -> 197 (133)
498 -> 245 (69)
498 -> 490 (76)
498 -> 499 (52)
498 -> 544 (10)
498 -> 566 (99)
498 -> 575 (170)
499 -> 544 (168)
500 -> 531 (198)
501 -> 124 (104)
501 -> 194 (84)
504 -> 452 (8)
505 -> 531 (161)
507 -> 362 (7)
507 -> 486 (148)
508 -> 7 (69)
508 -> 124 (8)
508 -> 194 (199)
508 -> 275 (56)
508 -> 486 (6)
508 -> 544 (93)
509 -> 9 (184)
509 -> 10 (139)
509 -> 194 (193)
509 -> 405 (142)
509 -> 452 (53)
509 -> 524 (61)
509 -> 558 (28)
510 -> 531 (138)
510 -> 533 (47)
511 -> 245 (82)
512 -> 194 (77)
513 -> 245 (161)
513 -> 263 (1)
513 -> 335 (9)
514 -> 287 (154)
515 -> 544 (96)
516 -> 221 (26)
516 -> 245 (75)
516 -> 332 (112)
516 -> 356 (135)
516 -> 437 (197)
516 -> 486 (41)
516 -> 544 (44)
517 -> 194 (157)
518 -> 124 (182)
519 -> 32 (60)
520 -> 10 (195)
521 -> 66 (23)
521 -> 410 (56)
521 -> 505 (53)
521 -> 526 (12)
522 -> 544 (164)
523 -> 287 (87)
523 -> 429 (2)
525 -> 10 (101)
526 -> 452 (180)
527 -> 450 (34)
527 -> 540 (53)
528 -> 124 (138)
529 -> 186 (32)
529 -> 199 (57)
529 -> 486 (108)
530 -> 124 (132)
530 -> 486 (50)
532 -> 124 (114)
532 -> 302 (68)
533 -> 194 (196)
534 -> 124 (188)
535 -> 524 (77)
535 -> 544 (96)
536 -> 10 (89)
537 -> 10 (126)
537 -> 452 (62)
538 -> 287 (100)
539 -> 524 (105)
540 -> 365 (180)
541 -> 10 (149)
541 -> 524 (48)
542 -> 144 (67)
542 -> 237 (40)
543 -> 10 (152)
545 -> 124 (166)
546 -> 194 (114)
546 -> 367 (51)
547 -> 10 (149)
547 -> 452 (28)
548 -> 245 (176)
549 -> 10 (98)
550 -> 531 (177)
551 -> 438 (52)
551 -> 452 (135)
552 -> 10 (143)
552 -> 245 (17)
553 -> 452 (132)
554 -> 95 (73)
554 -> 303 (76)
554 -> 356 (47)
554 -> 452 (79)
555 -> 486 (133)
555 -> 524 (13)
556 -> 483 (5)
556 -> 524 (127)
557 -> 431 (16)
558 -> 544 (190)
559 -> 486 (134)
560 -> 245 (186)
561 -> 287 (134)
561 -> 524 (20)
563 -> 245 (196)
564 -> 531 (129)
565 -> 124 (133)
566 -> 408 (174)
567 -> 194 (170)
568 -> 544 (192)
569 -> 520 (21)
571 -> 452 (128)
574 -> 30 (30)
574 -> 531 (137)
575 -> 524 (195)
575 -> 571 (79)
576 -> 524 (129)
579 -> 544 (49)
580 -> 544 (124)
581 -> 10 (194)
582 -> 245 (165)
583 -> 124 (161)
583 -> 524 (32)
584 -> 10 (89)
585 -> 440 (161)
585 -> 571 (6)
586 -> 544 (156)
587 -> 194 (135)
587 -> 531 (61)
588 -> 10 (111)
588 -> 86 (58)
589 -> 544 (181)
590 -> 171 (84)
590 -> 245 (138)
590 -> 263 (129)
590 -> 309 (166)
590 -> 424 (90)
590 -> 486 (61)
591 -> 124 (34)
591 -> 198 (3)
591 -> 321 (82)
591 -> 486 (151)
591 -> 511 (52)
591 -> 512 (39)
591 -> 524 (34)
592 -> 194 (178)
593 -> 245 (178)
594 -> 245 (128)
595 -> 486 (118)
596 -> 10 (128)
597 -> 10 (100)
598 -> 245 (191)
599 -> 85 (35)
599 -> 140 (4)
599 -> 355 (89)
Fluxo: 69056
Arestas removidas: 36516

--Rotas do 3ยบ turno-----------------------------
0 -> 245 (178)
1 -> 524 (116)
3 -> 124 (123)
6 -> 261 (48)
6 -> 367 (50)
7 -> 32 (63)
7 -> 544 (80)
9 -> 15 (181)
9 -> 41 (3)
10 -> 486 (189)
11 -> 283 (16)
11 -> 524 (165)
13 -> 245 (157)
13 -> 449 (30)
14 -> 214 (129)
14 -> 324 (52)
14 -> 568 (2)
15 -> 245 (181)
16 -> 194 (98)
18 -> 378 (174)
20 -> 85 (63)
20 -> 477 (99)
24 -> 11 (181)
29 -> 194 (194)
30 -> 38 (57)
31 -> 245 (18)
32 -> 544 (97)
33 -> 184 (137)
33 -> 343 (30)
33 -> 400 (18)
34 -> 245 (147)
37 -> 452 (118)
38 -> 496 (169)
39 -> 177 (141)
40 -> 10 (184)
41 -> 194 (3)
43 -> 452 (127)
43 -> 524 (62)
44 -> 98 (14)
44 -> 486 (178)
45 -> 245 (200)
46 -> 53 (154)
48 -> 71 (123)
50 -> 125 (49)
51 -> 589 (147)
53 -> 45 (36)
53 -> 387 (35)
53 -> 526 (83)
54 -> 553 (86)
56 -> 531 (174)
60 -> 31 (18)
60 -> 287 (182)
61 -> 199 (90)
61 -> 354 (42)
62 -> 163 (15)
64 -> 531 (138)
66 -> 245 (64)
67 -> 92 (27)
67 -> 338 (23)
69 -> 476 (17)
70 -> 194 (104)
71 -> 486 (123)
72 -> 205 (32)
72 -> 486 (112)
73 -> 546 (114)
73 -> 548 (49)
75 -> 272 (146)
76 -> 333 (5)
76 -> 350 (67)
76 -> 353 (17)
80 -> 14 (183)
82 -> 531 (149)
84 -> 531 (98)
85 -> 287 (98)
87 -> 452 (159)
88 -> 245 (192)
90 -> 287 (174)
92 -> 531 (142)
95 -> 10 (126)
96 -> 504 (136)
98 -> 194 (169)
99 -> 194 (120)
99 -> 245 (12)
100 -> 524 (161)
101 -> 122 (173)
104 -> 452 (175)
104 -> 486 (19)
108 -> 34 (147)
108 -> 37 (118)
108 -> 135 (117)
108 -> 138 (146)
108 -> 153 (187)
108 -> 190 (194)
108 -> 247 (109)
108 -> 262 (187)
108 -> 298 (183)
108 -> 307 (132)
108 -> 319 (114)
108 -> 330 (157)
108 -> 338 (150)
108 -> 397 (160)
108 -> 403 (91)
108 -> 423 (96)
108 -> 444 (126)
108 -> 474 (113)
108 -> 531 (92)
109 -> 245 (132)
111 -> 526 (97)
112 -> 560 (112)
113 -> 253 (116)
116 -> 452 (166)
118 -> 10 (178)
120 -> 316 (121)
120 -> 479 (20)
121 -> 245 (165)
122 -> 544 (173)
123 -> 468 (129)
124 -> 10 (115)
125 -> 531 (175)
128 -> 10 (125)
129 -> 486 (157)
130 -> 452 (157)
131 -> 168 (179)
133 -> 324 (141)
134 -> 245 (48)
135 -> 287 (117)
137 -> 510 (18)
137 -> 544 (179)
138 -> 124 (146)
139 -> 124 (188)
140 -> 524 (159)
141 -> 217 (1)
142 -> 194 (42)
143 -> 398 (184)
146 -> 10 (186)
151 -> 194 (92)
152 -> 10 (125)
152 -> 24 (165)
152 -> 48 (123)
152 -> 118 (178)
152 -> 146 (130)
152 -> 211 (126)
152 -> 241 (181)
152 -> 277 (141)
152 -> 290 (124)
152 -> 294 (137)
152 -> 299 (181)
152 -> 304 (157)
152 -> 379 (166)
152 -> 416 (158)
152 -> 432 (183)
152 -> 438 (122)
152 -> 451 (109)
152 -> 471 (167)
152 -> 491 (157)
152 -> 550 (175)
152 -> 555 (146)
153 -> 10 (187)
155 -> 524 (196)
156 -> 544 (122)
158 -> 32 (34)
158 -> 162 (32)
158 -> 452 (121)
160 -> 194 (144)
162 -> 486 (158)
163 -> 38 (112)
166 -> 245 (112)
166 -> 334 (52)
168 -> 194 (179)
170 -> 10 (133)
170 -> 33 (185)
170 -> 104 (194)
170 -> 201 (166)
170 -> 269 (186)
170 -> 318 (113)
170 -> 383 (180)
170 -> 486 (121)
170 -> 599 (128)
171 -> 1 (21)
171 -> 194 (84)
174 -> 56 (96)
175 -> 452 (163)
177 -> 531 (141)
180 -> 335 (107)
183 -> 245 (94)
183 -> 499 (63)
184 -> 544 (137)
185 -> 367 (109)
186 -> 199 (107)
189 -> 418 (57)
189 -> 553 (46)
190 -> 10 (194)
191 -> 287 (180)
192 -> 295 (121)
192 -> 360 (48)
193 -> 109 (132)
193 -> 362 (14)
197 -> 245 (133)
197 -> 521 (43)
198 -> 452 (124)
199 -> 524 (197)
200 -> 544 (93)
201 -> 486 (166)
204 -> 1 (71)
204 -> 69 (3)
205 -> 544 (32)
208 -> 155 (3)
208 -> 283 (64)
208 -> 531 (88)
211 -> 125 (126)
213 -> 10 (175)
214 -> 245 (129)
216 -> 18 (174)
216 -> 45 (164)
216 -> 72 (144)
216 -> 90 (174)
216 -> 108 (13)
216 -> 124 (153)
216 -> 133 (141)
216 -> 204 (74)
216 -> 219 (186)
216 -> 224 (152)
216 -> 254 (105)
216 -> 287 (136)
216 -> 328 (191)
216 -> 372 (167)
216 -> 386 (85)
216 -> 442 (126)
216 -> 452 (31)
216 -> 461 (112)
216 -> 487 (197)
216 -> 529 (197)
216 -> 543 (152)
216 -> 544 (9)
216 -> 569 (21)
216 -> 593 (178)
217 -> 245 (1)
219 -> 194 (66)
219 -> 431 (120)
223 -> 287 (177)
223 -> 486 (12)
224 -> 200 (93)
224 -> 544 (170)
225 -> 486 (31)
225 -> 505 (47)
225 -> 533 (38)
226 -> 450 (24)
228 -> 24 (16)
228 -> 51 (147)
228 -> 158 (187)
228 -> 301 (157)
228 -> 451 (79)
228 -> 473 (86)
228 -> 486 (86)
228 -> 497 (177)
228 -> 531 (2)
228 -> 532 (182)
228 -> 565 (133)
233 -> 452 (27)
235 -> 124 (177)
241 -> 142 (37)
241 -> 245 (144)
243 -> 450 (5)
244 -> 452 (166)
244 -> 531 (2)
247 -> 124 (109)
250 -> 194 (6)
251 -> 87 (159)
252 -> 452 (113)
253 -> 486 (116)
254 -> 194 (105)
255 -> 533 (147)
258 -> 568 (21)
259 -> 425 (177)
261 -> 499 (48)
262 -> 84 (98)
262 -> 250 (6)
262 -> 524 (83)
264 -> 524 (168)
264 -> 580 (12)
265 -> 287 (168)
266 -> 524 (133)
267 -> 264 (180)
269 -> 56 (78)
269 -> 544 (108)
272 -> 317 (63)
272 -> 376 (61)
272 -> 598 (22)
275 -> 10 (150)
276 -> 10 (141)
277 -> 10 (141)
278 -> 245 (193)
282 -> 10 (181)
282 -> 124 (131)
282 -> 151 (92)
282 -> 174 (96)
282 -> 343 (148)
282 -> 354 (113)
282 -> 359 (114)
282 -> 392 (178)
282 -> 489 (152)
282 -> 492 (172)
282 -> 556 (127)
283 -> 353 (80)
284 -> 531 (47)
286 -> 10 (85)
287 -> 486 (99)
290 -> 194 (195)
291 -> 141 (1)
291 -> 531 (192)
293 -> 92 (115)
294 -> 531 (101)
294 -> 544 (36)
295 -> 524 (78)
295 -> 544 (43)
298 -> 194 (183)
299 -> 287 (181)
301 -> 531 (157)
302 -> 531 (176)
303 -> 185 (29)
303 -> 375 (13)
303 -> 544 (76)
304 -> 194 (157)
307 -> 194 (132)
308 -> 10 (68)
309 -> 287 (61)
311 -> 29 (188)
311 -> 76 (89)
311 -> 112 (112)
311 -> 123 (129)
311 -> 137 (197)
311 -> 143 (116)
311 -> 160 (144)
311 -> 189 (103)
311 -> 191 (180)
311 -> 194 (154)
311 -> 244 (168)
311 -> 245 (122)
311 -> 252 (113)
311 -> 265 (168)
311 -> 278 (99)
311 -> 333 (162)
311 -> 346 (176)
311 -> 369 (107)
311 -> 400 (151)
311 -> 411 (171)
311 -> 520 (174)
311 -> 523 (89)
311 -> 559 (134)
312 -> 0 (155)
312 -> 43 (189)
312 -> 64 (138)
312 -> 139 (188)
312 -> 276 (141)
312 -> 286 (85)
312 -> 287 (116)
312 -> 413 (175)
312 -> 517 (71)
312 -> 524 (70)
315 -> 245 (30)
316 -> 367 (20)
316 -> 390 (101)
317 -> 1 (24)
317 -> 353 (39)
318 -> 287 (113)
319 -> 531 (170)
320 -> 524 (157)
321 -> 10 (183)
323 -> 486 (150)
324 -> 194 (193)
326 -> 582 (165)
328 -> 524 (120)
328 -> 594 (71)
330 -> 531 (191)
332 -> 10 (112)
333 -> 287 (167)
334 -> 544 (52)
335 -> 544 (142)
338 -> 194 (173)
339 -> 194 (3)
340 -> 355 (41)
340 -> 486 (85)
342 -> 355 (131)
342 -> 475 (47)
343 -> 245 (178)
346 -> 245 (162)
346 -> 431 (14)
347 -> 124 (97)
348 -> 287 (124)
348 -> 375 (71)
349 -> 40 (159)
349 -> 44 (192)
349 -> 54 (86)
349 -> 82 (149)
349 -> 111 (97)
349 -> 129 (157)
349 -> 131 (179)
349 -> 146 (56)
349 -> 194 (51)
349 -> 235 (177)
349 -> 255 (92)
349 -> 321 (101)
349 -> 347 (97)
349 -> 404 (81)
349 -> 433 (200)
349 -> 457 (168)
349 -> 458 (119)
349 -> 500 (122)
349 -> 524 (176)
349 -> 531 (2)
349 -> 563 (196)
349 -> 592 (107)
350 -> 486 (144)
351 -> 29 (6)
351 -> 39 (141)
351 -> 61 (132)
351 -> 101 (173)
351 -> 213 (165)
351 -> 255 (55)
351 -> 290 (71)
351 -> 350 (77)
351 -> 366 (138)
351 -> 371 (103)
351 -> 386 (65)
351 -> 453 (144)
351 -> 488 (196)
351 -> 531 (5)
351 -> 536 (157)
353 -> 524 (136)
354 -> 98 (155)
355 -> 524 (172)
356 -> 481 (169)
358 -> 10 (48)
359 -> 124 (114)
360 -> 358 (48)
361 -> 466 (138)
362 -> 245 (14)
364 -> 531 (64)
366 -> 302 (108)
366 -> 315 (30)
367 -> 486 (179)
369 -> 180 (107)
370 -> 483 (136)
371 -> 548 (103)
372 -> 10 (167)
374 -> 287 (136)
374 -> 571 (43)
375 -> 245 (167)
376 -> 544 (61)
377 -> 287 (124)
377 -> 452 (61)
378 -> 10 (144)
378 -> 245 (30)
379 -> 524 (166)
383 -> 339 (3)
383 -> 531 (177)
384 -> 0 (23)
384 -> 3 (123)
384 -> 60 (200)
384 -> 88 (163)
384 -> 120 (141)
384 -> 128 (125)
384 -> 194 (45)
384 -> 293 (115)
384 -> 330 (34)
384 -> 374 (179)
384 -> 443 (194)
384 -> 486 (98)
384 -> 489 (25)
384 -> 528 (150)
384 -> 531 (20)
384 -> 581 (93)
384 -> 586 (156)
385 -> 70 (22)
385 -> 364 (64)
386 -> 194 (150)
387 -> 335 (35)
388 -> 245 (109)
388 -> 576 (37)
390 -> 194 (101)
392 -> 194 (135)
392 -> 417 (43)
397 -> 194 (160)
398 -> 243 (5)
398 -> 544 (179)
399 -> 485 (187)
400 -> 10 (169)
403 -> 194 (91)
404 -> 287 (122)
405 -> 156 (14)
405 -> 194 (130)
407 -> 163 (97)
407 -> 500 (76)
408 -> 134 (28)
408 -> 531 (61)
409 -> 10 (113)
410 -> 194 (11)
411 -> 531 (181)
412 -> 6 (98)
412 -> 40 (25)
412 -> 88 (29)
412 -> 192 (169)
412 -> 194 (26)
412 -> 320 (157)
412 -> 361 (135)
412 -> 370 (86)
412 -> 449 (130)
412 -> 452 (14)
412 -> 501 (139)
412 -> 534 (163)
412 -> 544 (12)
413 -> 194 (175)
416 -> 124 (158)
417 -> 194 (129)
418 -> 524 (57)
419 -> 116 (166)
419 -> 194 (45)
419 -> 267 (91)
419 -> 326 (165)
419 -> 420 (168)
419 -> 463 (155)
419 -> 517 (86)
420 -> 342 (178)
422 -> 80 (112)
422 -> 99 (132)
422 -> 124 (113)
422 -> 287 (108)
422 -> 312 (10)
422 -> 340 (126)
422 -> 407 (173)
422 -> 409 (113)
422 -> 456 (100)
422 -> 544 (86)
422 -> 568 (109)
422 -> 583 (162)
423 -> 452 (96)
425 -> 10 (177)
429 -> 531 (2)
431 -> 245 (134)
432 -> 10 (101)
432 -> 70 (82)
433 -> 124 (179)
433 -> 590 (21)
434 -> 598 (169)
435 -> 46 (149)
435 -> 80 (71)
435 -> 185 (80)
435 -> 213 (10)
435 -> 266 (133)
435 -> 319 (56)
435 -> 377 (185)
435 -> 399 (104)
435 -> 434 (169)
435 -> 564 (128)
437 -> 452 (196)
437 -> 564 (1)
438 -> 486 (122)
440 -> 100 (161)
442 -> 162 (126)
443 -> 574 (194)
444 -> 245 (126)
449 -> 544 (160)
450 -> 524 (59)
451 -> 452 (188)
453 -> 287 (144)
456 -> 7 (143)
457 -> 155 (100)
457 -> 308 (68)
458 -> 258 (21)
458 -> 524 (98)
461 -> 531 (112)
462 -> 13 (187)
462 -> 67 (50)
462 -> 113 (116)
462 -> 130 (157)
462 -> 361 (3)
462 -> 411 (10)
462 -> 507 (163)
463 -> 208 (155)
466 -> 287 (108)
466 -> 450 (30)
468 -> 10 (129)
471 -> 69 (14)
471 -> 155 (20)
471 -> 194 (99)
471 -> 589 (34)
473 -> 417 (86)
474 -> 544 (113)
475 -> 284 (47)
476 -> 452 (17)
477 -> 10 (83)
477 -> 594 (16)
479 -> 134 (20)
480 -> 96 (136)
480 -> 152 (48)
480 -> 193 (146)
480 -> 251 (159)
480 -> 388 (146)
480 -> 524 (130)
480 -> 558 (162)
480 -> 585 (176)
480 -> 596 (94)
481 -> 194 (169)
483 -> 524 (136)
485 -> 245 (187)
487 -> 194 (197)
488 -> 124 (186)
488 -> 515 (10)
489 -> 10 (177)
490 -> 175 (163)
491 -> 544 (157)
492 -> 124 (172)
496 -> 452 (169)
497 -> 245 (177)
498 -> 20 (162)
498 -> 46 (5)
498 -> 121 (165)
498 -> 156 (108)
498 -> 194 (25)
498 -> 197 (176)
498 -> 245 (69)
498 -> 375 (83)
498 -> 420 (10)
498 -> 456 (43)
498 -> 490 (163)
498 -> 544 (10)
498 -> 566 (187)
498 -> 575 (173)
498 -> 578 (181)
498 -> 592 (71)
498 -> 596 (34)
499 -> 544 (111)
500 -> 531 (198)
501 -> 194 (139)
504 -> 452 (136)
505 -> 531 (47)
507 -> 66 (10)
507 -> 142 (5)
507 -> 486 (148)
508 -> 194 (199)
508 -> 275 (136)
508 -> 486 (6)
508 -> 544 (93)
509 -> 9 (184)
509 -> 10 (139)
509 -> 73 (163)
509 -> 194 (193)
509 -> 259 (177)
509 -> 267 (89)
509 -> 275 (14)
509 -> 291 (193)
509 -> 348 (195)
509 -> 385 (86)
509 -> 405 (144)
509 -> 452 (53)
509 -> 524 (61)
509 -> 558 (28)
510 -> 531 (18)
511 -> 245 (82)
512 -> 511 (82)
512 -> 568 (2)
515 -> 544 (10)
516 -> 223 (168)
516 -> 245 (75)
516 -> 278 (94)
516 -> 332 (112)
516 -> 356 (135)
516 -> 437 (197)
516 -> 486 (41)
516 -> 544 (44)
517 -> 194 (157)
520 -> 10 (195)
521 -> 66 (25)
521 -> 233 (7)
521 -> 410 (11)
523 -> 287 (87)
523 -> 429 (2)
526 -> 452 (180)
528 -> 323 (150)
529 -> 186 (89)
529 -> 486 (108)
532 -> 124 (114)
532 -> 302 (68)
533 -> 194 (185)
534 -> 186 (18)
534 -> 225 (116)
534 -> 573 (29)
536 -> 166 (164)
543 -> 10 (152)
546 -> 194 (114)
548 -> 245 (152)
550 -> 531 (175)
553 -> 452 (132)
554 -> 95 (126)
554 -> 143 (68)
554 -> 303 (118)
554 -> 356 (34)
554 -> 452 (79)
554 -> 572 (159)
555 -> 486 (133)
555 -> 524 (13)
556 -> 524 (127)
558 -> 544 (190)
559 -> 486 (134)
560 -> 245 (112)
563 -> 245 (196)
564 -> 531 (129)
565 -> 124 (133)
566 -> 16 (98)
566 -> 408 (89)
568 -> 544 (134)
569 -> 520 (21)
571 -> 452 (43)
572 -> 140 (159)
573 -> 66 (29)
574 -> 30 (57)
574 -> 531 (137)
575 -> 524 (173)
576 -> 524 (37)
578 -> 183 (157)
578 -> 226 (24)
580 -> 544 (12)
581 -> 10 (93)
582 -> 245 (165)
583 -> 524 (162)
585 -> 62 (15)
585 -> 440 (161)
586 -> 544 (156)
589 -> 544 (181)
590 -> 171 (105)
590 -> 245 (138)
590 -> 309 (61)
591 -> 50 (49)
591 -> 75 (146)
591 -> 198 (124)
591 -> 321 (82)
591 -> 370 (50)
591 -> 399 (83)
591 -> 486 (151)
591 -> 512 (84)
591 -> 536 (7)
592 -> 194 (178)
593 -> 245 (178)
594 -> 245 (87)
596 -> 10 (128)
598 -> 245 (191)
599 -> 85 (35)
599 -> 155 (73)
599 -> 233 (20)
Fluxo: 36664
Arestas removidas: 40665

--Rotas do 4ยบ turno-----------------------------
0 -> 245 (129)
1 -> 524 (63)
6 -> 367 (50)
6 -> 471 (48)
7 -> 32 (63)
7 -> 544 (80)
9 -> 15 (181)
9 -> 41 (3)
10 -> 486 (189)
11 -> 524 (165)
13 -> 245 (157)
13 -> 449 (30)
14 -> 214 (129)
14 -> 324 (52)
14 -> 568 (2)
15 -> 245 (181)
16 -> 66 (21)
16 -> 194 (98)
16 -> 398 (7)
20 -> 85 (35)
20 -> 477 (121)
24 -> 11 (141)
29 -> 194 (165)
30 -> 38 (57)
31 -> 245 (141)
32 -> 544 (97)
33 -> 184 (137)
34 -> 245 (78)
38 -> 496 (76)
39 -> 177 (141)
41 -> 194 (3)
43 -> 452 (127)
43 -> 524 (22)
44 -> 486 (178)
45 -> 245 (200)
46 -> 53 (154)
50 -> 125 (92)
51 -> 137 (42)
51 -> 589 (105)
53 -> 45 (36)
53 -> 526 (118)
56 -> 531 (159)
57 -> 171 (19)
60 -> 31 (141)
61 -> 199 (90)
62 -> 34 (78)
66 -> 245 (64)
67 -> 92 (27)
67 -> 338 (83)
69 -> 471 (18)
70 -> 194 (100)
72 -> 205 (32)
72 -> 486 (112)
73 -> 546 (114)
73 -> 548 (49)
75 -> 272 (146)
80 -> 14 (183)
85 -> 599 (35)
87 -> 452 (159)
88 -> 245 (192)
92 -> 531 (142)
95 -> 424 (126)
96 -> 504 (136)
98 -> 194 (113)
99 -> 194 (120)
99 -> 245 (12)
100 -> 524 (114)
101 -> 122 (173)
104 -> 452 (66)
108 -> 307 (109)
109 -> 245 (132)
113 -> 253 (116)
114 -> 194 (11)
116 -> 452 (166)
120 -> 316 (121)
120 -> 479 (20)
121 -> 245 (165)
122 -> 544 (173)
124 -> 247 (173)
125 -> 531 (92)
129 -> 486 (157)
130 -> 452 (157)
133 -> 324 (141)
134 -> 245 (20)
137 -> 544 (63)
140 -> 524 (159)
141 -> 217 (1)
142 -> 194 (15)
143 -> 398 (120)
152 -> 241 (144)
152 -> 294 (43)
155 -> 524 (144)
156 -> 544 (108)
158 -> 32 (34)
158 -> 162 (32)
158 -> 452 (121)
162 -> 486 (32)
163 -> 38 (19)
166 -> 245 (111)
170 -> 104 (66)
170 -> 486 (121)
171 -> 194 (19)
174 -> 56 (159)
175 -> 452 (163)
177 -> 531 (141)
183 -> 245 (94)
183 -> 499 (63)
184 -> 544 (137)
185 -> 367 (109)
186 -> 199 (101)
192 -> 295 (121)
193 -> 109 (132)
193 -> 362 (14)
197 -> 245 (133)
197 -> 521 (43)
198 -> 452 (124)
199 -> 524 (191)
205 -> 544 (32)
208 -> 155 (41)
208 -> 283 (26)
208 -> 531 (88)
213 -> 351 (91)
214 -> 245 (129)
216 -> 45 (164)
216 -> 72 (144)
216 -> 133 (141)
216 -> 219 (186)
216 -> 224 (152)
216 -> 287 (136)
216 -> 328 (191)
216 -> 487 (197)
216 -> 529 (108)
216 -> 593 (178)
217 -> 245 (1)
219 -> 194 (66)
219 -> 431 (120)
223 -> 486 (168)
224 -> 544 (152)
225 -> 486 (31)
225 -> 505 (31)
226 -> 450 (24)
228 -> 24 (141)
228 -> 51 (147)
228 -> 158 (187)
228 -> 301 (157)
228 -> 451 (98)
228 -> 473 (88)
228 -> 486 (86)
228 -> 497 (177)
228 -> 531 (2)
228 -> 532 (153)
228 -> 565 (60)
233 -> 452 (41)
241 -> 245 (144)
246 -> 334 (127)
247 -> 108 (109)
247 -> 246 (64)
251 -> 87 (159)
253 -> 486 (116)
255 -> 533 (136)
259 -> 425 (177)
264 -> 524 (168)
264 -> 580 (12)
266 -> 524 (133)
267 -> 264 (180)
269 -> 544 (108)
272 -> 317 (85)
272 -> 376 (61)
278 -> 245 (157)
282 -> 10 (181)
282 -> 174 (159)
282 -> 343 (148)
282 -> 354 (113)
282 -> 392 (178)
282 -> 556 (127)
283 -> 353 (26)
284 -> 531 (61)
287 -> 114 (11)
287 -> 486 (125)
290 -> 194 (174)
291 -> 141 (1)
291 -> 531 (192)
293 -> 92 (115)
294 -> 531 (43)
295 -> 524 (78)
295 -> 544 (43)
301 -> 531 (157)
302 -> 531 (176)
303 -> 185 (29)
303 -> 375 (9)
303 -> 544 (76)
307 -> 194 (109)
311 -> 194 (154)
311 -> 245 (64)
312 -> 43 (149)
315 -> 245 (39)
316 -> 367 (20)
316 -> 390 (101)
317 -> 1 (63)
317 -> 353 (22)
319 -> 531 (136)
320 -> 524 (157)
323 -> 486 (150)
324 -> 194 (193)
326 -> 582 (165)
328 -> 57 (19)
328 -> 137 (21)
328 -> 524 (120)
328 -> 594 (31)
330 -> 531 (91)
332 -> 355 (112)
334 -> 544 (127)
338 -> 194 (83)
340 -> 458 (41)
340 -> 486 (85)
342 -> 355 (76)
342 -> 475 (61)
342 -> 573 (41)
343 -> 245 (148)
348 -> 246 (63)
348 -> 375 (75)
348 -> 458 (57)
349 -> 44 (178)
349 -> 129 (157)
349 -> 524 (176)
349 -> 563 (121)
351 -> 29 (165)
351 -> 39 (141)
351 -> 61 (90)
351 -> 101 (173)
351 -> 255 (136)
351 -> 290 (174)
351 -> 366 (138)
351 -> 371 (103)
351 -> 386 (95)
351 -> 488 (96)
353 -> 524 (48)
354 -> 98 (113)
355 -> 524 (188)
356 -> 481 (169)
361 -> 466 (88)
362 -> 245 (14)
364 -> 531 (25)
366 -> 302 (99)
366 -> 315 (39)
367 -> 486 (179)
370 -> 483 (136)
371 -> 548 (103)
373 -> 452 (45)
374 -> 269 (108)
374 -> 571 (71)
375 -> 245 (167)
376 -> 544 (61)
377 -> 373 (45)
377 -> 452 (140)
384 -> 0 (129)
384 -> 60 (141)
384 -> 88 (163)
384 -> 120 (141)
384 -> 194 (45)
384 -> 293 (115)
384 -> 330 (91)
384 -> 374 (179)
384 -> 443 (194)
384 -> 486 (98)
384 -> 528 (150)
384 -> 531 (20)
384 -> 581 (93)
384 -> 586 (156)
385 -> 70 (86)
386 -> 194 (95)
388 -> 245 (109)
388 -> 576 (37)
390 -> 194 (101)
392 -> 194 (135)
392 -> 417 (43)
398 -> 544 (127)
399 -> 485 (187)
405 -> 70 (14)
405 -> 194 (130)
407 -> 163 (19)
407 -> 500 (154)
408 -> 531 (61)
411 -> 531 (104)
412 -> 6 (98)
412 -> 88 (29)
412 -> 170 (151)
412 -> 192 (121)
412 -> 194 (26)
412 -> 320 (157)
412 -> 361 (88)
412 -> 370 (86)
412 -> 449 (130)
412 -> 452 (14)
412 -> 501 (139)
412 -> 534 (163)
412 -> 544 (12)
417 -> 194 (129)
419 -> 116 (166)
419 -> 194 (45)
419 -> 267 (91)
419 -> 311 (68)
419 -> 326 (165)
419 -> 349 (151)
419 -> 420 (168)
419 -> 463 (155)
419 -> 517 (86)
420 -> 342 (178)
422 -> 80 (112)
422 -> 99 (132)
422 -> 124 (113)
422 -> 312 (149)
422 -> 340 (126)
422 -> 407 (173)
422 -> 456 (100)
422 -> 544 (86)
422 -> 568 (109)
422 -> 583 (162)
424 -> 194 (126)
425 -> 33 (137)
425 -> 69 (18)
425 -> 598 (22)
431 -> 245 (120)
434 -> 598 (169)
435 -> 46 (149)
435 -> 80 (71)
435 -> 185 (80)
435 -> 213 (91)
435 -> 266 (133)
435 -> 319 (136)
435 -> 377 (185)
435 -> 399 (104)
435 -> 434 (169)
435 -> 564 (128)
437 -> 452 (196)
437 -> 564 (1)
440 -> 100 (114)
443 -> 574 (194)
449 -> 544 (160)
450 -> 524 (112)
451 -> 452 (98)
456 -> 7 (143)
458 -> 524 (98)
462 -> 13 (187)
462 -> 67 (110)
462 -> 113 (116)
462 -> 130 (157)
462 -> 411 (102)
462 -> 507 (163)
463 -> 208 (155)
466 -> 450 (88)
471 -> 194 (66)
473 -> 411 (2)
473 -> 417 (86)
475 -> 284 (61)
477 -> 11 (24)
477 -> 594 (97)
479 -> 134 (20)
480 -> 96 (136)
480 -> 152 (187)
480 -> 193 (146)
480 -> 251 (159)
480 -> 388 (146)
480 -> 524 (130)
480 -> 558 (162)
480 -> 585 (192)
481 -> 194 (169)
483 -> 524 (136)
485 -> 245 (187)
487 -> 194 (197)
488 -> 515 (96)
490 -> 175 (163)
496 -> 452 (76)
497 -> 245 (177)
498 -> 20 (156)
498 -> 46 (5)
498 -> 121 (165)
498 -> 156 (108)
498 -> 194 (25)
498 -> 197 (176)
498 -> 216 (155)
498 -> 245 (69)
498 -> 375 (83)
498 -> 420 (10)
498 -> 456 (43)
498 -> 490 (163)
498 -> 544 (10)
498 -> 566 (187)
498 -> 575 (173)
498 -> 578 (181)
498 -> 592 (146)
499 -> 544 (63)
500 -> 531 (154)
501 -> 194 (139)
504 -> 452 (136)
505 -> 531 (106)
507 -> 142 (15)
507 -> 486 (148)
508 -> 194 (199)
508 -> 486 (6)
508 -> 544 (93)
509 -> 9 (184)
509 -> 10 (8)
509 -> 73 (163)
509 -> 194 (193)
509 -> 259 (177)
509 -> 267 (89)
509 -> 282 (130)
509 -> 291 (193)
509 -> 348 (195)
509 -> 385 (86)
509 -> 405 (144)
509 -> 452 (53)
509 -> 524 (61)
509 -> 558 (28)
511 -> 245 (82)
512 -> 511 (82)
512 -> 568 (2)
515 -> 544 (96)
516 -> 223 (168)
516 -> 245 (75)
516 -> 278 (157)
516 -> 332 (112)
516 -> 356 (135)
516 -> 437 (197)
516 -> 486 (41)
516 -> 544 (44)
517 -> 194 (86)
521 -> 66 (43)
526 -> 452 (118)
528 -> 323 (150)
529 -> 486 (108)
532 -> 302 (77)
532 -> 505 (75)
532 -> 568 (1)
533 -> 194 (136)
534 -> 186 (101)
534 -> 225 (62)
536 -> 166 (111)
546 -> 194 (114)
548 -> 245 (152)
554 -> 95 (126)
554 -> 143 (120)
554 -> 303 (114)
554 -> 356 (34)
554 -> 452 (79)
554 -> 572 (159)
556 -> 524 (127)
558 -> 544 (190)
563 -> 245 (121)
564 -> 531 (129)
565 -> 124 (60)
566 -> 16 (126)
566 -> 408 (61)
568 -> 544 (114)
571 -> 452 (71)
572 -> 140 (159)
573 -> 233 (41)
574 -> 30 (57)
574 -> 531 (137)
575 -> 524 (173)
576 -> 524 (37)
578 -> 183 (157)
578 -> 226 (24)
580 -> 544 (12)
581 -> 155 (68)
581 -> 364 (25)
582 -> 245 (165)
583 -> 524 (162)
585 -> 62 (78)
585 -> 440 (114)
586 -> 544 (156)
589 -> 544 (105)
591 -> 50 (92)
591 -> 75 (146)
591 -> 198 (124)
591 -> 370 (50)
591 -> 399 (83)
591 -> 486 (151)
591 -> 512 (84)
591 -> 536 (111)
592 -> 194 (146)
593 -> 245 (178)
594 -> 245 (128)
598 -> 245 (191)
599 -> 155 (35)
Fluxo: 20285
Arestas removidas: 40890

--Rotas do 5ยบ turno-----------------------------
0 -> 245 (129)
1 -> 524 (63)
6 -> 367 (50)
6 -> 471 (48)
7 -> 32 (63)
7 -> 544 (80)
9 -> 15 (181)
9 -> 41 (3)
10 -> 486 (189)
11 -> 524 (165)
13 -> 245 (157)
13 -> 449 (8)
14 -> 214 (129)
14 -> 324 (54)
15 -> 245 (181)
16 -> 66 (21)
16 -> 194 (98)
16 -> 398 (7)
20 -> 85 (35)
20 -> 477 (121)
24 -> 11 (141)
29 -> 194 (91)
32 -> 544 (97)
33 -> 184 (137)
34 -> 245 (78)
38 -> 496 (19)
41 -> 194 (3)
43 -> 452 (127)
43 -> 524 (22)
45 -> 245 (200)
46 -> 53 (154)
50 -> 125 (92)
51 -> 137 (42)
51 -> 589 (105)
53 -> 45 (45)
53 -> 526 (109)
62 -> 34 (78)
66 -> 245 (64)
69 -> 471 (18)
70 -> 194 (100)
73 -> 546 (114)
73 -> 548 (49)
75 -> 272 (146)
80 -> 14 (183)
85 -> 599 (35)
87 -> 452 (159)
88 -> 245 (192)
92 -> 531 (106)
95 -> 424 (126)
96 -> 504 (136)
99 -> 194 (120)
99 -> 245 (12)
100 -> 524 (114)
104 -> 452 (30)
108 -> 307 (109)
109 -> 245 (132)
116 -> 452 (166)
121 -> 245 (165)
124 -> 247 (166)
125 -> 531 (92)
137 -> 544 (42)
140 -> 524 (159)
141 -> 217 (1)
143 -> 398 (120)
152 -> 241 (144)
152 -> 294 (43)
155 -> 524 (76)
156 -> 544 (108)
158 -> 32 (34)
158 -> 162 (32)
158 -> 452 (121)
162 -> 486 (32)
163 -> 38 (19)
166 -> 245 (111)
170 -> 104 (30)
170 -> 486 (121)
175 -> 452 (163)
183 -> 245 (94)
183 -> 499 (63)
184 -> 544 (137)
185 -> 367 (116)
186 -> 199 (101)
192 -> 295 (121)
193 -> 109 (132)
193 -> 269 (14)
197 -> 245 (133)
197 -> 521 (43)
198 -> 452 (124)
199 -> 524 (101)
208 -> 155 (41)
208 -> 283 (26)
208 -> 531 (88)
213 -> 351 (91)
214 -> 245 (129)
216 -> 45 (155)
217 -> 245 (1)
223 -> 486 (168)
225 -> 486 (31)
225 -> 505 (31)
226 -> 450 (24)
228 -> 24 (141)
228 -> 51 (147)
228 -> 158 (187)
228 -> 301 (157)
228 -> 451 (98)
228 -> 462 (112)
228 -> 473 (88)
228 -> 486 (86)
228 -> 497 (177)
228 -> 531 (2)
228 -> 532 (153)
228 -> 565 (53)
241 -> 245 (144)
246 -> 328 (79)
247 -> 108 (109)
247 -> 246 (57)
251 -> 87 (159)
259 -> 425 (177)
264 -> 524 (168)
264 -> 580 (12)
266 -> 524 (133)
267 -> 264 (180)
269 -> 544 (108)
272 -> 317 (85)
272 -> 376 (61)
278 -> 245 (157)
282 -> 10 (50)
282 -> 343 (109)
283 -> 353 (26)
284 -> 531 (47)
291 -> 141 (1)
291 -> 531 (192)
293 -> 92 (106)
294 -> 531 (43)
295 -> 524 (78)
295 -> 544 (43)
301 -> 531 (157)
302 -> 531 (77)
303 -> 185 (36)
303 -> 375 (9)
303 -> 544 (76)
307 -> 194 (109)
311 -> 194 (68)
312 -> 43 (149)
317 -> 1 (63)
317 -> 353 (22)
319 -> 531 (136)
320 -> 524 (157)
324 -> 194 (54)
326 -> 582 (165)
328 -> 524 (120)
330 -> 531 (91)
332 -> 269 (94)
332 -> 355 (18)
340 -> 328 (41)
340 -> 486 (85)
342 -> 355 (131)
342 -> 475 (47)
343 -> 245 (109)
348 -> 246 (22)
348 -> 375 (75)
348 -> 458 (98)
349 -> 524 (151)
351 -> 29 (91)
353 -> 524 (48)
355 -> 524 (149)
356 -> 481 (169)
361 -> 462 (47)
361 -> 466 (88)
367 -> 486 (166)
370 -> 483 (136)
373 -> 452 (45)
375 -> 245 (167)
376 -> 544 (61)
377 -> 373 (45)
377 -> 452 (140)
384 -> 0 (129)
384 -> 88 (163)
384 -> 194 (45)
384 -> 330 (91)
384 -> 486 (98)
384 -> 586 (91)
385 -> 70 (86)
388 -> 245 (109)
388 -> 576 (37)
398 -> 544 (127)
399 -> 485 (187)
405 -> 70 (14)
405 -> 194 (130)
407 -> 163 (19)
407 -> 500 (154)
408 -> 531 (61)
411 -> 531 (2)
412 -> 6 (98)
412 -> 88 (29)
412 -> 170 (151)
412 -> 192 (121)
412 -> 194 (26)
412 -> 320 (157)
412 -> 361 (135)
412 -> 370 (86)
412 -> 384 (147)
412 -> 449 (130)
412 -> 452 (14)
412 -> 480 (68)
412 -> 501 (139)
412 -> 534 (163)
412 -> 544 (12)
417 -> 194 (86)
419 -> 116 (166)
419 -> 194 (45)
419 -> 267 (91)
419 -> 311 (68)
419 -> 326 (165)
419 -> 349 (151)
419 -> 420 (168)
419 -> 463 (155)
419 -> 517 (86)
419 -> 591 (55)
420 -> 342 (178)
422 -> 80 (112)
422 -> 99 (132)
422 -> 124 (113)
422 -> 312 (149)
422 -> 340 (126)
422 -> 407 (173)
422 -> 456 (100)
422 -> 544 (86)
422 -> 568 (109)
422 -> 583 (162)
424 -> 194 (126)
425 -> 33 (137)
425 -> 69 (18)
425 -> 598 (22)
434 -> 598 (169)
435 -> 46 (149)
435 -> 80 (71)
435 -> 185 (80)
435 -> 213 (91)
435 -> 266 (133)
435 -> 319 (136)
435 -> 377 (185)
435 -> 399 (104)
435 -> 434 (169)
435 -> 564 (128)
437 -> 452 (196)
437 -> 564 (1)
440 -> 100 (114)
449 -> 544 (138)
450 -> 524 (112)
451 -> 452 (98)
456 -> 7 (143)
458 -> 524 (98)
462 -> 13 (165)
463 -> 208 (155)
466 -> 450 (88)
471 -> 194 (66)
473 -> 411 (2)
473 -> 417 (86)
475 -> 284 (47)
477 -> 11 (24)
477 -> 594 (97)
480 -> 96 (136)
480 -> 152 (187)
480 -> 193 (146)
480 -> 251 (159)
480 -> 388 (146)
480 -> 524 (130)
480 -> 558 (162)
480 -> 585 (192)
481 -> 194 (169)
483 -> 524 (136)
485 -> 245 (187)
490 -> 175 (163)
496 -> 452 (19)
497 -> 245 (177)
498 -> 20 (156)
498 -> 46 (5)
498 -> 121 (165)
498 -> 156 (108)
498 -> 194 (25)
498 -> 197 (176)
498 -> 216 (155)
498 -> 245 (69)
498 -> 293 (106)
498 -> 375 (83)
498 -> 420 (10)
498 -> 456 (43)
498 -> 490 (163)
498 -> 544 (10)
498 -> 566 (187)
498 -> 575 (173)
498 -> 578 (181)
498 -> 592 (146)
499 -> 544 (63)
500 -> 531 (154)
501 -> 194 (139)
504 -> 452 (136)
505 -> 531 (106)
508 -> 194 (199)
508 -> 486 (6)
508 -> 544 (93)
509 -> 9 (184)
509 -> 10 (139)
509 -> 73 (163)
509 -> 194 (193)
509 -> 259 (177)
509 -> 267 (89)
509 -> 282 (159)
509 -> 291 (193)
509 -> 348 (195)
509 -> 385 (86)
509 -> 405 (144)
509 -> 452 (53)
509 -> 524 (61)
509 -> 558 (28)
511 -> 245 (82)
512 -> 511 (82)
512 -> 568 (2)
516 -> 223 (168)
516 -> 245 (75)
516 -> 278 (157)
516 -> 332 (112)
516 -> 356 (135)
516 -> 437 (197)
516 -> 486 (41)
516 -> 544 (44)
517 -> 194 (86)
521 -> 66 (43)
526 -> 452 (109)
532 -> 302 (77)
532 -> 505 (75)
532 -> 568 (1)
534 -> 186 (101)
534 -> 225 (62)
536 -> 166 (111)
546 -> 194 (114)
548 -> 245 (49)
554 -> 95 (126)
554 -> 143 (120)
554 -> 303 (121)
554 -> 356 (34)
554 -> 452 (79)
554 -> 572 (159)
558 -> 544 (190)
564 -> 531 (129)
565 -> 124 (53)
566 -> 16 (126)
566 -> 408 (61)
568 -> 544 (112)
572 -> 140 (159)
575 -> 524 (173)
576 -> 524 (37)
578 -> 183 (157)
578 -> 226 (24)
580 -> 544 (12)
582 -> 245 (165)
583 -> 524 (162)
585 -> 62 (78)
585 -> 440 (114)
586 -> 544 (91)
589 -> 544 (105)
591 -> 50 (92)
591 -> 75 (146)
591 -> 198 (124)
591 -> 370 (50)
591 -> 399 (83)
591 -> 486 (151)
591 -> 512 (84)
591 -> 536 (111)
592 -> 194 (146)
594 -> 245 (97)
598 -> 245 (191)
599 -> 155 (35)
Fluxo: 14678
Arestas removidas: 40921

--Rotas do 6ยบ turno-----------------------------
0 -> 245 (4)
6 -> 367 (50)
6 -> 471 (48)
7 -> 32 (44)
7 -> 544 (80)
9 -> 15 (181)
9 -> 41 (3)
10 -> 486 (189)
11 -> 524 (165)
13 -> 245 (157)
13 -> 449 (2)
14 -> 214 (129)
14 -> 324 (16)
15 -> 245 (181)
16 -> 66 (21)
16 -> 194 (98)
16 -> 398 (7)
20 -> 85 (35)
20 -> 477 (121)
24 -> 11 (141)
29 -> 194 (91)
32 -> 544 (78)
33 -> 184 (137)
41 -> 194 (3)
43 -> 452 (127)
43 -> 524 (22)
45 -> 245 (200)
46 -> 53 (154)
51 -> 137 (42)
51 -> 589 (105)
53 -> 45 (45)
53 -> 511 (49)
53 -> 526 (60)
66 -> 245 (64)
69 -> 471 (18)
70 -> 194 (100)
73 -> 546 (114)
73 -> 548 (49)
80 -> 14 (145)
85 -> 599 (35)
88 -> 245 (102)
92 -> 531 (106)
95 -> 424 (126)
99 -> 194 (120)
99 -> 245 (12)
104 -> 452 (30)
108 -> 307 (109)
109 -> 245 (47)
116 -> 452 (166)
121 -> 245 (165)
124 -> 247 (133)
137 -> 544 (42)
140 -> 524 (159)
141 -> 217 (1)
143 -> 398 (120)
155 -> 524 (76)
156 -> 544 (108)
158 -> 32 (34)
158 -> 162 (32)
158 -> 452 (121)
162 -> 486 (32)
170 -> 104 (30)
170 -> 486 (121)
175 -> 452 (163)
183 -> 245 (94)
183 -> 499 (63)
184 -> 544 (137)
185 -> 367 (116)
186 -> 199 (101)
192 -> 295 (121)
197 -> 245 (133)
197 -> 521 (43)
199 -> 524 (101)
208 -> 155 (41)
208 -> 511 (26)
208 -> 531 (88)
213 -> 351 (91)
214 -> 245 (129)
216 -> 45 (155)
217 -> 245 (1)
223 -> 486 (168)
225 -> 486 (31)
225 -> 505 (31)
226 -> 450 (24)
228 -> 24 (141)
228 -> 51 (147)
228 -> 158 (187)
228 -> 301 (157)
228 -> 451 (98)
228 -> 462 (112)
228 -> 473 (88)
228 -> 486 (86)
228 -> 497 (177)
228 -> 531 (2)
228 -> 532 (153)
228 -> 565 (133)
246 -> 328 (46)
247 -> 108 (109)
247 -> 246 (24)
259 -> 425 (177)
264 -> 524 (168)
264 -> 580 (12)
266 -> 524 (133)
267 -> 264 (180)
269 -> 544 (108)
278 -> 245 (157)
282 -> 10 (50)
282 -> 343 (109)
291 -> 141 (1)
291 -> 531 (192)
293 -> 92 (106)
295 -> 524 (78)
295 -> 544 (43)
301 -> 531 (157)
302 -> 531 (77)
303 -> 185 (36)
303 -> 375 (9)
303 -> 544 (76)
307 -> 194 (109)
311 -> 194 (68)
312 -> 43 (149)
319 -> 531 (136)
320 -> 524 (157)
324 -> 194 (16)
326 -> 582 (165)
328 -> 524 (87)
332 -> 269 (108)
332 -> 355 (4)
340 -> 328 (41)
340 -> 486 (85)
342 -> 355 (131)
342 -> 475 (47)
343 -> 245 (109)
348 -> 246 (22)
348 -> 375 (75)
348 -> 458 (98)
349 -> 524 (151)
351 -> 29 (91)
355 -> 524 (135)
356 -> 481 (169)
361 -> 462 (47)
361 -> 466 (88)
367 -> 486 (166)
370 -> 483 (86)
373 -> 452 (45)
375 -> 245 (167)
377 -> 373 (45)
377 -> 452 (140)
384 -> 0 (4)
384 -> 194 (45)
384 -> 486 (98)
385 -> 70 (86)
398 -> 544 (127)
399 -> 485 (104)
405 -> 70 (14)
405 -> 194 (130)
407 -> 500 (154)
408 -> 531 (61)
411 -> 531 (2)
412 -> 6 (98)
412 -> 88 (102)
412 -> 170 (151)
412 -> 192 (121)
412 -> 194 (26)
412 -> 320 (157)
412 -> 361 (135)
412 -> 370 (86)
412 -> 384 (147)
412 -> 449 (130)
412 -> 452 (14)
412 -> 480 (109)
412 -> 501 (139)
412 -> 534 (163)
412 -> 544 (12)
417 -> 194 (86)
419 -> 116 (166)
419 -> 194 (45)
419 -> 267 (91)
419 -> 311 (68)
419 -> 326 (165)
419 -> 349 (151)
419 -> 420 (168)
419 -> 463 (155)
419 -> 517 (86)
419 -> 591 (100)
420 -> 342 (178)
422 -> 99 (132)
422 -> 312 (149)
422 -> 340 (126)
422 -> 407 (154)
422 -> 544 (86)
422 -> 568 (109)
422 -> 583 (162)
424 -> 194 (126)
425 -> 33 (137)
425 -> 69 (18)
425 -> 598 (22)
434 -> 598 (169)
435 -> 46 (149)
435 -> 80 (145)
435 -> 185 (80)
435 -> 213 (91)
435 -> 266 (133)
435 -> 319 (136)
435 -> 377 (185)
435 -> 399 (104)
435 -> 422 (78)
435 -> 434 (169)
435 -> 564 (128)
437 -> 452 (196)
437 -> 564 (1)
449 -> 544 (132)
450 -> 524 (112)
451 -> 452 (98)
456 -> 7 (124)
458 -> 524 (98)
462 -> 13 (159)
463 -> 208 (155)
466 -> 450 (88)
471 -> 194 (66)
473 -> 411 (2)
473 -> 417 (86)
475 -> 109 (47)
477 -> 11 (24)
477 -> 594 (97)
480 -> 524 (130)
481 -> 194 (169)
483 -> 524 (86)
485 -> 245 (104)
490 -> 175 (163)
497 -> 245 (177)
498 -> 20 (156)
498 -> 46 (5)
498 -> 121 (165)
498 -> 156 (108)
498 -> 194 (25)
498 -> 197 (176)
498 -> 216 (155)
498 -> 245 (69)
498 -> 293 (106)
498 -> 375 (83)
498 -> 420 (10)
498 -> 456 (124)
498 -> 490 (163)
498 -> 544 (10)
498 -> 566 (187)
498 -> 575 (173)
498 -> 578 (181)
498 -> 592 (146)
498 -> 596 (21)
499 -> 544 (63)
500 -> 531 (154)
501 -> 194 (139)
505 -> 531 (106)
508 -> 194 (199)
508 -> 486 (6)
508 -> 544 (93)
509 -> 9 (184)
509 -> 10 (139)
509 -> 73 (163)
509 -> 194 (193)
509 -> 259 (177)
509 -> 267 (89)
509 -> 282 (159)
509 -> 291 (193)
509 -> 348 (195)
509 -> 385 (86)
509 -> 405 (144)
509 -> 452 (53)
509 -> 524 (61)
509 -> 558 (98)
511 -> 245 (75)
516 -> 223 (168)
516 -> 245 (75)
516 -> 278 (157)
516 -> 332 (112)
516 -> 356 (135)
516 -> 412 (87)
516 -> 437 (197)
516 -> 486 (41)
516 -> 544 (44)
517 -> 194 (86)
521 -> 66 (43)
526 -> 452 (60)
532 -> 302 (77)
532 -> 505 (75)
532 -> 568 (1)
534 -> 186 (101)
534 -> 225 (62)
546 -> 194 (114)
548 -> 245 (49)
554 -> 95 (126)
554 -> 143 (120)
554 -> 303 (121)
554 -> 356 (34)
554 -> 452 (79)
554 -> 572 (159)
558 -> 544 (98)
564 -> 531 (129)
565 -> 124 (133)
566 -> 16 (126)
566 -> 408 (61)
568 -> 544 (110)
572 -> 140 (159)
575 -> 524 (173)
578 -> 183 (157)
578 -> 226 (24)
580 -> 544 (12)
582 -> 245 (165)
583 -> 524 (162)
589 -> 544 (105)
591 -> 486 (100)
592 -> 194 (146)
594 -> 245 (97)
596 -> 480 (21)
598 -> 245 (191)
599 -> 155 (35)
Fluxo: 12367
Arestas removidas: 40934

--Rotas do 7ยบ turno-----------------------------
9 -> 15 (181)
9 -> 41 (3)
10 -> 486 (139)
15 -> 245 (181)
41 -> 194 (3)
66 -> 245 (37)
73 -> 546 (10)
88 -> 245 (91)
95 -> 424 (126)
116 -> 452 (166)
121 -> 245 (165)
140 -> 524 (159)
143 -> 398 (120)
155 -> 524 (41)
156 -> 544 (108)
158 -> 452 (121)
197 -> 245 (133)
208 -> 155 (41)
208 -> 340 (26)
208 -> 531 (88)
223 -> 486 (168)
228 -> 158 (121)
228 -> 301 (157)
228 -> 451 (89)
228 -> 486 (86)
228 -> 531 (2)
264 -> 524 (91)
266 -> 524 (73)
267 -> 264 (91)
269 -> 544 (108)
275 -> 509 (127)
278 -> 245 (157)
291 -> 531 (192)
301 -> 531 (157)
303 -> 375 (73)
303 -> 544 (76)
311 -> 194 (68)
326 -> 582 (165)
332 -> 269 (108)
332 -> 355 (4)
340 -> 486 (26)
342 -> 355 (131)
342 -> 475 (37)
349 -> 524 (151)
355 -> 524 (135)
356 -> 481 (169)
375 -> 245 (156)
398 -> 544 (120)
405 -> 194 (130)
412 -> 88 (91)
412 -> 194 (26)
412 -> 452 (14)
412 -> 544 (12)
419 -> 116 (166)
419 -> 194 (45)
419 -> 267 (91)
419 -> 311 (68)
419 -> 326 (165)
419 -> 349 (151)
419 -> 420 (168)
419 -> 463 (155)
419 -> 517 (86)
419 -> 591 (100)
420 -> 342 (168)
424 -> 194 (126)
435 -> 266 (73)
437 -> 452 (196)
437 -> 564 (1)
451 -> 452 (89)
463 -> 208 (155)
475 -> 66 (37)
481 -> 194 (169)
498 -> 121 (165)
498 -> 156 (108)
498 -> 197 (133)
498 -> 245 (69)
498 -> 375 (83)
498 -> 575 (173)
498 -> 592 (22)
508 -> 194 (199)
508 -> 275 (127)
508 -> 486 (6)
508 -> 544 (93)
509 -> 9 (184)
509 -> 10 (139)
509 -> 73 (10)
509 -> 194 (193)
509 -> 291 (192)
509 -> 405 (130)
509 -> 452 (53)
509 -> 524 (61)
509 -> 558 (98)
516 -> 223 (168)
516 -> 245 (75)
516 -> 278 (157)
516 -> 332 (112)
516 -> 356 (135)
516 -> 412 (143)
516 -> 437 (197)
516 -> 486 (41)
516 -> 498 (94)
516 -> 544 (44)
517 -> 194 (86)
546 -> 194 (10)
554 -> 95 (126)
554 -> 143 (120)
554 -> 303 (149)
554 -> 356 (34)
554 -> 452 (79)
554 -> 572 (159)
558 -> 544 (98)
564 -> 531 (1)
572 -> 140 (159)
575 -> 524 (173)
582 -> 245 (165)
591 -> 486 (100)
592 -> 194 (22)
Fluxo: 5573
Arestas removidas: 40937

--Rotas do 8ยบ turno-----------------------------
95 -> 424 (126)
116 -> 452 (166)
140 -> 524 (159)
143 -> 398 (120)
223 -> 486 (106)
275 -> 509 (127)
303 -> 375 (73)
303 -> 544 (76)
311 -> 194 (68)
349 -> 524 (151)
356 -> 481 (150)
375 -> 245 (73)
398 -> 544 (120)
419 -> 116 (166)
419 -> 194 (45)
419 -> 311 (68)
419 -> 349 (151)
419 -> 517 (86)
419 -> 591 (98)
424 -> 194 (126)
481 -> 194 (150)
508 -> 194 (199)
508 -> 275 (127)
508 -> 486 (6)
508 -> 544 (93)
509 -> 194 (127)
516 -> 223 (106)
516 -> 245 (75)
516 -> 486 (41)
516 -> 544 (44)
517 -> 194 (86)
554 -> 95 (126)
554 -> 143 (120)
554 -> 303 (149)
554 -> 356 (150)
554 -> 452 (79)
554 -> 572 (159)
572 -> 140 (159)
591 -> 486 (98)
Fluxo: 2088
Arestas removidas: 40937

--Rotas do 9ยบ turno-----------------------------
95 -> 424 (126)
140 -> 524 (159)
143 -> 398 (120)
275 -> 509 (127)
303 -> 375 (73)
303 -> 544 (76)
356 -> 481 (150)
375 -> 245 (73)
398 -> 544 (120)
424 -> 194 (126)
481 -> 194 (150)
508 -> 194 (199)
508 -> 275 (127)
508 -> 486 (6)
508 -> 544 (93)
509 -> 194 (127)
554 -> 95 (126)
554 -> 143 (120)
554 -> 303 (149)
554 -> 356 (150)
554 -> 452 (79)
554 -> 572 (159)
572 -> 140 (159)
Fluxo: 1208
Arestas removidas: 40937

--Rotas do 10ยบ turno-----------------------------
95 -> 424 (126)
140 -> 524 (159)
143 -> 398 (120)
275 -> 509 (127)
303 -> 375 (73)
303 -> 544 (76)
356 -> 481 (150)
375 -> 245 (73)
398 -> 544 (120)
424 -> 194 (126)
481 -> 194 (150)
508 -> 194 (199)
508 -> 275 (127)
508 -> 486 (6)
508 -> 544 (93)
509 -> 194 (127)
554 -> 95 (126)
554 -> 143 (120)
554 -> 303 (149)
554 -> 356 (150)
554 -> 452 (79)
554 -> 572 (159)
572 -> 140 (159)
Fluxo: 1208
Arestas removidas: 40937

--Rotas do 11ยบ turno-----------------------------
95 -> 424 (126)
140 -> 524 (159)
143 -> 398 (120)
275 -> 509 (127)
303 -> 375 (73)
303 -> 544 (76)
356 -> 481 (150)
375 -> 245 (73)
398 -> 544 (120)
424 -> 194 (126)
481 -> 194 (150)
508 -> 194 (199)
508 -> 275 (127)
508 -> 486 (6)
508 -> 544 (93)
509 -> 194 (127)
554 -> 95 (126)
554 -> 143 (120)
554 -> 303 (149)
554 -> 356 (150)
554 -> 452 (79)
554 -> 572 (159)
572 -> 140 (159)
Fluxo: 1208
Arestas removidas: 40937

--Rotas do 12ยบ turno-----------------------------
95 -> 424 (126)
140 -> 524 (159)
143 -> 398 (120)
275 -> 509 (127)
303 -> 375 (73)
303 -> 544 (76)
356 -> 481 (150)
375 -> 245 (73)
398 -> 544 (120)
424 -> 194 (126)
481 -> 194 (150)
508 -> 194 (199)
508 -> 275 (127)
508 -> 486 (6)
508 -> 544 (93)
509 -> 194 (127)
554 -> 95 (126)
554 -> 143 (120)
554 -> 303 (149)
554 -> 356 (150)
554 -> 452 (79)
554 -> 572 (159)
572 -> 140 (159)
Fluxo: 1208
Arestas removidas: 40937

--Rotas do 13ยบ turno-----------------------------
95 -> 424 (126)
140 -> 524 (159)
143 -> 398 (120)
275 -> 509 (127)
303 -> 375 (73)
303 -> 544 (76)
356 -> 481 (150)
375 -> 245 (73)
398 -> 544 (120)
424 -> 194 (126)
481 -> 194 (150)
508 -> 194 (199)
508 -> 275 (127)
508 -> 486 (6)
508 -> 544 (93)
509 -> 194 (127)
554 -> 95 (126)
554 -> 143 (120)
554 -> 303 (149)
554 -> 356 (150)
554 -> 452 (79)
554 -> 572 (159)
572 -> 140 (159)
Fluxo: 1208
Arestas removidas: 40937

--Rotas do 14ยบ turno-----------------------------
95 -> 424 (126)
140 -> 524 (159)
143 -> 398 (120)
275 -> 509 (127)
303 -> 375 (73)
303 -> 544 (76)
356 -> 481 (150)
375 -> 245 (73)
398 -> 544 (120)
424 -> 194 (126)
481 -> 194 (150)
508 -> 194 (199)
508 -> 275 (127)
508 -> 486 (6)
508 -> 544 (93)
508 -> 554 (7)
509 -> 194 (127)
554 -> 95 (126)
554 -> 143 (120)
554 -> 303 (149)
554 -> 356 (150)
554 -> 452 (79)
554 -> 572 (159)
572 -> 140 (159)
Fluxo: 1208
Arestas removidas: 40937

--Rotas do 15ยบ turno-----------------------------
508 -> 194 (199)
508 -> 486 (6)
508 -> 544 (93)
508 -> 554 (53)
554 -> 452 (53)
Fluxo: 351
Arestas removidas: 40937

Populaรงรฃo evacuada: 247180 de 247180 UTs
O tempo total para evacuar 100.00% da populaรงรฃo รฉ: 15 unidades de tempo.
