--Rotas do 1ยบ turno-----------------------------
0 -> 699 (190)
1 -> 24 (120)
1 -> 207 (19)
2 -> 92 (179)
2 -> 128 (13)
3 -> 399 (156)
4 -> 24 (165)
5 -> 202 (142)
6 -> 389 (158)
7 -> 24 (162)
7 -> 399 (33)
8 -> 10 (163)
8 -> 22 (118)
8 -> 39 (177)
8 -> 43 (107)
8 -> 48 (101)
8 -> 51 (130)
8 -> 54 (156)
8 -> 60 (200)
8 -> 70 (97)
8 -> 71 (141)
8 -> 91 (175)
8 -> 104 (137)
8 -> 108 (151)
8 -> 117 (188)
8 -> 128 (132)
8 -> 133 (179)
8 -> 136 (132)
8 -> 144 (133)
8 -> 148 (180)
8 -> 151 (135)
8 -> 164 (149)
8 -> 166 (106)
8 -> 179 (132)
8 -> 207 (121)
8 -> 221 (167)
8 -> 254 (149)
8 -> 398 (114)
8 -> 399 (104)
8 -> 539 (161)
8 -> 635 (83)
8 -> 638 (101)
8 -> 657 (108)
9 -> 253 (26)
10 -> 389 (132)
10 -> 399 (31)
11 -> 128 (197)
11 -> 389 (1)
12 -> 128 (103)
13 -> 24 (200)
14 -> 128 (190)
15 -> 92 (160)
15 -> 792 (18)
16 -> 24 (132)
16 -> 202 (61)
17 -> 24 (164)
17 -> 202 (27)
19 -> 672 (119)
20 -> 24 (153)
20 -> 128 (19)
21 -> 207 (112)
21 -> 399 (50)
22 -> 92 (180)
23 -> 476 (179)
23 -> 792 (3)
25 -> 202 (134)
25 -> 399 (8)
26 -> 128 (162)
26 -> 399 (30)
27 -> 389 (134)
27 -> 399 (46)
28 -> 672 (181)
29 -> 672 (115)
30 -> 389 (121)
30 -> 399 (54)
31 -> 672 (87)
31 -> 792 (63)
32 -> 476 (154)
33 -> 92 (100)
33 -> 399 (79)
35 -> 24 (198)
35 -> 96 (131)
35 -> 732 (172)
36 -> 389 (96)
36 -> 792 (49)
37 -> 586 (19)
38 -> 672 (185)
39 -> 92 (104)
39 -> 389 (73)
40 -> 399 (171)
41 -> 24 (191)
42 -> 207 (144)
43 -> 389 (107)
44 -> 202 (147)
44 -> 792 (157)
45 -> 92 (84)
46 -> 202 (59)
46 -> 207 (99)
47 -> 24 (190)
48 -> 24 (142)
49 -> 399 (119)
50 -> 476 (195)
51 -> 92 (129)
51 -> 202 (1)
52 -> 389 (176)
52 -> 672 (23)
53 -> 538 (188)
54 -> 389 (156)
55 -> 202 (169)
56 -> 128 (91)
56 -> 202 (89)
57 -> 389 (174)
58 -> 207 (188)
59 -> 672 (166)
60 -> 92 (174)
60 -> 399 (26)
61 -> 792 (144)
62 -> 92 (191)
63 -> 476 (166)
63 -> 672 (5)
64 -> 202 (159)
65 -> 389 (158)
66 -> 92 (188)
66 -> 792 (3)
67 -> 24 (167)
67 -> 92 (20)
68 -> 202 (160)
69 -> 207 (155)
69 -> 672 (25)
70 -> 792 (97)
71 -> 476 (200)
72 -> 207 (129)
73 -> 476 (142)
74 -> 92 (145)
74 -> 202 (35)
75 -> 476 (131)
76 -> 1 (139)
76 -> 4 (119)
76 -> 16 (193)
76 -> 20 (172)
76 -> 29 (115)
76 -> 36 (145)
76 -> 38 (134)
76 -> 40 (147)
76 -> 42 (144)
76 -> 49 (111)
76 -> 50 (148)
76 -> 57 (82)
76 -> 85 (97)
76 -> 128 (69)
76 -> 202 (179)
76 -> 313 (101)
76 -> 343 (173)
76 -> 577 (114)
76 -> 736 (28)
77 -> 128 (154)
78 -> 128 (124)
78 -> 207 (75)
79 -> 389 (114)
79 -> 672 (28)
80 -> 128 (145)
81 -> 202 (112)
81 -> 389 (62)
82 -> 207 (179)
83 -> 792 (119)
84 -> 128 (145)
84 -> 202 (40)
85 -> 24 (140)
86 -> 24 (118)
86 -> 476 (54)
87 -> 128 (176)
87 -> 672 (8)
88 -> 24 (147)
88 -> 207 (26)
89 -> 3 (109)
89 -> 17 (191)
89 -> 26 (192)
89 -> 27 (180)
89 -> 33 (179)
89 -> 55 (130)
89 -> 61 (102)
89 -> 68 (98)
89 -> 69 (180)
89 -> 71 (59)
89 -> 72 (112)
89 -> 73 (125)
89 -> 82 (166)
89 -> 97 (199)
89 -> 98 (133)
89 -> 128 (163)
89 -> 132 (147)
89 -> 202 (124)
89 -> 399 (165)
89 -> 427 (30)
89 -> 445 (56)
89 -> 617 (77)
89 -> 632 (185)
89 -> 640 (170)
89 -> 672 (176)
90 -> 389 (156)
91 -> 92 (162)
91 -> 399 (13)
93 -> 399 (3)
94 -> 128 (186)
95 -> 24 (187)
96 -> 672 (141)
97 -> 92 (124)
97 -> 510 (75)
98 -> 207 (164)
99 -> 92 (132)
99 -> 207 (33)
100 -> 207 (174)
101 -> 92 (125)
102 -> 5 (107)
102 -> 13 (200)
102 -> 15 (178)
102 -> 23 (182)
102 -> 38 (51)
102 -> 63 (171)
102 -> 67 (187)
102 -> 74 (180)
102 -> 75 (131)
102 -> 79 (142)
102 -> 84 (185)
102 -> 90 (156)
102 -> 94 (119)
102 -> 101 (125)
102 -> 106 (184)
102 -> 161 (147)
102 -> 176 (165)
102 -> 180 (153)
102 -> 207 (172)
102 -> 212 (106)
102 -> 345 (101)
102 -> 372 (175)
102 -> 404 (196)
102 -> 501 (115)
102 -> 638 (62)
102 -> 663 (168)
104 -> 92 (196)
105 -> 4 (46)
105 -> 7 (195)
105 -> 11 (198)
105 -> 24 (165)
105 -> 41 (115)
105 -> 56 (180)
105 -> 59 (166)
105 -> 82 (13)
105 -> 85 (43)
105 -> 87 (184)
105 -> 88 (173)
105 -> 109 (93)
105 -> 118 (129)
105 -> 123 (156)
105 -> 126 (168)
105 -> 129 (144)
105 -> 146 (126)
105 -> 158 (155)
105 -> 174 (124)
105 -> 175 (190)
105 -> 178 (200)
105 -> 180 (34)
105 -> 182 (166)
105 -> 198 (158)
105 -> 207 (134)
105 -> 238 (167)
105 -> 243 (134)
105 -> 251 (192)
105 -> 274 (111)
105 -> 300 (86)
105 -> 357 (144)
105 -> 389 (132)
105 -> 403 (105)
105 -> 511 (186)
105 -> 582 (153)
105 -> 591 (160)
105 -> 655 (142)
106 -> 128 (194)
107 -> 92 (172)
107 -> 128 (3)
108 -> 207 (147)
108 -> 399 (4)
109 -> 389 (199)
110 -> 389 (163)
111 -> 92 (134)
111 -> 207 (10)
112 -> 24 (186)
113 -> 24 (186)
113 -> 202 (12)
114 -> 202 (141)
114 -> 399 (21)
115 -> 207 (170)
116 -> 24 (134)
117 -> 24 (173)
117 -> 672 (15)
118 -> 128 (189)
119 -> 24 (148)
119 -> 672 (2)
120 -> 476 (197)
121 -> 24 (159)
122 -> 12 (103)
122 -> 32 (134)
122 -> 40 (24)
122 -> 46 (158)
122 -> 55 (39)
122 -> 106 (10)
122 -> 121 (159)
122 -> 141 (199)
122 -> 202 (77)
122 -> 230 (85)
122 -> 378 (90)
122 -> 635 (101)
122 -> 703 (142)
123 -> 202 (154)
123 -> 476 (2)
124 -> 207 (151)
124 -> 792 (42)
125 -> 202 (120)
125 -> 672 (54)
126 -> 476 (146)
126 -> 672 (22)
127 -> 399 (152)
129 -> 389 (161)
130 -> 389 (173)
130 -> 792 (1)
131 -> 476 (181)
132 -> 92 (147)
133 -> 24 (177)
133 -> 202 (2)
134 -> 476 (199)
135 -> 92 (145)
136 -> 389 (173)
137 -> 202 (136)
137 -> 207 (33)
138 -> 399 (127)
139 -> 202 (163)
140 -> 92 (187)
141 -> 207 (193)
141 -> 290 (6)
142 -> 476 (185)
144 -> 389 (200)
145 -> 207 (170)
146 -> 202 (183)
147 -> 476 (166)
148 -> 207 (191)
150 -> 207 (152)
151 -> 389 (162)
152 -> 24 (77)
153 -> 24 (156)
153 -> 92 (16)
154 -> 24 (144)
154 -> 128 (45)
155 -> 202 (178)
156 -> 128 (133)
156 -> 399 (62)
157 -> 92 (154)
158 -> 24 (108)
158 -> 389 (47)
160 -> 92 (176)
160 -> 207 (10)
161 -> 338 (31)
161 -> 389 (116)
162 -> 202 (96)
163 -> 92 (172)
164 -> 207 (149)
165 -> 389 (159)
166 -> 207 (99)
166 -> 399 (7)
167 -> 128 (129)
167 -> 476 (37)
168 -> 128 (108)
168 -> 476 (87)
169 -> 128 (79)
170 -> 128 (148)
171 -> 389 (168)
171 -> 672 (16)
172 -> 128 (149)
172 -> 792 (13)
173 -> 729 (26)
174 -> 399 (124)
175 -> 128 (154)
175 -> 202 (36)
176 -> 92 (165)
177 -> 389 (93)
177 -> 672 (58)
178 -> 92 (187)
178 -> 389 (13)
179 -> 202 (142)
180 -> 24 (187)
181 -> 24 (74)
181 -> 476 (67)
182 -> 202 (197)
183 -> 202 (167)
184 -> 24 (159)
184 -> 92 (3)
185 -> 128 (183)
186 -> 24 (192)
186 -> 202 (7)
187 -> 24 (148)
187 -> 389 (37)
188 -> 128 (117)
188 -> 476 (3)
189 -> 792 (181)
190 -> 128 (190)
191 -> 389 (91)
191 -> 672 (104)
192 -> 24 (198)
193 -> 207 (193)
193 -> 389 (3)
194 -> 24 (170)
195 -> 128 (161)
195 -> 389 (9)
196 -> 389 (95)
196 -> 672 (68)
197 -> 92 (116)
197 -> 792 (62)
198 -> 399 (171)
199 -> 24 (188)
200 -> 399 (152)
200 -> 792 (18)
201 -> 128 (196)
203 -> 202 (189)
204 -> 792 (167)
205 -> 476 (170)
206 -> 24 (119)
206 -> 202 (41)
208 -> 92 (164)
208 -> 389 (19)
209 -> 92 (150)
209 -> 128 (27)
210 -> 572 (27)
210 -> 672 (111)
211 -> 202 (168)
211 -> 476 (12)
212 -> 207 (169)
213 -> 24 (173)
213 -> 399 (9)
214 -> 6 (150)
214 -> 24 (149)
214 -> 25 (142)
214 -> 48 (41)
214 -> 50 (47)
214 -> 57 (92)
214 -> 58 (111)
214 -> 80 (126)
214 -> 109 (92)
214 -> 111 (144)
214 -> 114 (162)
214 -> 125 (174)
214 -> 145 (162)
214 -> 147 (166)
214 -> 153 (172)
214 -> 157 (134)
214 -> 171 (184)
214 -> 183 (167)
214 -> 185 (148)
214 -> 202 (119)
214 -> 233 (130)
214 -> 237 (162)
214 -> 240 (134)
214 -> 248 (188)
214 -> 259 (135)
214 -> 307 (184)
214 -> 318 (132)
214 -> 321 (149)
214 -> 337 (180)
214 -> 338 (116)
214 -> 348 (180)
214 -> 366 (191)
214 -> 384 (72)
214 -> 386 (130)
214 -> 389 (173)
214 -> 416 (194)
214 -> 425 (155)
214 -> 428 (163)
214 -> 435 (112)
214 -> 490 (146)
214 -> 491 (155)
214 -> 540 (164)
214 -> 596 (124)
214 -> 602 (157)
214 -> 627 (105)
214 -> 628 (117)
214 -> 644 (40)
214 -> 652 (167)
214 -> 689 (101)
214 -> 769 (5)
215 -> 202 (177)
215 -> 399 (15)
216 -> 92 (157)
216 -> 476 (39)
217 -> 672 (26)
218 -> 92 (180)
219 -> 24 (99)
219 -> 92 (52)
220 -> 24 (111)
221 -> 24 (167)
222 -> 202 (177)
223 -> 792 (140)
224 -> 389 (163)
225 -> 476 (52)
226 -> 24 (181)
227 -> 207 (169)
227 -> 399 (5)
228 -> 128 (193)
229 -> 672 (123)
229 -> 792 (62)
230 -> 207 (187)
231 -> 92 (105)
232 -> 19 (119)
232 -> 41 (76)
232 -> 47 (190)
232 -> 52 (199)
232 -> 92 (167)
232 -> 94 (67)
232 -> 113 (198)
232 -> 118 (60)
232 -> 119 (150)
232 -> 130 (174)
232 -> 134 (120)
232 -> 142 (135)
232 -> 148 (11)
232 -> 155 (131)
232 -> 162 (96)
232 -> 163 (152)
232 -> 167 (166)
232 -> 168 (195)
232 -> 186 (199)
232 -> 188 (120)
232 -> 189 (135)
232 -> 190 (144)
232 -> 200 (170)
232 -> 207 (187)
232 -> 230 (102)
232 -> 249 (17)
232 -> 258 (110)
232 -> 264 (171)
232 -> 322 (155)
232 -> 326 (178)
232 -> 347 (198)
232 -> 399 (132)
232 -> 451 (121)
232 -> 470 (130)
232 -> 476 (138)
232 -> 527 (103)
232 -> 604 (140)
232 -> 672 (182)
232 -> 684 (155)
233 -> 202 (130)
234 -> 128 (179)
235 -> 92 (115)
235 -> 202 (8)
236 -> 24 (183)
236 -> 476 (17)
237 -> 202 (195)
238 -> 92 (139)
238 -> 202 (28)
239 -> 207 (120)
240 -> 92 (145)
241 -> 128 (86)
241 -> 207 (95)
242 -> 92 (182)
243 -> 399 (174)
245 -> 92 (123)
246 -> 202 (168)
246 -> 399 (24)
247 -> 399 (198)
248 -> 92 (173)
248 -> 207 (15)
249 -> 129 (17)
250 -> 128 (158)
250 -> 389 (14)
251 -> 792 (192)
252 -> 92 (42)
253 -> 207 (157)
254 -> 672 (176)
255 -> 28 (126)
255 -> 30 (175)
255 -> 35 (94)
255 -> 72 (17)
255 -> 77 (96)
255 -> 81 (174)
255 -> 92 (189)
255 -> 112 (124)
255 -> 124 (193)
255 -> 127 (126)
255 -> 131 (160)
255 -> 139 (144)
255 -> 140 (167)
255 -> 170 (148)
255 -> 172 (162)
255 -> 177 (151)
255 -> 181 (141)
255 -> 185 (35)
255 -> 196 (163)
255 -> 207 (160)
255 -> 209 (177)
255 -> 218 (97)
255 -> 219 (151)
255 -> 226 (139)
255 -> 235 (123)
255 -> 261 (196)
255 -> 262 (177)
255 -> 263 (124)
255 -> 267 (137)
255 -> 277 (58)
255 -> 298 (164)
255 -> 363 (170)
255 -> 417 (154)
255 -> 419 (177)
255 -> 485 (148)
255 -> 525 (160)
255 -> 556 (137)
255 -> 588 (133)
255 -> 614 (145)
255 -> 672 (180)
255 -> 795 (129)
256 -> 5 (35)
256 -> 14 (159)
256 -> 22 (62)
256 -> 24 (116)
256 -> 28 (55)
256 -> 58 (77)
256 -> 68 (62)
256 -> 92 (192)
256 -> 112 (62)
256 -> 128 (176)
256 -> 131 (21)
256 -> 138 (127)
256 -> 156 (195)
256 -> 163 (20)
256 -> 179 (10)
256 -> 184 (162)
256 -> 197 (178)
256 -> 201 (171)
256 -> 202 (165)
256 -> 207 (143)
256 -> 215 (192)
256 -> 220 (111)
256 -> 228 (102)
256 -> 229 (185)
256 -> 236 (200)
256 -> 240 (11)
256 -> 245 (123)
256 -> 247 (192)
256 -> 260 (173)
256 -> 313 (87)
256 -> 390 (137)
256 -> 396 (103)
256 -> 399 (127)
256 -> 445 (132)
256 -> 448 (169)
256 -> 558 (121)
256 -> 596 (69)
256 -> 672 (154)
256 -> 700 (126)
256 -> 765 (36)
256 -> 792 (138)
257 -> 24 (118)
257 -> 389 (75)
258 -> 389 (193)
259 -> 202 (167)
260 -> 207 (142)
260 -> 672 (31)
261 -> 207 (133)
261 -> 389 (63)
262 -> 128 (161)
262 -> 207 (16)
263 -> 389 (190)
264 -> 202 (198)
265 -> 128 (165)
265 -> 476 (14)
266 -> 3 (47)
266 -> 799 (19)
267 -> 462 (15)
267 -> 672 (122)
268 -> 6 (8)
268 -> 21 (162)
268 -> 77 (58)
268 -> 100 (138)
268 -> 110 (115)
268 -> 115 (170)
268 -> 182 (31)
268 -> 204 (167)
268 -> 207 (145)
268 -> 253 (131)
268 -> 270 (145)
268 -> 299 (104)
268 -> 389 (165)
268 -> 472 (99)
268 -> 476 (169)
268 -> 622 (126)
268 -> 669 (81)
268 -> 728 (141)
268 -> 757 (120)
268 -> 763 (116)
269 -> 202 (187)
270 -> 672 (200)
271 -> 24 (179)
272 -> 389 (109)
273 -> 476 (174)
274 -> 207 (169)
275 -> 128 (172)
276 -> 202 (108)
276 -> 476 (78)
277 -> 24 (83)
277 -> 389 (189)
277 -> 399 (193)
277 -> 719 (7)
277 -> 792 (197)
278 -> 92 (160)
278 -> 202 (33)
279 -> 476 (174)
280 -> 476 (198)
281 -> 399 (154)
282 -> 290 (28)
282 -> 460 (136)
283 -> 476 (46)
284 -> 202 (188)
285 -> 92 (179)
285 -> 207 (162)
285 -> 389 (28)
286 -> 92 (180)
287 -> 389 (188)
288 -> 24 (77)
288 -> 672 (24)
289 -> 24 (77)
290 -> 399 (174)
291 -> 202 (181)
292 -> 86 (172)
292 -> 92 (146)
292 -> 95 (151)
292 -> 100 (36)
292 -> 116 (111)
292 -> 120 (184)
292 -> 157 (20)
292 -> 160 (186)
292 -> 165 (159)
292 -> 169 (79)
292 -> 199 (183)
292 -> 201 (25)
292 -> 206 (160)
292 -> 207 (160)
292 -> 211 (180)
292 -> 216 (196)
292 -> 218 (83)
292 -> 226 (42)
292 -> 237 (33)
292 -> 246 (192)
292 -> 258 (83)
292 -> 271 (179)
292 -> 272 (109)
292 -> 273 (168)
292 -> 305 (150)
292 -> 358 (190)
292 -> 365 (122)
292 -> 437 (123)
292 -> 455 (198)
292 -> 504 (91)
292 -> 526 (117)
292 -> 536 (147)
292 -> 544 (159)
292 -> 585 (158)
292 -> 612 (122)
292 -> 618 (154)
292 -> 650 (134)
292 -> 721 (136)
293 -> 128 (189)
293 -> 456 (10)
294 -> 202 (195)
295 -> 128 (191)
296 -> 14 (31)
296 -> 24 (138)
296 -> 62 (153)
296 -> 109 (14)
296 -> 116 (23)
296 -> 146 (57)
296 -> 155 (47)
296 -> 187 (185)
296 -> 193 (196)
296 -> 202 (138)
296 -> 207 (197)
296 -> 208 (183)
296 -> 224 (163)
296 -> 239 (120)
296 -> 284 (188)
296 -> 294 (179)
296 -> 314 (179)
296 -> 370 (194)
296 -> 409 (91)
296 -> 423 (128)
296 -> 452 (151)
296 -> 524 (185)
296 -> 698 (136)
297 -> 207 (171)
298 -> 202 (144)
298 -> 792 (20)
299 -> 389 (104)
300 -> 207 (161)
301 -> 128 (124)
302 -> 139 (19)
303 -> 78 (199)
303 -> 95 (36)
303 -> 120 (13)
303 -> 127 (26)
303 -> 128 (187)
303 -> 140 (20)
303 -> 142 (50)
303 -> 192 (173)
303 -> 207 (127)
303 -> 276 (186)
303 -> 280 (160)
303 -> 281 (154)
303 -> 289 (77)
303 -> 295 (182)
303 -> 297 (171)
303 -> 308 (152)
303 -> 319 (194)
303 -> 328 (121)
303 -> 350 (164)
303 -> 351 (143)
303 -> 353 (176)
303 -> 367 (192)
303 -> 376 (189)
303 -> 386 (42)
303 -> 399 (131)
303 -> 405 (108)
303 -> 408 (155)
303 -> 409 (47)
303 -> 430 (172)
303 -> 433 (172)
303 -> 439 (135)
303 -> 457 (148)
303 -> 462 (106)
303 -> 476 (191)
303 -> 481 (185)
303 -> 492 (188)
303 -> 494 (160)
303 -> 532 (98)
303 -> 560 (138)
303 -> 563 (172)
303 -> 570 (154)
303 -> 580 (116)
303 -> 623 (127)
303 -> 639 (174)
303 -> 682 (137)
303 -> 690 (148)
303 -> 700 (42)
303 -> 747 (117)
303 -> 766 (172)
304 -> 389 (129)
305 -> 476 (150)
306 -> 128 (152)
306 -> 389 (43)
307 -> 128 (194)
308 -> 389 (199)
309 -> 202 (167)
310 -> 399 (167)
311 -> 442 (180)
312 -> 24 (173)
313 -> 672 (188)
314 -> 92 (155)
314 -> 476 (24)
315 -> 24 (103)
315 -> 92 (126)
315 -> 128 (105)
315 -> 135 (145)
315 -> 202 (94)
315 -> 205 (136)
315 -> 207 (83)
315 -> 389 (170)
315 -> 399 (111)
315 -> 476 (180)
315 -> 673 (87)
315 -> 794 (112)
316 -> 672 (180)
317 -> 66 (191)
317 -> 242 (182)
317 -> 257 (193)
317 -> 280 (38)
317 -> 285 (116)
317 -> 291 (181)
317 -> 304 (129)
317 -> 327 (145)
317 -> 354 (130)
317 -> 361 (174)
317 -> 467 (136)
317 -> 476 (109)
317 -> 587 (126)
317 -> 620 (143)
317 -> 707 (170)
317 -> 769 (117)
317 -> 792 (175)
318 -> 128 (132)
319 -> 92 (180)
319 -> 202 (14)
321 -> 207 (149)
322 -> 389 (193)
323 -> 31 (150)
323 -> 104 (59)
323 -> 128 (183)
323 -> 134 (79)
323 -> 190 (46)
323 -> 195 (170)
323 -> 269 (119)
323 -> 331 (191)
323 -> 389 (163)
323 -> 438 (137)
323 -> 476 (148)
323 -> 720 (91)
324 -> 92 (172)
325 -> 476 (136)
325 -> 792 (64)
326 -> 128 (195)
327 -> 202 (145)
328 -> 24 (124)
329 -> 202 (183)
330 -> 92 (180)
330 -> 476 (19)
331 -> 202 (191)
332 -> 92 (128)
332 -> 207 (64)
333 -> 207 (141)
333 -> 664 (6)
333 -> 799 (37)
334 -> 128 (105)
334 -> 399 (91)
335 -> 128 (145)
335 -> 207 (55)
336 -> 672 (185)
337 -> 792 (183)
338 -> 792 (147)
339 -> 92 (161)
339 -> 128 (12)
340 -> 92 (135)
340 -> 128 (25)
341 -> 128 (171)
342 -> 62 (38)
342 -> 202 (122)
342 -> 203 (159)
342 -> 207 (136)
342 -> 250 (172)
342 -> 270 (55)
342 -> 307 (10)
342 -> 311 (170)
342 -> 324 (107)
342 -> 389 (167)
342 -> 432 (114)
342 -> 453 (136)
342 -> 477 (114)
342 -> 483 (172)
342 -> 499 (186)
342 -> 528 (120)
342 -> 568 (137)
342 -> 607 (106)
342 -> 613 (183)
342 -> 674 (163)
342 -> 687 (165)
342 -> 748 (190)
343 -> 399 (173)
344 -> 24 (185)
344 -> 99 (165)
344 -> 137 (169)
344 -> 145 (8)
344 -> 191 (195)
344 -> 203 (30)
344 -> 222 (177)
344 -> 259 (32)
344 -> 265 (179)
344 -> 269 (68)
344 -> 293 (199)
344 -> 324 (65)
344 -> 330 (199)
344 -> 335 (200)
344 -> 339 (173)
344 -> 341 (171)
344 -> 371 (199)
344 -> 379 (165)
344 -> 407 (156)
344 -> 440 (182)
344 -> 457 (52)
344 -> 542 (160)
344 -> 607 (71)
344 -> 661 (177)
344 -> 669 (73)
344 -> 678 (140)
344 -> 716 (94)
344 -> 730 (171)
344 -> 734 (150)
344 -> 757 (48)
344 -> 791 (180)
345 -> 399 (138)
346 -> 399 (121)
347 -> 128 (172)
347 -> 217 (26)
348 -> 207 (150)
348 -> 762 (30)
349 -> 128 (146)
350 -> 202 (147)
350 -> 389 (17)
351 -> 202 (118)
351 -> 672 (25)
352 -> 207 (175)
353 -> 207 (190)
354 -> 399 (166)
355 -> 92 (122)
356 -> 202 (183)
357 -> 92 (144)
358 -> 128 (141)
358 -> 207 (49)
359 -> 399 (102)
359 -> 476 (37)
360 -> 24 (196)
360 -> 202 (136)
360 -> 389 (117)
360 -> 399 (103)
360 -> 476 (89)
360 -> 569 (26)
361 -> 202 (97)
361 -> 476 (77)
362 -> 389 (118)
363 -> 128 (138)
363 -> 399 (32)
364 -> 24 (102)
364 -> 198 (13)
365 -> 24 (196)
366 -> 672 (199)
367 -> 399 (194)
369 -> 202 (170)
370 -> 389 (196)
371 -> 202 (171)
371 -> 672 (28)
372 -> 389 (175)
373 -> 207 (148)
374 -> 207 (153)
374 -> 290 (44)
375 -> 92 (145)
375 -> 98 (31)
375 -> 144 (67)
375 -> 202 (127)
375 -> 207 (164)
375 -> 228 (91)
375 -> 310 (134)
375 -> 322 (38)
375 -> 325 (200)
375 -> 364 (115)
375 -> 369 (157)
375 -> 381 (160)
375 -> 412 (176)
375 -> 413 (162)
375 -> 449 (111)
375 -> 514 (148)
375 -> 641 (189)
375 -> 658 (149)
376 -> 24 (157)
376 -> 389 (32)
377 -> 476 (183)
378 -> 792 (199)
379 -> 202 (190)
380 -> 283 (46)
380 -> 476 (147)
381 -> 92 (158)
381 -> 128 (2)
382 -> 92 (133)
384 -> 672 (138)
385 -> 128 (83)
386 -> 128 (172)
387 -> 399 (122)
387 -> 476 (58)
388 -> 207 (44)
390 -> 476 (174)
392 -> 128 (185)
393 -> 202 (186)
394 -> 202 (169)
394 -> 399 (2)
396 -> 207 (192)
398 -> 202 (156)
400 -> 128 (80)
400 -> 399 (72)
401 -> 290 (26)
402 -> 399 (195)
403 -> 476 (105)
404 -> 207 (170)
404 -> 389 (26)
405 -> 128 (190)
406 -> 202 (169)
406 -> 399 (15)
407 -> 207 (179)
408 -> 202 (196)
409 -> 207 (138)
410 -> 207 (171)
411 -> 202 (85)
412 -> 389 (176)
413 -> 399 (113)
413 -> 672 (49)
414 -> 92 (153)
414 -> 128 (36)
415 -> 2 (192)
415 -> 107 (175)
415 -> 154 (189)
415 -> 207 (131)
415 -> 223 (140)
415 -> 227 (174)
415 -> 241 (181)
415 -> 243 (40)
415 -> 275 (156)
415 -> 295 (9)
415 -> 310 (33)
415 -> 316 (180)
415 -> 352 (152)
415 -> 355 (122)
415 -> 369 (13)
415 -> 392 (185)
415 -> 399 (116)
415 -> 400 (152)
415 -> 402 (139)
415 -> 463 (179)
415 -> 480 (152)
415 -> 498 (177)
415 -> 505 (159)
415 -> 509 (187)
415 -> 516 (166)
415 -> 517 (197)
415 -> 530 (170)
415 -> 546 (129)
415 -> 554 (11)
415 -> 564 (2)
415 -> 611 (164)
415 -> 629 (102)
415 -> 642 (169)
415 -> 676 (186)
415 -> 709 (170)
415 -> 711 (103)
415 -> 749 (136)
415 -> 776 (175)
415 -> 789 (156)
415 -> 797 (83)
416 -> 389 (178)
416 -> 399 (16)
417 -> 92 (195)
418 -> 672 (183)
419 -> 334 (196)
420 -> 128 (89)
420 -> 173 (26)
420 -> 207 (141)
420 -> 213 (182)
420 -> 275 (16)
420 -> 279 (174)
420 -> 362 (118)
420 -> 378 (109)
420 -> 419 (19)
420 -> 476 (178)
420 -> 520 (146)
420 -> 579 (126)
420 -> 593 (142)
420 -> 594 (137)
420 -> 637 (180)
420 -> 668 (84)
420 -> 698 (32)
420 -> 705 (166)
420 -> 737 (161)
420 -> 754 (127)
420 -> 764 (160)
420 -> 768 (189)
420 -> 774 (142)
420 -> 781 (165)
421 -> 286 (164)
421 -> 352 (23)
421 -> 359 (139)
421 -> 365 (74)
421 -> 367 (2)
421 -> 377 (153)
421 -> 382 (98)
421 -> 393 (186)
421 -> 399 (60)
421 -> 405 (82)
421 -> 414 (189)
421 -> 439 (61)
421 -> 468 (138)
421 -> 473 (183)
421 -> 476 (148)
421 -> 495 (100)
421 -> 502 (147)
421 -> 504 (43)
421 -> 508 (138)
421 -> 522 (144)
421 -> 539 (27)
421 -> 551 (156)
421 -> 573 (160)
421 -> 606 (156)
421 -> 627 (29)
421 -> 643 (153)
421 -> 651 (171)
421 -> 692 (132)
421 -> 694 (162)
421 -> 713 (175)
421 -> 719 (116)
421 -> 736 (75)
421 -> 745 (143)
421 -> 776 (20)
421 -> 799 (138)
422 -> 92 (163)
422 -> 476 (18)
423 -> 399 (128)
424 -> 499 (7)
424 -> 792 (140)
425 -> 399 (186)
426 -> 92 (161)
426 -> 476 (29)
427 -> 377 (30)
428 -> 207 (146)
428 -> 326 (17)
429 -> 389 (179)
429 -> 476 (10)
430 -> 24 (172)
431 -> 92 (135)
431 -> 202 (60)
432 -> 207 (130)
433 -> 92 (195)
434 -> 128 (120)
435 -> 476 (112)
437 -> 399 (170)
438 -> 92 (173)
439 -> 207 (196)
440 -> 389 (174)
440 -> 476 (8)
441 -> 128 (184)
442 -> 96 (10)
442 -> 202 (170)
443 -> 24 (160)
443 -> 212 (63)
443 -> 374 (197)
443 -> 379 (25)
443 -> 389 (155)
443 -> 399 (70)
443 -> 411 (77)
443 -> 450 (170)
443 -> 515 (131)
443 -> 545 (86)
443 -> 598 (183)
443 -> 673 (113)
443 -> 695 (95)
443 -> 733 (152)
443 -> 762 (162)
443 -> 782 (170)
444 -> 128 (191)
445 -> 128 (188)
446 -> 389 (145)
447 -> 92 (184)
447 -> 128 (13)
448 -> 207 (192)
449 -> 672 (111)
450 -> 399 (170)
451 -> 672 (192)
452 -> 476 (189)
453 -> 202 (136)
455 -> 24 (127)
455 -> 399 (71)
456 -> 207 (122)
457 -> 389 (200)
458 -> 128 (150)
459 -> 92 (132)
459 -> 128 (26)
460 -> 672 (136)
461 -> 92 (178)
461 -> 128 (138)
461 -> 152 (77)
461 -> 202 (198)
461 -> 207 (73)
461 -> 231 (105)
461 -> 264 (27)
461 -> 287 (178)
461 -> 301 (124)
461 -> 332 (192)
461 -> 333 (184)
461 -> 373 (138)
461 -> 384 (66)
461 -> 390 (37)
461 -> 411 (8)
461 -> 432 (16)
461 -> 434 (120)
461 -> 464 (162)
461 -> 476 (166)
461 -> 484 (129)
461 -> 526 (18)
461 -> 537 (130)
461 -> 562 (163)
461 -> 569 (66)
461 -> 572 (114)
461 -> 588 (53)
461 -> 595 (115)
461 -> 597 (180)
461 -> 615 (144)
461 -> 667 (191)
461 -> 688 (193)
461 -> 717 (143)
461 -> 721 (23)
461 -> 726 (127)
461 -> 729 (170)
461 -> 750 (96)
461 -> 785 (175)
461 -> 789 (44)
461 -> 792 (141)
462 -> 389 (121)
463 -> 92 (191)
464 -> 399 (199)
465 -> 202 (137)
466 -> 202 (171)
467 -> 128 (136)
468 -> 389 (138)
470 -> 207 (177)
471 -> 399 (170)
471 -> 672 (10)
472 -> 128 (99)
473 -> 202 (183)
474 -> 128 (121)
475 -> 202 (81)
475 -> 389 (32)
477 -> 128 (173)
478 -> 399 (89)
478 -> 672 (39)
479 -> 207 (145)
479 -> 399 (40)
480 -> 399 (200)
481 -> 672 (198)
482 -> 476 (111)
482 -> 672 (44)
483 -> 389 (199)
484 -> 672 (148)
485 -> 792 (152)
486 -> 192 (25)
486 -> 382 (35)
486 -> 399 (188)
486 -> 406 (184)
486 -> 441 (184)
486 -> 463 (12)
486 -> 465 (137)
486 -> 474 (121)
486 -> 506 (157)
486 -> 599 (188)
486 -> 624 (174)
486 -> 645 (187)
486 -> 660 (119)
486 -> 666 (103)
487 -> 92 (193)
487 -> 199 (5)
487 -> 274 (58)
487 -> 278 (193)
487 -> 288 (101)
487 -> 309 (167)
487 -> 356 (183)
487 -> 408 (41)
487 -> 792 (91)
488 -> 399 (34)
489 -> 128 (130)
489 -> 476 (41)
490 -> 399 (174)
491 -> 389 (185)
492 -> 476 (188)
494 -> 128 (160)
495 -> 92 (77)
495 -> 792 (23)
497 -> 128 (149)
497 -> 534 (12)
498 -> 389 (177)
499 -> 672 (193)
500 -> 189 (46)
500 -> 366 (8)
501 -> 399 (176)
502 -> 128 (147)
504 -> 399 (134)
505 -> 202 (100)
505 -> 399 (59)
506 -> 389 (126)
506 -> 476 (31)
507 -> 92 (166)
508 -> 389 (180)
509 -> 207 (119)
509 -> 792 (68)
510 -> 476 (177)
511 -> 202 (130)
511 -> 402 (56)
512 -> 306 (195)
512 -> 410 (165)
512 -> 466 (171)
512 -> 477 (59)
512 -> 792 (89)
513 -> 128 (175)
513 -> 207 (84)
513 -> 286 (16)
513 -> 387 (180)
513 -> 399 (113)
513 -> 447 (197)
513 -> 479 (185)
513 -> 521 (184)
513 -> 537 (56)
513 -> 550 (174)
513 -> 666 (68)
513 -> 792 (192)
514 -> 207 (193)
515 -> 476 (131)
516 -> 476 (171)
517 -> 207 (152)
517 -> 389 (45)
518 -> 202 (89)
518 -> 476 (90)
519 -> 399 (103)
519 -> 476 (87)
520 -> 389 (182)
521 -> 399 (198)
522 -> 92 (127)
522 -> 476 (17)
523 -> 202 (166)
523 -> 346 (121)
523 -> 478 (128)
523 -> 565 (165)
523 -> 571 (198)
523 -> 672 (183)
523 -> 767 (192)
523 -> 772 (123)
524 -> 672 (185)
525 -> 207 (150)
525 -> 311 (10)
526 -> 24 (135)
527 -> 128 (149)
528 -> 581 (120)
529 -> 37 (19)
529 -> 128 (62)
529 -> 202 (45)
529 -> 489 (171)
529 -> 497 (161)
529 -> 519 (190)
529 -> 568 (22)
529 -> 613 (1)
529 -> 647 (138)
529 -> 675 (157)
529 -> 685 (23)
529 -> 697 (155)
529 -> 723 (97)
529 -> 724 (136)
529 -> 740 (143)
530 -> 476 (199)
531 -> 128 (50)
531 -> 207 (103)
531 -> 349 (146)
531 -> 373 (10)
531 -> 422 (181)
531 -> 476 (132)
531 -> 508 (42)
531 -> 534 (129)
531 -> 541 (122)
531 -> 559 (184)
531 -> 605 (189)
531 -> 646 (186)
532 -> 24 (155)
533 -> 399 (193)
534 -> 92 (141)
535 -> 92 (139)
535 -> 207 (58)
536 -> 92 (147)
537 -> 92 (186)
538 -> 389 (144)
538 -> 476 (44)
539 -> 128 (188)
540 -> 92 (130)
540 -> 488 (34)
541 -> 92 (114)
541 -> 476 (8)
542 -> 92 (169)
544 -> 476 (159)
545 -> 399 (86)
546 -> 207 (166)
547 -> 476 (165)
549 -> 207 (94)
549 -> 399 (66)
550 -> 389 (161)
550 -> 399 (13)
551 -> 92 (96)
551 -> 792 (60)
553 -> 92 (101)
553 -> 202 (96)
554 -> 651 (11)
555 -> 128 (160)
556 -> 128 (137)
557 -> 389 (82)
557 -> 396 (43)
558 -> 128 (178)
559 -> 128 (164)
559 -> 792 (20)
560 -> 672 (195)
561 -> 207 (164)
561 -> 476 (22)
562 -> 399 (122)
562 -> 476 (41)
563 -> 207 (172)
564 -> 370 (2)
565 -> 438 (36)
565 -> 476 (129)
566 -> 717 (8)
567 -> 24 (160)
568 -> 389 (159)
569 -> 92 (148)
570 -> 92 (161)
571 -> 128 (198)
572 -> 389 (192)
573 -> 92 (128)
573 -> 128 (32)
574 -> 425 (31)
575 -> 53 (134)
575 -> 64 (159)
575 -> 150 (152)
575 -> 282 (164)
575 -> 353 (14)
575 -> 389 (175)
575 -> 399 (195)
575 -> 410 (6)
575 -> 429 (189)
575 -> 535 (197)
575 -> 578 (30)
575 -> 589 (122)
575 -> 597 (15)
575 -> 634 (195)
575 -> 672 (103)
575 -> 679 (198)
575 -> 686 (191)
575 -> 715 (192)
575 -> 792 (37)
577 -> 92 (144)
578 -> 740 (30)
579 -> 128 (196)
580 -> 476 (174)
581 -> 92 (135)
582 -> 207 (154)
583 -> 0 (98)
583 -> 24 (159)
583 -> 61 (42)
583 -> 92 (33)
583 -> 110 (48)
583 -> 128 (191)
583 -> 207 (114)
583 -> 266 (66)
583 -> 287 (10)
583 -> 329 (183)
583 -> 398 (42)
583 -> 399 (107)
583 -> 401 (26)
583 -> 448 (23)
583 -> 452 (38)
583 -> 456 (112)
583 -> 475 (113)
583 -> 501 (61)
583 -> 507 (166)
583 -> 520 (36)
583 -> 527 (46)
583 -> 530 (29)
583 -> 542 (9)
583 -> 555 (160)
583 -> 561 (186)
583 -> 566 (8)
583 -> 574 (31)
583 -> 610 (169)
583 -> 648 (190)
583 -> 671 (110)
583 -> 672 (56)
583 -> 687 (19)
583 -> 689 (35)
583 -> 691 (125)
583 -> 696 (170)
583 -> 712 (196)
583 -> 720 (90)
583 -> 722 (170)
583 -> 741 (198)
583 -> 742 (134)
583 -> 744 (145)
583 -> 756 (165)
583 -> 780 (157)
583 -> 798 (178)
585 -> 389 (171)
586 -> 92 (194)
587 -> 92 (126)
588 -> 389 (186)
589 -> 207 (116)
589 -> 792 (6)
590 -> 128 (94)
591 -> 389 (160)
592 -> 128 (168)
592 -> 202 (180)
592 -> 345 (37)
592 -> 389 (97)
592 -> 394 (171)
592 -> 399 (116)
592 -> 476 (85)
592 -> 547 (165)
592 -> 608 (167)
592 -> 621 (85)
592 -> 633 (179)
592 -> 716 (84)
592 -> 761 (151)
592 -> 764 (17)
592 -> 783 (173)
593 -> 389 (142)
594 -> 92 (132)
594 -> 128 (5)
595 -> 92 (115)
596 -> 202 (193)
597 -> 207 (195)
598 -> 92 (183)
599 -> 202 (143)
599 -> 476 (45)
601 -> 202 (160)
602 -> 389 (157)
603 -> 389 (150)
604 -> 92 (104)
604 -> 202 (36)
605 -> 389 (189)
606 -> 128 (140)
606 -> 476 (16)
607 -> 128 (177)
608 -> 92 (167)
609 -> 202 (116)
609 -> 399 (79)
610 -> 205 (34)
610 -> 207 (135)
611 -> 672 (164)
612 -> 92 (185)
613 -> 389 (184)
614 -> 399 (94)
614 -> 572 (51)
615 -> 128 (123)
615 -> 476 (21)
617 -> 92 (143)
618 -> 128 (154)
619 -> 340 (160)
619 -> 399 (70)
619 -> 418 (183)
619 -> 424 (147)
619 -> 476 (185)
619 -> 484 (19)
619 -> 718 (148)
620 -> 32 (20)
620 -> 792 (123)
621 -> 128 (85)
622 -> 24 (126)
623 -> 476 (139)
624 -> 128 (173)
624 -> 399 (1)
625 -> 396 (46)
626 -> 128 (192)
626 -> 202 (7)
627 -> 202 (134)
628 -> 128 (117)
629 -> 510 (102)
630 -> 207 (119)
632 -> 207 (135)
632 -> 719 (50)
633 -> 476 (115)
633 -> 672 (64)
634 -> 399 (148)
634 -> 672 (47)
635 -> 399 (184)
636 -> 92 (155)
637 -> 202 (180)
638 -> 399 (163)
639 -> 399 (174)
640 -> 92 (170)
641 -> 792 (193)
642 -> 92 (169)
643 -> 202 (123)
643 -> 491 (30)
644 -> 792 (197)
645 -> 389 (187)
646 -> 207 (186)
647 -> 128 (157)
648 -> 207 (156)
648 -> 389 (34)
649 -> 207 (70)
649 -> 385 (83)
649 -> 426 (190)
649 -> 471 (180)
649 -> 518 (179)
649 -> 533 (192)
649 -> 558 (57)
649 -> 653 (66)
649 -> 683 (195)
649 -> 728 (44)
649 -> 744 (19)
650 -> 92 (134)
651 -> 24 (182)
652 -> 202 (159)
652 -> 717 (8)
653 -> 263 (66)
654 -> 128 (154)
655 -> 399 (142)
656 -> 92 (114)
656 -> 202 (86)
657 -> 92 (61)
657 -> 308 (47)
658 -> 389 (149)
659 -> 389 (147)
660 -> 83 (119)
661 -> 128 (177)
662 -> 128 (139)
663 -> 399 (168)
664 -> 399 (143)
665 -> 0 (92)
665 -> 53 (54)
665 -> 80 (19)
665 -> 128 (29)
665 -> 151 (27)
665 -> 273 (6)
665 -> 300 (75)
665 -> 389 (164)
665 -> 444 (191)
665 -> 451 (71)
665 -> 470 (47)
665 -> 560 (57)
665 -> 609 (195)
665 -> 659 (147)
665 -> 662 (139)
665 -> 670 (173)
665 -> 672 (122)
665 -> 710 (150)
665 -> 737 (18)
665 -> 739 (139)
665 -> 755 (184)
665 -> 771 (136)
666 -> 399 (171)
667 -> 207 (166)
667 -> 399 (25)
668 -> 45 (84)
669 -> 202 (154)
670 -> 92 (164)
670 -> 207 (9)
671 -> 389 (110)
673 -> 399 (200)
674 -> 207 (163)
675 -> 128 (133)
675 -> 207 (24)
676 -> 532 (57)
676 -> 672 (129)
677 -> 389 (170)
677 -> 647 (19)
677 -> 786 (2)
678 -> 476 (181)
679 -> 202 (134)
679 -> 476 (64)
680 -> 476 (169)
681 -> 202 (139)
681 -> 389 (50)
682 -> 202 (178)
683 -> 24 (78)
683 -> 92 (117)
684 -> 636 (155)
685 -> 407 (23)
686 -> 207 (177)
686 -> 476 (14)
687 -> 672 (184)
688 -> 792 (193)
689 -> 92 (136)
690 -> 476 (148)
691 -> 328 (3)
691 -> 476 (122)
692 -> 128 (118)
692 -> 672 (14)
693 -> 24 (173)
693 -> 302 (19)
693 -> 459 (158)
693 -> 490 (28)
693 -> 672 (131)
693 -> 718 (50)
694 -> 399 (156)
694 -> 717 (6)
695 -> 294 (16)
695 -> 779 (79)
696 -> 207 (102)
696 -> 389 (68)
697 -> 92 (120)
697 -> 792 (35)
698 -> 92 (168)
699 -> 92 (170)
699 -> 672 (20)
700 -> 399 (168)
701 -> 24 (133)
701 -> 92 (40)
701 -> 128 (38)
701 -> 202 (181)
701 -> 417 (41)
701 -> 446 (145)
701 -> 481 (13)
701 -> 516 (5)
701 -> 533 (1)
701 -> 546 (37)
701 -> 567 (160)
701 -> 577 (30)
701 -> 585 (13)
701 -> 680 (169)
701 -> 704 (151)
701 -> 725 (163)
701 -> 745 (33)
703 -> 399 (142)
704 -> 92 (151)
705 -> 389 (166)
707 -> 194 (170)
709 -> 92 (170)
710 -> 128 (150)
711 -> 389 (103)
712 -> 92 (151)
712 -> 672 (45)
713 -> 464 (37)
713 -> 476 (123)
713 -> 581 (15)
714 -> 389 (106)
714 -> 476 (88)
715 -> 92 (156)
715 -> 128 (36)
716 -> 92 (178)
717 -> 389 (180)
718 -> 128 (198)
719 -> 399 (173)
720 -> 672 (181)
721 -> 389 (159)
722 -> 433 (23)
722 -> 792 (147)
723 -> 128 (55)
723 -> 252 (42)
724 -> 207 (100)
724 -> 389 (36)
725 -> 128 (163)
726 -> 399 (127)
727 -> 128 (168)
727 -> 672 (30)
728 -> 128 (185)
729 -> 202 (196)
730 -> 792 (171)
731 -> 49 (8)
731 -> 92 (53)
731 -> 207 (63)
731 -> 225 (52)
731 -> 234 (179)
731 -> 247 (6)
731 -> 337 (3)
731 -> 480 (48)
731 -> 514 (45)
731 -> 521 (14)
731 -> 582 (1)
731 -> 601 (160)
731 -> 603 (150)
731 -> 644 (157)
731 -> 654 (154)
731 -> 656 (200)
731 -> 664 (137)
731 -> 672 (83)
731 -> 678 (41)
731 -> 714 (194)
731 -> 733 (43)
731 -> 736 (28)
731 -> 751 (168)
731 -> 769 (51)
731 -> 777 (199)
731 -> 790 (93)
732 -> 93 (3)
732 -> 128 (169)
733 -> 92 (195)
734 -> 202 (150)
735 -> 207 (146)
735 -> 388 (44)
736 -> 389 (131)
737 -> 24 (179)
739 -> 9 (26)
739 -> 128 (113)
740 -> 128 (173)
741 -> 399 (112)
741 -> 792 (86)
742 -> 92 (110)
742 -> 202 (24)
744 -> 399 (164)
745 -> 389 (176)
747 -> 92 (117)
748 -> 207 (190)
749 -> 399 (136)
750 -> 476 (96)
751 -> 792 (168)
754 -> 128 (198)
755 -> 92 (119)
755 -> 128 (65)
756 -> 202 (153)
756 -> 792 (12)
757 -> 207 (168)
760 -> 92 (169)
760 -> 202 (7)
761 -> 202 (151)
762 -> 202 (192)
763 -> 672 (116)
764 -> 207 (177)
765 -> 354 (36)
766 -> 92 (172)
767 -> 476 (161)
767 -> 786 (31)
768 -> 672 (189)
769 -> 312 (173)
771 -> 389 (136)
772 -> 792 (123)
773 -> 92 (3)
773 -> 128 (100)
773 -> 202 (114)
773 -> 290 (70)
773 -> 437 (47)
773 -> 482 (155)
773 -> 557 (125)
773 -> 580 (58)
773 -> 612 (63)
773 -> 623 (12)
773 -> 625 (46)
773 -> 630 (119)
773 -> 681 (189)
773 -> 735 (190)
773 -> 760 (176)
773 -> 781 (13)
773 -> 792 (72)
774 -> 207 (142)
775 -> 73 (17)
775 -> 92 (12)
775 -> 128 (39)
775 -> 202 (31)
775 -> 254 (27)
775 -> 399 (182)
775 -> 579 (70)
775 -> 617 (66)
775 -> 641 (4)
775 -> 727 (198)
775 -> 795 (13)
776 -> 128 (195)
777 -> 389 (156)
777 -> 476 (43)
778 -> 128 (118)
778 -> 202 (61)
779 -> 672 (79)
780 -> 128 (118)
780 -> 202 (39)
781 -> 389 (178)
782 -> 202 (166)
782 -> 485 (4)
783 -> 207 (122)
783 -> 399 (51)
784 -> 65 (158)
784 -> 92 (128)
784 -> 202 (150)
784 -> 207 (70)
784 -> 389 (115)
784 -> 399 (177)
784 -> 549 (160)
784 -> 553 (197)
784 -> 570 (7)
784 -> 586 (175)
784 -> 590 (94)
784 -> 626 (199)
784 -> 672 (103)
784 -> 677 (191)
784 -> 682 (41)
785 -> 128 (175)
786 -> 389 (33)
789 -> 92 (200)
790 -> 672 (93)
791 -> 476 (180)
793 -> 24 (88)
793 -> 92 (29)
793 -> 210 (138)
793 -> 336 (185)
793 -> 380 (193)
793 -> 431 (195)
793 -> 458 (150)
793 -> 500 (54)
793 -> 569 (56)
793 -> 672 (175)
793 -> 754 (71)
793 -> 778 (179)
793 -> 792 (152)
794 -> 202 (112)
795 -> 399 (142)
797 -> 136 (41)
797 -> 483 (27)
797 -> 717 (15)
798 -> 202 (178)
799 -> 389 (194)
Fluxo: 129768
Arestas removidas: 133268

--Rotas do 2ยบ turno-----------------------------
0 -> 520 (36)
0 -> 582 (1)
0 -> 597 (15)
0 -> 612 (39)
0 -> 642 (17)
2 -> 92 (179)
2 -> 128 (13)
3 -> 399 (156)
4 -> 24 (119)
5 -> 202 (142)
6 -> 389 (150)
7 -> 24 (162)
7 -> 399 (33)
8 -> 10 (163)
8 -> 22 (118)
8 -> 39 (177)
8 -> 43 (107)
8 -> 48 (85)
8 -> 51 (130)
8 -> 54 (12)
8 -> 128 (132)
8 -> 207 (121)
8 -> 399 (104)
10 -> 389 (132)
10 -> 399 (31)
11 -> 128 (197)
11 -> 389 (1)
12 -> 128 (103)
13 -> 24 (200)
14 -> 128 (190)
15 -> 92 (160)
15 -> 792 (18)
18 -> 568 (5)
18 -> 639 (8)
19 -> 672 (119)
21 -> 207 (112)
21 -> 399 (50)
22 -> 92 (180)
23 -> 476 (179)
23 -> 792 (3)
24 -> 128 (189)
25 -> 202 (134)
25 -> 399 (8)
27 -> 389 (9)
28 -> 672 (181)
30 -> 389 (121)
30 -> 399 (54)
31 -> 672 (87)
31 -> 792 (63)
32 -> 476 (154)
37 -> 586 (19)
38 -> 672 (179)
39 -> 92 (104)
39 -> 389 (73)
40 -> 399 (171)
43 -> 389 (107)
45 -> 92 (84)
46 -> 202 (59)
46 -> 207 (99)
47 -> 476 (190)
48 -> 24 (142)
49 -> 399 (85)
50 -> 476 (181)
51 -> 92 (129)
51 -> 202 (1)
52 -> 389 (176)
52 -> 672 (23)
53 -> 538 (134)
54 -> 389 (118)
55 -> 202 (165)
56 -> 128 (91)
56 -> 202 (89)
57 -> 389 (174)
58 -> 207 (178)
59 -> 672 (166)
61 -> 792 (107)
62 -> 92 (191)
63 -> 476 (166)
63 -> 672 (5)
64 -> 136 (31)
64 -> 202 (159)
65 -> 389 (158)
65 -> 437 (10)
65 -> 641 (7)
65 -> 673 (6)
66 -> 92 (188)
66 -> 792 (3)
67 -> 92 (63)
68 -> 202 (138)
70 -> 792 (72)
72 -> 207 (127)
73 -> 3 (47)
73 -> 476 (142)
76 -> 128 (69)
76 -> 202 (124)
77 -> 128 (154)
78 -> 128 (124)
78 -> 207 (75)
80 -> 128 (112)
81 -> 202 (112)
81 -> 389 (62)
82 -> 207 (179)
86 -> 476 (162)
87 -> 128 (176)
87 -> 672 (8)
89 -> 128 (163)
89 -> 202 (92)
90 -> 389 (55)
94 -> 128 (171)
98 -> 207 (164)
99 -> 92 (132)
100 -> 207 (174)
102 -> 5 (107)
102 -> 13 (200)
102 -> 15 (178)
102 -> 23 (182)
102 -> 38 (179)
102 -> 63 (171)
102 -> 67 (63)
102 -> 207 (172)
104 -> 92 (147)
105 -> 4 (119)
105 -> 7 (195)
105 -> 11 (198)
105 -> 24 (165)
105 -> 56 (180)
105 -> 59 (166)
105 -> 82 (179)
105 -> 87 (184)
105 -> 118 (6)
105 -> 207 (134)
105 -> 389 (132)
106 -> 128 (173)
107 -> 92 (172)
107 -> 128 (3)
109 -> 389 (193)
110 -> 389 (115)
111 -> 92 (63)
113 -> 202 (93)
115 -> 207 (170)
118 -> 128 (6)
120 -> 476 (184)
122 -> 12 (103)
122 -> 32 (134)
122 -> 40 (171)
122 -> 46 (158)
122 -> 55 (165)
122 -> 106 (173)
122 -> 141 (82)
122 -> 202 (77)
124 -> 207 (151)
124 -> 792 (42)
125 -> 202 (30)
127 -> 399 (126)
131 -> 476 (181)
134 -> 476 (156)
136 -> 389 (173)
137 -> 202 (136)
138 -> 399 (127)
139 -> 202 (144)
140 -> 92 (167)
141 -> 207 (82)
142 -> 476 (164)
144 -> 389 (184)
145 -> 207 (158)
146 -> 202 (170)
149 -> 308 (47)
149 -> 410 (6)
149 -> 560 (67)
149 -> 580 (41)
150 -> 207 (152)
150 -> 639 (28)
151 -> 389 (137)
154 -> 128 (148)
155 -> 202 (156)
156 -> 128 (133)
156 -> 399 (62)
157 -> 92 (154)
160 -> 92 (176)
161 -> 389 (68)
163 -> 92 (149)
165 -> 389 (159)
168 -> 128 (1)
169 -> 128 (79)
170 -> 128 (148)
172 -> 128 (110)
173 -> 557 (47)
173 -> 729 (26)
179 -> 202 (107)
182 -> 202 (14)
184 -> 92 (110)
187 -> 168 (1)
187 -> 389 (184)
189 -> 792 (73)
190 -> 128 (110)
191 -> 389 (91)
191 -> 672 (104)
193 -> 207 (193)
193 -> 389 (3)
195 -> 128 (161)
195 -> 389 (9)
197 -> 92 (116)
197 -> 792 (62)
198 -> 399 (89)
199 -> 24 (188)
201 -> 128 (196)
203 -> 202 (159)
205 -> 476 (34)
206 -> 202 (129)
207 -> 128 (127)
208 -> 92 (164)
208 -> 389 (19)
210 -> 572 (78)
210 -> 672 (111)
211 -> 202 (168)
211 -> 476 (12)
212 -> 207 (169)
213 -> 90 (31)
213 -> 125 (5)
213 -> 399 (146)
214 -> 6 (150)
214 -> 24 (149)
214 -> 25 (142)
214 -> 48 (57)
214 -> 50 (181)
214 -> 57 (167)
214 -> 109 (92)
214 -> 111 (63)
214 -> 202 (119)
214 -> 389 (173)
215 -> 202 (177)
215 -> 399 (15)
216 -> 92 (157)
216 -> 476 (39)
218 -> 92 (135)
222 -> 202 (177)
223 -> 792 (140)
224 -> 389 (163)
225 -> 428 (37)
225 -> 476 (52)
227 -> 207 (169)
227 -> 399 (5)
228 -> 128 (193)
229 -> 672 (123)
229 -> 792 (25)
231 -> 92 (105)
232 -> 19 (119)
232 -> 47 (190)
232 -> 52 (199)
232 -> 92 (167)
232 -> 94 (171)
232 -> 113 (93)
232 -> 207 (187)
232 -> 399 (132)
232 -> 476 (138)
232 -> 672 (182)
234 -> 128 (179)
234 -> 703 (20)
237 -> 202 (150)
239 -> 207 (120)
241 -> 128 (86)
241 -> 207 (95)
242 -> 92 (182)
243 -> 399 (116)
246 -> 202 (168)
246 -> 399 (24)
247 -> 399 (65)
250 -> 128 (158)
250 -> 389 (14)
252 -> 92 (42)
254 -> 672 (170)
255 -> 28 (126)
255 -> 30 (175)
255 -> 72 (127)
255 -> 77 (96)
255 -> 81 (174)
255 -> 92 (189)
255 -> 124 (193)
255 -> 127 (126)
255 -> 131 (160)
255 -> 139 (144)
255 -> 140 (167)
255 -> 170 (148)
255 -> 172 (110)
255 -> 207 (160)
255 -> 672 (180)
256 -> 5 (35)
256 -> 14 (159)
256 -> 22 (62)
256 -> 24 (116)
256 -> 28 (55)
256 -> 54 (106)
256 -> 58 (178)
256 -> 68 (138)
256 -> 92 (192)
256 -> 128 (176)
256 -> 131 (21)
256 -> 138 (127)
256 -> 156 (195)
256 -> 163 (149)
256 -> 179 (107)
256 -> 184 (110)
256 -> 197 (178)
256 -> 201 (171)
256 -> 202 (165)
256 -> 207 (143)
256 -> 215 (192)
256 -> 228 (102)
256 -> 229 (148)
256 -> 399 (127)
256 -> 672 (154)
256 -> 792 (138)
257 -> 389 (175)
258 -> 389 (147)
259 -> 202 (132)
263 -> 389 (170)
264 -> 202 (171)
265 -> 128 (165)
265 -> 476 (14)
268 -> 21 (162)
268 -> 77 (58)
268 -> 100 (138)
268 -> 110 (115)
268 -> 115 (170)
268 -> 182 (14)
268 -> 207 (145)
268 -> 389 (165)
268 -> 476 (169)
269 -> 202 (187)
270 -> 672 (123)
272 -> 389 (109)
273 -> 476 (168)
274 -> 207 (164)
275 -> 128 (172)
276 -> 202 (108)
276 -> 476 (78)
277 -> 389 (6)
278 -> 92 (160)
278 -> 202 (33)
279 -> 476 (174)
280 -> 476 (198)
281 -> 399 (154)
282 -> 290 (28)
282 -> 360 (67)
282 -> 460 (103)
283 -> 476 (46)
284 -> 202 (188)
285 -> 92 (116)
286 -> 92 (164)
287 -> 389 (178)
288 -> 125 (25)
288 -> 672 (76)
290 -> 399 (174)
291 -> 202 (181)
292 -> 86 (162)
292 -> 92 (146)
292 -> 100 (36)
292 -> 120 (184)
292 -> 157 (154)
292 -> 160 (176)
292 -> 165 (159)
292 -> 169 (79)
292 -> 199 (183)
292 -> 201 (25)
292 -> 206 (129)
292 -> 207 (160)
292 -> 211 (180)
292 -> 216 (196)
292 -> 218 (135)
292 -> 237 (150)
292 -> 246 (192)
292 -> 258 (147)
292 -> 272 (109)
292 -> 273 (168)
292 -> 305 (150)
292 -> 358 (46)
293 -> 128 (189)
294 -> 202 (195)
295 -> 128 (191)
296 -> 14 (31)
296 -> 24 (138)
296 -> 62 (153)
296 -> 109 (101)
296 -> 146 (170)
296 -> 155 (156)
296 -> 187 (185)
296 -> 193 (196)
296 -> 202 (138)
296 -> 207 (197)
296 -> 208 (183)
296 -> 224 (163)
296 -> 239 (120)
296 -> 284 (188)
296 -> 294 (179)
296 -> 314 (179)
296 -> 370 (194)
296 -> 409 (91)
296 -> 423 (128)
296 -> 524 (81)
297 -> 207 (171)
300 -> 207 (150)
301 -> 128 (124)
302 -> 524 (104)
303 -> 78 (199)
303 -> 128 (187)
303 -> 142 (164)
303 -> 207 (127)
303 -> 276 (186)
303 -> 280 (160)
303 -> 281 (154)
303 -> 295 (182)
303 -> 297 (171)
303 -> 308 (152)
303 -> 319 (194)
303 -> 350 (164)
303 -> 351 (143)
303 -> 353 (176)
303 -> 367 (192)
303 -> 376 (186)
303 -> 386 (121)
303 -> 399 (131)
303 -> 405 (31)
303 -> 476 (191)
304 -> 389 (129)
305 -> 476 (150)
306 -> 128 (152)
306 -> 389 (43)
307 -> 128 (167)
308 -> 389 (199)
309 -> 202 (193)
310 -> 399 (167)
313 -> 672 (5)
314 -> 92 (155)
314 -> 476 (24)
315 -> 92 (126)
315 -> 128 (105)
315 -> 202 (11)
316 -> 672 (180)
317 -> 66 (191)
317 -> 242 (182)
317 -> 257 (175)
317 -> 280 (38)
317 -> 285 (116)
317 -> 291 (181)
317 -> 304 (129)
317 -> 327 (145)
317 -> 354 (130)
317 -> 361 (174)
317 -> 397 (62)
317 -> 467 (155)
317 -> 476 (109)
317 -> 587 (126)
317 -> 620 (143)
317 -> 792 (175)
319 -> 92 (180)
319 -> 202 (14)
322 -> 389 (163)
323 -> 31 (150)
323 -> 104 (147)
323 -> 128 (183)
323 -> 134 (156)
323 -> 190 (110)
323 -> 195 (170)
323 -> 269 (119)
323 -> 331 (191)
323 -> 389 (163)
323 -> 438 (113)
323 -> 476 (148)
324 -> 92 (172)
325 -> 476 (136)
325 -> 792 (64)
327 -> 202 (145)
329 -> 202 (183)
330 -> 92 (180)
330 -> 476 (19)
331 -> 202 (191)
332 -> 92 (128)
332 -> 207 (64)
333 -> 207 (141)
333 -> 322 (20)
333 -> 384 (13)
334 -> 128 (105)
334 -> 399 (63)
335 -> 128 (145)
335 -> 207 (55)
336 -> 672 (185)
337 -> 792 (183)
339 -> 92 (161)
339 -> 128 (12)
340 -> 92 (135)
340 -> 128 (25)
341 -> 128 (171)
342 -> 62 (38)
342 -> 202 (122)
342 -> 203 (159)
342 -> 207 (136)
342 -> 250 (172)
342 -> 270 (123)
342 -> 307 (167)
342 -> 324 (107)
342 -> 389 (167)
342 -> 432 (114)
342 -> 453 (136)
342 -> 477 (5)
342 -> 483 (90)
343 -> 399 (88)
344 -> 24 (185)
344 -> 99 (132)
344 -> 137 (136)
344 -> 145 (158)
344 -> 191 (195)
344 -> 222 (177)
344 -> 259 (132)
344 -> 265 (179)
344 -> 269 (68)
344 -> 293 (189)
344 -> 324 (65)
344 -> 330 (199)
344 -> 335 (200)
344 -> 339 (173)
344 -> 341 (171)
344 -> 371 (199)
344 -> 379 (165)
344 -> 407 (156)
344 -> 440 (179)
345 -> 399 (128)
346 -> 399 (121)
349 -> 128 (146)
350 -> 202 (147)
350 -> 389 (17)
351 -> 202 (118)
351 -> 672 (25)
352 -> 207 (152)
353 -> 207 (176)
354 -> 399 (130)
355 -> 92 (122)
356 -> 202 (183)
358 -> 128 (46)
359 -> 399 (102)
359 -> 476 (37)
360 -> 202 (136)
361 -> 202 (97)
361 -> 476 (77)
362 -> 389 (118)
364 -> 198 (81)
367 -> 399 (192)
369 -> 202 (170)
370 -> 389 (194)
371 -> 202 (171)
371 -> 672 (28)
372 -> 389 (174)
373 -> 207 (138)
374 -> 207 (153)
374 -> 290 (44)
375 -> 92 (145)
375 -> 98 (164)
375 -> 144 (184)
375 -> 202 (127)
375 -> 207 (164)
375 -> 228 (91)
375 -> 310 (134)
375 -> 322 (143)
375 -> 325 (200)
375 -> 369 (157)
375 -> 381 (160)
375 -> 412 (176)
375 -> 413 (162)
375 -> 449 (111)
375 -> 658 (81)
376 -> 389 (186)
377 -> 476 (183)
378 -> 792 (195)
379 -> 202 (190)
380 -> 283 (46)
380 -> 476 (147)
381 -> 92 (158)
381 -> 128 (2)
382 -> 92 (133)
384 -> 672 (13)
385 -> 128 (83)
385 -> 639 (89)
386 -> 128 (121)
387 -> 399 (122)
387 -> 476 (58)
390 -> 476 (166)
391 -> 377 (30)
391 -> 511 (87)
392 -> 128 (185)
393 -> 202 (186)
394 -> 202 (169)
394 -> 399 (2)
395 -> 18 (13)
395 -> 736 (28)
395 -> 794 (21)
397 -> 395 (62)
398 -> 202 (147)
400 -> 128 (80)
400 -> 399 (72)
401 -> 136 (45)
401 -> 290 (32)
401 -> 435 (68)
402 -> 399 (139)
405 -> 128 (132)
406 -> 202 (169)
406 -> 399 (15)
407 -> 207 (179)
408 -> 202 (172)
409 -> 207 (91)
410 -> 207 (171)
411 -> 202 (77)
412 -> 389 (176)
413 -> 399 (113)
413 -> 672 (49)
414 -> 92 (153)
414 -> 128 (36)
415 -> 2 (192)
415 -> 107 (175)
415 -> 154 (148)
415 -> 207 (131)
415 -> 223 (140)
415 -> 227 (174)
415 -> 241 (181)
415 -> 243 (116)
415 -> 275 (156)
415 -> 295 (9)
415 -> 310 (33)
415 -> 316 (180)
415 -> 352 (152)
415 -> 355 (122)
415 -> 369 (13)
415 -> 392 (185)
415 -> 399 (116)
415 -> 400 (152)
415 -> 402 (139)
415 -> 480 (31)
415 -> 498 (69)
417 -> 92 (195)
418 -> 672 (183)
419 -> 334 (168)
420 -> 128 (89)
420 -> 173 (73)
420 -> 207 (141)
420 -> 213 (182)
420 -> 214 (197)
420 -> 275 (16)
420 -> 279 (174)
420 -> 362 (118)
420 -> 378 (195)
420 -> 391 (117)
420 -> 419 (168)
420 -> 461 (141)
420 -> 476 (178)
420 -> 520 (146)
420 -> 548 (144)
420 -> 579 (126)
420 -> 593 (142)
420 -> 594 (137)
420 -> 637 (185)
420 -> 668 (165)
420 -> 698 (168)
420 -> 705 (166)
420 -> 737 (161)
420 -> 746 (29)
420 -> 748 (148)
420 -> 754 (127)
420 -> 764 (160)
420 -> 768 (189)
420 -> 774 (181)
420 -> 781 (165)
420 -> 788 (116)
421 -> 89 (136)
421 -> 286 (164)
421 -> 359 (139)
421 -> 377 (153)
421 -> 382 (98)
421 -> 393 (186)
421 -> 399 (60)
421 -> 405 (101)
421 -> 414 (189)
421 -> 439 (137)
421 -> 468 (138)
421 -> 473 (183)
421 -> 476 (148)
421 -> 495 (100)
421 -> 502 (147)
421 -> 504 (134)
421 -> 508 (138)
421 -> 522 (144)
421 -> 539 (159)
421 -> 551 (156)
421 -> 573 (160)
421 -> 606 (156)
421 -> 627 (134)
421 -> 643 (123)
421 -> 692 (132)
421 -> 694 (82)
422 -> 92 (163)
422 -> 476 (18)
423 -> 399 (128)
424 -> 3 (17)
424 -> 792 (140)
426 -> 92 (161)
426 -> 476 (29)
428 -> 207 (76)
429 -> 389 (179)
429 -> 476 (10)
431 -> 92 (135)
431 -> 202 (60)
432 -> 207 (114)
434 -> 128 (120)
435 -> 476 (68)
437 -> 399 (129)
438 -> 92 (113)
439 -> 207 (137)
440 -> 389 (174)
440 -> 476 (5)
441 -> 128 (184)
443 -> 24 (160)
443 -> 212 (152)
443 -> 374 (197)
443 -> 379 (25)
443 -> 389 (155)
443 -> 399 (70)
443 -> 411 (77)
443 -> 450 (176)
443 -> 486 (149)
443 -> 512 (123)
443 -> 515 (131)
443 -> 545 (86)
443 -> 584 (51)
443 -> 598 (183)
443 -> 673 (113)
443 -> 695 (185)
443 -> 708 (106)
443 -> 733 (152)
443 -> 738 (172)
443 -> 762 (162)
443 -> 782 (182)
444 -> 128 (191)
444 -> 658 (9)
445 -> 128 (188)
445 -> 448 (5)
446 -> 389 (145)
446 -> 501 (11)
447 -> 92 (184)
447 -> 128 (13)
448 -> 207 (185)
449 -> 672 (111)
450 -> 277 (6)
450 -> 399 (170)
451 -> 672 (70)
452 -> 476 (189)
453 -> 202 (136)
456 -> 207 (112)
458 -> 128 (150)
458 -> 762 (20)
459 -> 92 (132)
459 -> 128 (26)
460 -> 672 (103)
461 -> 92 (178)
461 -> 128 (138)
461 -> 202 (198)
461 -> 231 (105)
461 -> 264 (171)
461 -> 287 (178)
461 -> 301 (124)
461 -> 332 (192)
461 -> 333 (174)
461 -> 373 (138)
461 -> 390 (166)
461 -> 434 (120)
461 -> 464 (162)
461 -> 476 (166)
461 -> 484 (129)
461 -> 537 (130)
461 -> 562 (163)
461 -> 572 (114)
461 -> 588 (147)
461 -> 595 (115)
461 -> 597 (180)
461 -> 615 (144)
461 -> 667 (191)
461 -> 688 (193)
461 -> 717 (143)
461 -> 721 (92)
461 -> 726 (127)
461 -> 729 (170)
461 -> 750 (96)
461 -> 785 (175)
461 -> 789 (122)
461 -> 792 (141)
463 -> 92 (191)
464 -> 399 (162)
465 -> 202 (137)
466 -> 202 (171)
467 -> 128 (136)
467 -> 490 (15)
467 -> 772 (4)
468 -> 389 (138)
470 -> 207 (122)
471 -> 399 (170)
471 -> 672 (10)
473 -> 202 (183)
474 -> 128 (121)
475 -> 202 (81)
475 -> 389 (32)
477 -> 128 (173)
478 -> 399 (89)
478 -> 672 (39)
479 -> 207 (145)
479 -> 399 (40)
480 -> 399 (200)
481 -> 672 (198)
482 -> 476 (111)
482 -> 672 (44)
483 -> 389 (90)
484 -> 672 (148)
485 -> 792 (124)
486 -> 382 (35)
486 -> 399 (188)
486 -> 406 (184)
486 -> 441 (184)
486 -> 463 (191)
486 -> 465 (137)
486 -> 474 (121)
486 -> 506 (157)
486 -> 599 (160)
487 -> 92 (193)
487 -> 199 (5)
487 -> 274 (164)
487 -> 278 (193)
487 -> 288 (101)
487 -> 309 (167)
487 -> 356 (183)
487 -> 408 (172)
487 -> 792 (91)
489 -> 128 (130)
489 -> 476 (41)
490 -> 399 (174)
495 -> 92 (77)
495 -> 792 (23)
496 -> 344 (96)
497 -> 128 (149)
497 -> 534 (12)
498 -> 389 (69)
500 -> 3 (92)
500 -> 189 (73)
501 -> 399 (170)
502 -> 128 (147)
504 -> 399 (134)
505 -> 202 (87)
506 -> 389 (126)
506 -> 476 (31)
507 -> 92 (166)
508 -> 389 (138)
511 -> 202 (87)
512 -> 303 (198)
512 -> 306 (195)
512 -> 323 (146)
512 -> 410 (165)
512 -> 466 (171)
512 -> 477 (168)
512 -> 611 (141)
512 -> 792 (89)
513 -> 105 (143)
513 -> 128 (175)
513 -> 387 (180)
513 -> 399 (113)
513 -> 415 (176)
513 -> 447 (197)
513 -> 479 (185)
513 -> 521 (184)
513 -> 537 (56)
513 -> 550 (174)
513 -> 666 (126)
513 -> 753 (73)
513 -> 792 (192)
514 -> 207 (182)
515 -> 476 (131)
516 -> 476 (146)
518 -> 202 (89)
518 -> 476 (90)
519 -> 399 (103)
519 -> 476 (87)
520 -> 389 (182)
521 -> 399 (198)
522 -> 92 (127)
522 -> 476 (17)
523 -> 202 (166)
523 -> 346 (121)
523 -> 478 (128)
523 -> 565 (106)
523 -> 672 (183)
524 -> 672 (185)
525 -> 207 (51)
529 -> 37 (19)
529 -> 128 (62)
529 -> 202 (45)
529 -> 268 (80)
529 -> 360 (69)
529 -> 489 (171)
529 -> 497 (161)
529 -> 519 (190)
529 -> 568 (154)
529 -> 613 (130)
529 -> 647 (138)
529 -> 675 (157)
529 -> 685 (23)
529 -> 697 (155)
529 -> 723 (97)
529 -> 724 (136)
529 -> 740 (143)
529 -> 752 (96)
529 -> 796 (142)
530 -> 476 (166)
531 -> 207 (103)
531 -> 349 (146)
531 -> 422 (181)
531 -> 476 (132)
531 -> 534 (129)
531 -> 541 (122)
531 -> 559 (184)
531 -> 605 (189)
531 -> 646 (168)
531 -> 770 (96)
533 -> 399 (192)
534 -> 92 (141)
535 -> 92 (139)
535 -> 207 (58)
537 -> 92 (186)
538 -> 389 (134)
539 -> 128 (188)
541 -> 92 (114)
541 -> 476 (8)
542 -> 92 (128)
545 -> 399 (86)
546 -> 207 (165)
547 -> 254 (8)
547 -> 476 (165)
548 -> 398 (144)
549 -> 207 (94)
549 -> 399 (66)
550 -> 389 (161)
550 -> 399 (13)
551 -> 92 (96)
551 -> 792 (60)
553 -> 92 (101)
553 -> 202 (96)
555 -> 128 (160)
555 -> 417 (22)
555 -> 556 (7)
556 -> 128 (7)
557 -> 385 (172)
558 -> 128 (178)
559 -> 128 (164)
559 -> 792 (20)
560 -> 672 (195)
561 -> 207 (164)
561 -> 476 (22)
562 -> 399 (122)
562 -> 476 (41)
565 -> 476 (106)
567 -> 24 (47)
567 -> 309 (26)
567 -> 505 (87)
568 -> 389 (159)
569 -> 92 (111)
570 -> 92 (161)
571 -> 128 (166)
572 -> 389 (192)
573 -> 92 (128)
573 -> 128 (32)
575 -> 53 (134)
575 -> 64 (190)
575 -> 150 (180)
575 -> 256 (147)
575 -> 282 (198)
575 -> 317 (86)
575 -> 389 (175)
575 -> 399 (195)
575 -> 429 (189)
575 -> 535 (197)
575 -> 589 (122)
575 -> 634 (195)
575 -> 679 (198)
575 -> 686 (191)
575 -> 715 (192)
576 -> 451 (17)
577 -> 92 (130)
579 -> 128 (196)
580 -> 476 (111)
582 -> 207 (154)
583 -> 24 (159)
583 -> 61 (107)
583 -> 128 (191)
583 -> 207 (114)
583 -> 329 (183)
583 -> 399 (107)
583 -> 401 (145)
583 -> 448 (180)
583 -> 452 (124)
583 -> 456 (112)
583 -> 475 (113)
583 -> 501 (159)
583 -> 507 (166)
583 -> 530 (166)
583 -> 542 (128)
583 -> 555 (189)
583 -> 561 (186)
583 -> 610 (169)
583 -> 648 (190)
583 -> 671 (110)
583 -> 687 (154)
583 -> 689 (168)
583 -> 691 (122)
583 -> 696 (170)
583 -> 712 (196)
583 -> 720 (118)
583 -> 722 (147)
583 -> 741 (198)
584 -> 525 (51)
585 -> 389 (93)
586 -> 92 (194)
587 -> 92 (126)
588 -> 389 (147)
589 -> 207 (116)
589 -> 792 (6)
590 -> 128 (94)
590 -> 161 (68)
590 -> 485 (24)
592 -> 128 (168)
592 -> 202 (180)
592 -> 345 (128)
592 -> 389 (97)
592 -> 394 (171)
592 -> 399 (116)
592 -> 476 (85)
592 -> 547 (173)
592 -> 608 (167)
592 -> 621 (131)
592 -> 633 (179)
592 -> 663 (168)
592 -> 716 (134)
592 -> 761 (151)
592 -> 783 (173)
593 -> 389 (142)
594 -> 92 (132)
594 -> 128 (5)
595 -> 92 (115)
597 -> 207 (195)
598 -> 92 (183)
599 -> 202 (143)
599 -> 476 (17)
601 -> 202 (160)
601 -> 372 (40)
602 -> 389 (157)
603 -> 389 (150)
605 -> 389 (189)
606 -> 128 (140)
606 -> 476 (16)
608 -> 92 (167)
609 -> 202 (116)
609 -> 399 (79)
610 -> 205 (34)
610 -> 207 (135)
611 -> 672 (141)
612 -> 92 (185)
613 -> 389 (130)
614 -> 399 (60)
615 -> 128 (123)
615 -> 476 (21)
617 -> 92 (143)
617 -> 485 (52)
619 -> 340 (160)
619 -> 399 (70)
619 -> 418 (183)
619 -> 424 (157)
619 -> 476 (185)
619 -> 484 (19)
619 -> 718 (148)
620 -> 32 (20)
620 -> 792 (123)
621 -> 70 (46)
621 -> 128 (85)
623 -> 476 (107)
625 -> 490 (82)
625 -> 640 (25)
626 -> 128 (192)
626 -> 202 (7)
627 -> 202 (134)
630 -> 207 (119)
630 -> 682 (49)
630 -> 703 (27)
633 -> 476 (115)
633 -> 672 (64)
634 -> 399 (148)
634 -> 672 (47)
637 -> 202 (180)
637 -> 570 (5)
639 -> 399 (125)
640 -> 92 (25)
641 -> 792 (193)
642 -> 92 (17)
643 -> 202 (123)
644 -> 398 (3)
644 -> 792 (197)
646 -> 207 (168)
647 -> 128 (157)
648 -> 207 (156)
648 -> 389 (34)
649 -> 207 (70)
649 -> 426 (190)
649 -> 471 (180)
649 -> 518 (179)
649 -> 533 (192)
649 -> 558 (150)
649 -> 576 (17)
649 -> 683 (131)
649 -> 728 (126)
649 -> 744 (146)
653 -> 263 (170)
653 -> 649 (28)
654 -> 128 (154)
656 -> 92 (114)
656 -> 202 (86)
658 -> 389 (90)
659 -> 389 (147)
659 -> 614 (53)
662 -> 128 (139)
663 -> 399 (168)
664 -> 399 (137)
665 -> 0 (108)
665 -> 80 (112)
665 -> 102 (175)
665 -> 151 (137)
665 -> 300 (150)
665 -> 342 (198)
665 -> 389 (164)
665 -> 421 (147)
665 -> 444 (200)
665 -> 470 (122)
665 -> 560 (128)
665 -> 602 (157)
665 -> 609 (195)
665 -> 659 (200)
665 -> 662 (139)
665 -> 670 (173)
665 -> 672 (122)
665 -> 710 (157)
665 -> 739 (113)
665 -> 755 (184)
665 -> 771 (168)
666 -> 399 (126)
667 -> 207 (166)
667 -> 399 (25)
668 -> 45 (84)
668 -> 364 (81)
670 -> 27 (9)
670 -> 92 (164)
671 -> 389 (110)
673 -> 399 (119)
674 -> 207 (91)
675 -> 90 (24)
675 -> 128 (133)
677 -> 389 (170)
677 -> 647 (19)
677 -> 786 (2)
678 -> 476 (145)
679 -> 202 (134)
679 -> 476 (64)
680 -> 476 (169)
680 -> 514 (5)
680 -> 623 (18)
681 -> 202 (139)
681 -> 389 (50)
682 -> 202 (178)
683 -> 92 (131)
685 -> 407 (23)
686 -> 207 (177)
686 -> 476 (14)
687 -> 672 (154)
688 -> 792 (193)
689 -> 57 (7)
689 -> 92 (136)
689 -> 719 (25)
690 -> 476 (37)
691 -> 476 (122)
692 -> 128 (118)
692 -> 672 (14)
693 -> 24 (173)
693 -> 302 (104)
693 -> 459 (158)
693 -> 490 (77)
693 -> 672 (131)
693 -> 718 (50)
694 -> 399 (82)
695 -> 136 (78)
695 -> 294 (16)
695 -> 674 (91)
696 -> 207 (102)
696 -> 389 (68)
697 -> 92 (120)
697 -> 792 (35)
698 -> 92 (168)
700 -> 372 (11)
700 -> 399 (168)
701 -> 8 (142)
701 -> 24 (133)
701 -> 92 (40)
701 -> 128 (38)
701 -> 149 (161)
701 -> 202 (181)
701 -> 417 (173)
701 -> 445 (193)
701 -> 446 (156)
701 -> 481 (128)
701 -> 516 (146)
701 -> 546 (165)
701 -> 567 (160)
701 -> 577 (130)
701 -> 585 (93)
701 -> 680 (192)
701 -> 704 (151)
701 -> 725 (171)
701 -> 745 (143)
703 -> 399 (47)
704 -> 92 (151)
705 -> 389 (166)
708 -> 753 (106)
710 -> 128 (150)
710 -> 614 (7)
712 -> 92 (151)
712 -> 672 (45)
714 -> 389 (106)
714 -> 476 (88)
715 -> 92 (156)
715 -> 128 (36)
716 -> 92 (134)
717 -> 389 (143)
718 -> 128 (198)
719 -> 399 (25)
720 -> 672 (118)
721 -> 389 (92)
722 -> 792 (147)
723 -> 128 (55)
723 -> 252 (42)
724 -> 207 (100)
724 -> 389 (36)
725 -> 128 (163)
725 -> 198 (8)
726 -> 399 (127)
727 -> 128 (168)
727 -> 672 (30)
728 -> 128 (126)
729 -> 202 (196)
731 -> 49 (85)
731 -> 92 (53)
731 -> 207 (63)
731 -> 225 (89)
731 -> 234 (199)
731 -> 247 (65)
731 -> 292 (106)
731 -> 296 (67)
731 -> 337 (180)
731 -> 480 (169)
731 -> 514 (177)
731 -> 521 (14)
731 -> 582 (133)
731 -> 583 (163)
731 -> 601 (200)
731 -> 603 (150)
731 -> 644 (200)
731 -> 654 (154)
731 -> 656 (200)
731 -> 664 (137)
731 -> 672 (83)
731 -> 678 (145)
731 -> 714 (194)
731 -> 733 (43)
731 -> 736 (103)
731 -> 751 (168)
731 -> 769 (128)
731 -> 777 (199)
731 -> 790 (93)
733 -> 92 (195)
735 -> 207 (146)
736 -> 389 (131)
737 -> 24 (161)
738 -> 212 (17)
738 -> 452 (65)
738 -> 481 (70)
738 -> 582 (20)
739 -> 128 (113)
740 -> 128 (143)
741 -> 399 (112)
741 -> 792 (86)
744 -> 399 (146)
745 -> 389 (143)
746 -> 539 (29)
748 -> 207 (148)
750 -> 476 (96)
751 -> 792 (168)
752 -> 496 (96)
753 -> 700 (179)
754 -> 128 (198)
755 -> 92 (119)
755 -> 128 (65)
760 -> 92 (169)
760 -> 202 (7)
761 -> 202 (151)
762 -> 202 (182)
764 -> 207 (160)
768 -> 672 (189)
769 -> 690 (37)
769 -> 794 (91)
770 -> 313 (5)
770 -> 337 (3)
770 -> 343 (88)
771 -> 389 (136)
771 -> 485 (32)
772 -> 792 (4)
773 -> 76 (193)
773 -> 92 (3)
773 -> 128 (100)
773 -> 202 (114)
773 -> 290 (70)
773 -> 437 (119)
773 -> 482 (155)
773 -> 557 (125)
773 -> 580 (70)
773 -> 612 (146)
773 -> 623 (68)
773 -> 625 (107)
773 -> 630 (195)
773 -> 681 (189)
773 -> 735 (146)
773 -> 760 (176)
773 -> 781 (13)
773 -> 792 (72)
774 -> 207 (142)
774 -> 428 (39)
775 -> 73 (189)
775 -> 92 (12)
775 -> 128 (39)
775 -> 202 (31)
775 -> 254 (162)
775 -> 399 (182)
775 -> 575 (176)
775 -> 579 (70)
775 -> 617 (195)
775 -> 641 (186)
775 -> 727 (198)
775 -> 795 (168)
777 -> 389 (156)
777 -> 476 (43)
778 -> 128 (118)
778 -> 202 (61)
781 -> 389 (178)
782 -> 202 (166)
782 -> 485 (16)
783 -> 207 (122)
783 -> 399 (51)
784 -> 65 (181)
784 -> 92 (128)
784 -> 202 (150)
784 -> 207 (70)
784 -> 389 (115)
784 -> 399 (177)
784 -> 549 (160)
784 -> 553 (197)
784 -> 570 (142)
784 -> 571 (166)
784 -> 586 (175)
784 -> 590 (186)
784 -> 626 (199)
784 -> 665 (126)
784 -> 672 (103)
784 -> 677 (191)
784 -> 682 (129)
785 -> 128 (175)
786 -> 389 (2)
788 -> 451 (53)
788 -> 558 (28)
788 -> 570 (14)
788 -> 623 (21)
789 -> 92 (122)
790 -> 672 (93)
793 -> 92 (29)
793 -> 210 (189)
793 -> 336 (185)
793 -> 375 (192)
793 -> 380 (193)
793 -> 431 (195)
793 -> 458 (170)
793 -> 500 (165)
793 -> 531 (186)
793 -> 569 (111)
793 -> 653 (198)
793 -> 672 (175)
793 -> 754 (71)
793 -> 778 (179)
793 -> 792 (152)
794 -> 202 (112)
795 -> 70 (26)
795 -> 399 (142)
796 -> 136 (19)
796 -> 372 (123)
Fluxo: 90618
Arestas removidas: 133898

--Rotas do 3ยบ turno-----------------------------
3 -> 399 (156)
24 -> 128 (90)
49 -> 399 (85)
59 -> 672 (26)
64 -> 202 (107)
73 -> 3 (47)
73 -> 476 (142)
76 -> 128 (69)
76 -> 202 (124)
136 -> 389 (173)
169 -> 128 (52)
173 -> 729 (42)
189 -> 792 (56)
207 -> 128 (127)
210 -> 572 (81)
210 -> 672 (111)
213 -> 399 (64)
225 -> 476 (52)
234 -> 128 (179)
247 -> 399 (65)
254 -> 672 (162)
263 -> 389 (170)
268 -> 389 (80)
283 -> 476 (46)
290 -> 399 (90)
292 -> 92 (106)
296 -> 202 (117)
336 -> 672 (185)
337 -> 792 (180)
349 -> 128 (54)
360 -> 202 (69)
375 -> 92 (145)
375 -> 202 (47)
380 -> 283 (46)
380 -> 476 (147)
385 -> 128 (83)
420 -> 128 (89)
420 -> 207 (127)
420 -> 213 (64)
420 -> 476 (178)
426 -> 92 (28)
431 -> 92 (135)
431 -> 202 (60)
437 -> 399 (119)
443 -> 389 (155)
443 -> 399 (37)
444 -> 128 (22)
458 -> 128 (150)
458 -> 290 (20)
480 -> 399 (169)
482 -> 476 (111)
482 -> 672 (44)
487 -> 92 (171)
489 -> 128 (130)
489 -> 476 (41)
497 -> 128 (149)
500 -> 3 (109)
500 -> 189 (56)
513 -> 128 (83)
521 -> 399 (128)
529 -> 128 (62)
529 -> 268 (80)
529 -> 360 (69)
529 -> 489 (171)
529 -> 497 (149)
529 -> 513 (83)
531 -> 349 (54)
531 -> 476 (132)
557 -> 173 (42)
557 -> 385 (83)
569 -> 92 (111)
572 -> 389 (81)
575 -> 389 (175)
575 -> 399 (1)
579 -> 128 (113)
580 -> 476 (70)
583 -> 128 (163)
592 -> 128 (168)
592 -> 202 (17)
601 -> 202 (160)
603 -> 389 (150)
612 -> 92 (146)
617 -> 92 (143)
617 -> 169 (52)
623 -> 476 (68)
625 -> 64 (107)
630 -> 136 (173)
630 -> 444 (22)
641 -> 792 (186)
644 -> 792 (164)
649 -> 426 (28)
653 -> 263 (170)
653 -> 649 (28)
681 -> 202 (139)
681 -> 389 (50)
693 -> 24 (90)
693 -> 672 (131)
701 -> 92 (40)
701 -> 128 (38)
701 -> 202 (131)
727 -> 128 (168)
727 -> 672 (30)
729 -> 202 (42)
731 -> 49 (85)
731 -> 92 (53)
731 -> 225 (52)
731 -> 234 (179)
731 -> 247 (65)
731 -> 292 (106)
731 -> 296 (117)
731 -> 337 (180)
731 -> 480 (169)
731 -> 521 (128)
731 -> 583 (163)
731 -> 601 (160)
731 -> 603 (150)
731 -> 644 (164)
731 -> 672 (83)
754 -> 128 (166)
760 -> 92 (169)
760 -> 202 (7)
773 -> 76 (193)
773 -> 92 (3)
773 -> 128 (100)
773 -> 202 (114)
773 -> 290 (70)
773 -> 437 (119)
773 -> 482 (155)
773 -> 557 (125)
773 -> 580 (70)
773 -> 612 (146)
773 -> 623 (68)
773 -> 625 (107)
773 -> 630 (195)
773 -> 681 (189)
773 -> 693 (54)
773 -> 760 (176)
773 -> 781 (159)
773 -> 792 (72)
775 -> 73 (189)
775 -> 92 (12)
775 -> 128 (39)
775 -> 202 (31)
775 -> 254 (162)
775 -> 399 (182)
775 -> 529 (78)
775 -> 575 (176)
775 -> 579 (113)
775 -> 617 (195)
775 -> 641 (186)
775 -> 727 (198)
775 -> 795 (168)
778 -> 128 (118)
778 -> 202 (61)
781 -> 389 (159)
784 -> 92 (128)
784 -> 202 (150)
784 -> 389 (115)
784 -> 399 (102)
793 -> 92 (29)
793 -> 210 (192)
793 -> 336 (185)
793 -> 375 (192)
793 -> 380 (193)
793 -> 431 (195)
793 -> 458 (170)
793 -> 500 (165)
793 -> 531 (186)
793 -> 569 (111)
793 -> 653 (198)
793 -> 672 (175)
793 -> 701 (185)
793 -> 731 (176)
793 -> 754 (166)
793 -> 778 (179)
793 -> 784 (160)
793 -> 792 (152)
795 -> 59 (26)
795 -> 399 (142)
Fluxo: 10599
Arestas removidas: 134021

--Rotas do 4ยบ turno-----------------------------
3 -> 399 (47)
59 -> 672 (26)
73 -> 3 (47)
73 -> 476 (142)
76 -> 128 (69)
76 -> 202 (69)
169 -> 128 (52)
210 -> 672 (111)
254 -> 672 (162)
268 -> 389 (16)
336 -> 672 (185)
375 -> 92 (145)
375 -> 202 (47)
380 -> 476 (147)
431 -> 92 (135)
431 -> 202 (60)
458 -> 128 (69)
529 -> 128 (62)
529 -> 268 (16)
575 -> 389 (175)
575 -> 399 (1)
579 -> 128 (113)
617 -> 92 (143)
617 -> 169 (52)
641 -> 792 (186)
727 -> 128 (168)
727 -> 672 (30)
773 -> 76 (138)
773 -> 92 (3)
773 -> 128 (100)
773 -> 202 (114)
773 -> 792 (72)
775 -> 73 (189)
775 -> 92 (12)
775 -> 128 (39)
775 -> 202 (31)
775 -> 254 (162)
775 -> 399 (182)
775 -> 529 (78)
775 -> 575 (176)
775 -> 579 (113)
775 -> 617 (195)
775 -> 641 (186)
775 -> 727 (198)
775 -> 793 (58)
775 -> 795 (168)
793 -> 92 (29)
793 -> 210 (111)
793 -> 336 (185)
793 -> 375 (192)
793 -> 380 (147)
793 -> 431 (195)
793 -> 458 (69)
793 -> 672 (175)
793 -> 792 (152)
795 -> 59 (26)
795 -> 399 (142)
Fluxo: 3411
Arestas removidas: 134021

--Rotas do 5ยบ turno-----------------------------
3 -> 399 (47)
59 -> 672 (26)
73 -> 3 (47)
73 -> 476 (142)
169 -> 128 (52)
254 -> 672 (162)
268 -> 389 (16)
529 -> 128 (62)
529 -> 268 (16)
575 -> 389 (175)
575 -> 399 (1)
579 -> 128 (113)
617 -> 92 (143)
617 -> 169 (52)
641 -> 792 (186)
727 -> 128 (168)
727 -> 672 (30)
775 -> 73 (189)
775 -> 92 (12)
775 -> 128 (39)
775 -> 202 (31)
775 -> 254 (162)
775 -> 399 (182)
775 -> 529 (78)
775 -> 575 (176)
775 -> 579 (113)
775 -> 617 (195)
775 -> 641 (186)
775 -> 727 (198)
775 -> 793 (58)
775 -> 795 (168)
793 -> 92 (29)
793 -> 672 (29)
795 -> 59 (26)
795 -> 399 (142)
Fluxo: 1787
Arestas removidas: 134021

--Rotas do 6ยบ turno-----------------------------
73 -> 476 (142)
254 -> 672 (162)
529 -> 128 (62)
575 -> 389 (175)
575 -> 399 (1)
579 -> 128 (113)
617 -> 92 (143)
641 -> 792 (186)
727 -> 128 (168)
727 -> 672 (30)
775 -> 73 (142)
775 -> 92 (12)
775 -> 128 (39)
775 -> 202 (31)
775 -> 254 (162)
775 -> 399 (182)
775 -> 529 (62)
775 -> 575 (176)
775 -> 579 (113)
775 -> 617 (143)
775 -> 641 (186)
775 -> 727 (198)
775 -> 793 (58)
775 -> 795 (39)
793 -> 92 (29)
793 -> 672 (29)
795 -> 399 (39)
Fluxo: 1543
Arestas removidas: 134021

Populaรงรฃo evacuada: 237726U de 237726U Ts
O tempo total para evacuar 100.00% da populaรงรฃo รฉ: 6 unidades de tempo.
