--Rotas do 1ยบ turno-----------------------------
0 -> 154 (15)
1 -> 474 (12)
1 -> 478 (144)
2 -> 199 (75)
3 -> 5 (88)
3 -> 11 (94)
3 -> 27 (71)
3 -> 29 (146)
3 -> 39 (86)
3 -> 92 (58)
3 -> 96 (186)
3 -> 99 (148)
3 -> 110 (126)
3 -> 146 (189)
3 -> 147 (105)
3 -> 163 (135)
3 -> 168 (150)
3 -> 169 (83)
3 -> 182 (69)
3 -> 192 (152)
3 -> 241 (64)
3 -> 312 (162)
3 -> 325 (91)
3 -> 378 (38)
3 -> 416 (137)
3 -> 429 (50)
3 -> 441 (36)
3 -> 450 (142)
3 -> 476 (50)
3 -> 478 (88)
3 -> 486 (118)
3 -> 501 (192)
3 -> 502 (72)
3 -> 506 (35)
5 -> 502 (154)
6 -> 27 (139)
7 -> 421 (178)
8 -> 502 (116)
9 -> 478 (178)
10 -> 330 (152)
11 -> 670 (121)
12 -> 343 (192)
13 -> 27 (152)
14 -> 478 (194)
15 -> 677 (159)
16 -> 421 (97)
17 -> 670 (145)
18 -> 343 (144)
19 -> 345 (27)
19 -> 670 (146)
20 -> 27 (68)
20 -> 502 (125)
21 -> 245 (42)
21 -> 330 (79)
22 -> 5 (66)
22 -> 23 (148)
22 -> 41 (197)
22 -> 42 (156)
22 -> 49 (83)
22 -> 58 (147)
22 -> 62 (198)
22 -> 74 (146)
22 -> 126 (134)
22 -> 147 (94)
22 -> 167 (171)
22 -> 195 (136)
22 -> 222 (195)
22 -> 227 (84)
22 -> 239 (143)
22 -> 243 (137)
22 -> 247 (163)
22 -> 251 (61)
22 -> 275 (117)
22 -> 279 (136)
22 -> 303 (174)
22 -> 306 (78)
22 -> 371 (80)
22 -> 424 (141)
22 -> 441 (121)
22 -> 462 (135)
22 -> 502 (152)
22 -> 538 (71)
22 -> 582 (26)
22 -> 585 (41)
23 -> 670 (163)
25 -> 670 (155)
25 -> 677 (7)
26 -> 667 (167)
28 -> 421 (151)
28 -> 478 (3)
29 -> 343 (184)
30 -> 85 (8)
31 -> 478 (124)
31 -> 670 (3)
32 -> 421 (128)
32 -> 670 (72)
33 -> 478 (99)
33 -> 667 (79)
34 -> 343 (62)
35 -> 343 (140)
36 -> 330 (82)
36 -> 667 (115)
37 -> 421 (132)
38 -> 27 (192)
39 -> 343 (133)
40 -> 667 (161)
41 -> 330 (138)
41 -> 343 (59)
42 -> 27 (173)
43 -> 27 (125)
43 -> 330 (17)
44 -> 27 (86)
45 -> 343 (144)
46 -> 670 (74)
46 -> 677 (71)
47 -> 27 (120)
47 -> 502 (21)
48 -> 27 (108)
48 -> 502 (36)
49 -> 27 (83)
51 -> 667 (169)
52 -> 330 (114)
52 -> 667 (61)
53 -> 330 (199)
54 -> 330 (141)
55 -> 670 (89)
56 -> 7 (124)
56 -> 9 (113)
56 -> 45 (144)
56 -> 46 (145)
56 -> 51 (130)
56 -> 68 (145)
56 -> 325 (62)
56 -> 330 (143)
56 -> 337 (91)
56 -> 478 (84)
56 -> 670 (182)
56 -> 677 (125)
57 -> 478 (163)
57 -> 667 (4)
58 -> 330 (157)
60 -> 421 (167)
61 -> 667 (112)
61 -> 670 (13)
62 -> 330 (200)
64 -> 343 (19)
65 -> 6 (139)
65 -> 26 (167)
65 -> 40 (157)
65 -> 78 (150)
65 -> 138 (110)
65 -> 159 (155)
65 -> 164 (145)
65 -> 171 (102)
65 -> 502 (117)
65 -> 670 (174)
66 -> 330 (160)
67 -> 677 (58)
68 -> 667 (91)
68 -> 670 (54)
69 -> 549 (185)
70 -> 0 (15)
70 -> 10 (121)
70 -> 22 (56)
70 -> 27 (149)
70 -> 32 (200)
70 -> 54 (141)
70 -> 58 (10)
70 -> 61 (125)
70 -> 82 (134)
70 -> 84 (168)
70 -> 91 (136)
70 -> 98 (181)
70 -> 108 (128)
70 -> 111 (106)
70 -> 144 (112)
70 -> 152 (36)
70 -> 154 (185)
70 -> 155 (182)
70 -> 191 (181)
70 -> 210 (186)
70 -> 240 (136)
70 -> 272 (112)
70 -> 290 (56)
70 -> 297 (113)
70 -> 316 (161)
70 -> 317 (190)
70 -> 324 (90)
70 -> 331 (179)
70 -> 333 (181)
70 -> 343 (197)
70 -> 362 (175)
70 -> 364 (95)
70 -> 376 (88)
70 -> 410 (61)
70 -> 413 (158)
70 -> 425 (96)
70 -> 436 (154)
70 -> 446 (120)
70 -> 447 (167)
70 -> 459 (138)
70 -> 469 (172)
70 -> 501 (5)
70 -> 502 (151)
70 -> 526 (122)
70 -> 532 (132)
70 -> 537 (141)
70 -> 576 (110)
70 -> 582 (99)
70 -> 604 (94)
70 -> 607 (162)
70 -> 641 (169)
70 -> 655 (89)
70 -> 664 (129)
70 -> 682 (180)
70 -> 698 (95)
70 -> 757 (160)
70 -> 792 (97)
71 -> 382 (37)
72 -> 421 (189)
74 -> 27 (182)
75 -> 330 (155)
76 -> 330 (121)
76 -> 343 (53)
77 -> 549 (90)
78 -> 27 (112)
78 -> 677 (38)
79 -> 330 (193)
81 -> 449 (7)
82 -> 343 (143)
83 -> 670 (120)
84 -> 670 (168)
85 -> 343 (145)
86 -> 27 (189)
88 -> 549 (162)
88 -> 677 (11)
89 -> 421 (136)
89 -> 670 (48)
90 -> 502 (120)
90 -> 677 (36)
91 -> 190 (12)
91 -> 667 (124)
92 -> 330 (180)
93 -> 667 (146)
94 -> 670 (136)
95 -> 667 (87)
96 -> 330 (77)
96 -> 502 (109)
97 -> 502 (50)
98 -> 135 (26)
98 -> 667 (155)
99 -> 421 (167)
100 -> 330 (96)
100 -> 421 (66)
101 -> 677 (178)
102 -> 9 (65)
102 -> 35 (57)
102 -> 38 (179)
102 -> 53 (102)
102 -> 69 (101)
102 -> 71 (37)
102 -> 75 (131)
102 -> 90 (156)
102 -> 94 (119)
102 -> 117 (164)
102 -> 132 (154)
102 -> 152 (36)
102 -> 172 (94)
102 -> 176 (165)
102 -> 190 (57)
102 -> 192 (45)
102 -> 196 (56)
102 -> 207 (172)
102 -> 212 (73)
102 -> 216 (100)
102 -> 220 (179)
102 -> 249 (150)
102 -> 271 (106)
102 -> 276 (152)
102 -> 279 (49)
102 -> 284 (185)
102 -> 287 (138)
102 -> 313 (158)
102 -> 335 (190)
102 -> 350 (74)
102 -> 372 (41)
102 -> 392 (132)
102 -> 404 (196)
102 -> 406 (33)
102 -> 422 (102)
102 -> 435 (140)
102 -> 442 (186)
102 -> 455 (167)
102 -> 457 (84)
102 -> 461 (122)
102 -> 470 (157)
102 -> 481 (133)
102 -> 512 (117)
102 -> 521 (108)
102 -> 533 (156)
102 -> 567 (127)
102 -> 571 (17)
102 -> 579 (193)
102 -> 587 (80)
102 -> 595 (179)
102 -> 605 (156)
102 -> 614 (124)
102 -> 623 (50)
102 -> 628 (200)
102 -> 638 (125)
102 -> 683 (87)
102 -> 726 (33)
102 -> 744 (154)
102 -> 746 (144)
102 -> 747 (51)
102 -> 784 (134)
102 -> 798 (167)
103 -> 330 (154)
105 -> 13 (87)
105 -> 15 (155)
105 -> 16 (71)
105 -> 47 (141)
105 -> 53 (97)
105 -> 60 (145)
105 -> 85 (137)
105 -> 88 (173)
105 -> 89 (184)
105 -> 126 (52)
105 -> 158 (155)
105 -> 174 (124)
105 -> 238 (167)
105 -> 244 (109)
105 -> 248 (21)
105 -> 251 (106)
105 -> 277 (7)
105 -> 281 (13)
105 -> 308 (70)
105 -> 339 (29)
105 -> 421 (75)
106 -> 478 (125)
106 -> 667 (48)
107 -> 1 (156)
107 -> 8 (116)
107 -> 20 (193)
107 -> 37 (132)
107 -> 48 (144)
107 -> 52 (175)
107 -> 79 (153)
107 -> 92 (122)
107 -> 100 (162)
107 -> 121 (185)
107 -> 125 (116)
107 -> 145 (190)
107 -> 153 (115)
107 -> 182 (122)
107 -> 194 (91)
107 -> 202 (77)
107 -> 216 (84)
107 -> 218 (150)
107 -> 221 (133)
107 -> 223 (116)
107 -> 225 (196)
107 -> 233 (117)
107 -> 247 (3)
107 -> 262 (165)
107 -> 270 (91)
107 -> 282 (60)
107 -> 286 (198)
107 -> 296 (113)
107 -> 301 (164)
107 -> 330 (103)
107 -> 334 (10)
107 -> 349 (159)
107 -> 360 (120)
107 -> 371 (81)
107 -> 378 (65)
107 -> 390 (86)
107 -> 394 (67)
107 -> 398 (120)
107 -> 410 (32)
107 -> 419 (145)
107 -> 425 (73)
107 -> 429 (40)
107 -> 431 (167)
107 -> 432 (197)
107 -> 433 (39)
107 -> 488 (88)
107 -> 490 (81)
107 -> 492 (130)
107 -> 515 (189)
107 -> 552 (149)
107 -> 562 (183)
107 -> 572 (120)
107 -> 590 (184)
107 -> 616 (123)
107 -> 629 (45)
107 -> 647 (146)
107 -> 658 (180)
107 -> 675 (118)
107 -> 677 (70)
107 -> 685 (107)
107 -> 745 (146)
107 -> 763 (51)
108 -> 667 (128)
109 -> 753 (25)
110 -> 27 (197)
111 -> 667 (171)
112 -> 667 (182)
112 -> 670 (6)
113 -> 478 (139)
113 -> 670 (40)
114 -> 677 (87)
115 -> 478 (146)
115 -> 667 (28)
116 -> 478 (157)
117 -> 667 (200)
118 -> 343 (113)
119 -> 25 (162)
119 -> 33 (178)
119 -> 232 (150)
119 -> 281 (52)
119 -> 670 (146)
121 -> 454 (188)
122 -> 12 (103)
122 -> 17 (145)
122 -> 76 (174)
122 -> 101 (178)
122 -> 106 (173)
122 -> 112 (188)
122 -> 116 (157)
122 -> 130 (45)
122 -> 131 (180)
122 -> 133 (130)
122 -> 141 (116)
122 -> 161 (105)
122 -> 166 (128)
122 -> 259 (166)
122 -> 306 (104)
122 -> 332 (141)
122 -> 336 (115)
122 -> 343 (172)
122 -> 421 (101)
122 -> 471 (63)
122 -> 529 (55)
122 -> 545 (55)
122 -> 578 (155)
122 -> 622 (120)
124 -> 478 (98)
125 -> 502 (116)
126 -> 549 (186)
127 -> 667 (114)
128 -> 502 (60)
129 -> 421 (17)
130 -> 330 (200)
131 -> 27 (197)
132 -> 502 (179)
133 -> 330 (130)
134 -> 502 (131)
135 -> 478 (26)
136 -> 421 (147)
136 -> 667 (24)
138 -> 343 (110)
139 -> 31 (127)
139 -> 43 (142)
139 -> 200 (140)
139 -> 268 (134)
139 -> 270 (43)
139 -> 273 (32)
139 -> 304 (120)
139 -> 320 (55)
139 -> 667 (60)
140 -> 27 (133)
140 -> 670 (34)
141 -> 677 (116)
142 -> 421 (166)
143 -> 478 (185)
144 -> 330 (184)
145 -> 330 (162)
145 -> 670 (28)
146 -> 27 (111)
146 -> 667 (78)
147 -> 478 (199)
148 -> 330 (142)
148 -> 478 (24)
149 -> 631 (98)
149 -> 670 (98)
150 -> 15 (4)
150 -> 35 (83)
150 -> 39 (47)
150 -> 66 (105)
150 -> 75 (24)
150 -> 77 (90)
150 -> 109 (25)
150 -> 114 (87)
150 -> 117 (36)
150 -> 118 (113)
150 -> 130 (155)
150 -> 149 (196)
150 -> 152 (127)
150 -> 160 (85)
150 -> 169 (78)
150 -> 186 (68)
150 -> 248 (68)
150 -> 255 (84)
150 -> 318 (121)
150 -> 346 (83)
150 -> 385 (155)
150 -> 396 (194)
150 -> 398 (21)
150 -> 401 (193)
150 -> 430 (68)
150 -> 458 (93)
150 -> 473 (114)
150 -> 475 (145)
150 -> 486 (67)
150 -> 487 (89)
150 -> 514 (113)
150 -> 518 (157)
150 -> 550 (41)
150 -> 573 (103)
150 -> 579 (2)
150 -> 584 (142)
150 -> 593 (193)
150 -> 609 (107)
150 -> 611 (166)
150 -> 646 (94)
150 -> 649 (119)
150 -> 669 (162)
150 -> 671 (117)
150 -> 677 (170)
150 -> 732 (73)
150 -> 733 (101)
150 -> 740 (117)
150 -> 754 (185)
150 -> 760 (161)
150 -> 761 (164)
150 -> 765 (173)
150 -> 780 (80)
152 -> 421 (199)
153 -> 667 (79)
153 -> 670 (36)
154 -> 549 (200)
155 -> 190 (64)
155 -> 478 (118)
156 -> 330 (133)
156 -> 667 (49)
157 -> 478 (175)
158 -> 502 (161)
159 -> 421 (155)
160 -> 502 (85)
161 -> 421 (105)
162 -> 421 (116)
163 -> 27 (123)
163 -> 421 (12)
164 -> 421 (145)
166 -> 27 (186)
167 -> 549 (169)
167 -> 667 (2)
168 -> 502 (150)
169 -> 343 (161)
170 -> 330 (111)
170 -> 343 (17)
171 -> 677 (142)
172 -> 667 (94)
173 -> 93 (146)
173 -> 171 (38)
173 -> 177 (194)
173 -> 205 (111)
173 -> 229 (128)
173 -> 305 (94)
173 -> 421 (93)
173 -> 441 (32)
173 -> 455 (28)
173 -> 472 (123)
173 -> 494 (58)
174 -> 343 (195)
176 -> 670 (102)
176 -> 677 (63)
177 -> 27 (194)
178 -> 502 (24)
179 -> 330 (27)
180 -> 478 (109)
180 -> 667 (40)
182 -> 677 (191)
183 -> 27 (127)
183 -> 330 (40)
184 -> 82 (9)
184 -> 110 (71)
184 -> 131 (17)
184 -> 136 (171)
184 -> 157 (156)
184 -> 171 (2)
184 -> 213 (138)
184 -> 223 (57)
184 -> 229 (48)
184 -> 256 (156)
184 -> 280 (102)
184 -> 326 (110)
184 -> 337 (57)
184 -> 478 (83)
184 -> 507 (114)
184 -> 528 (162)
184 -> 563 (16)
184 -> 592 (150)
184 -> 630 (128)
184 -> 692 (135)
184 -> 782 (130)
185 -> 374 (26)
186 -> 670 (68)
189 -> 670 (137)
190 -> 148 (166)
191 -> 543 (31)
191 -> 567 (9)
191 -> 670 (141)
192 -> 330 (197)
193 -> 330 (139)
193 -> 478 (60)
194 -> 769 (91)
195 -> 343 (136)
196 -> 446 (56)
197 -> 330 (160)
197 -> 670 (32)
198 -> 670 (39)
199 -> 27 (171)
200 -> 343 (70)
200 -> 677 (70)
201 -> 2 (75)
201 -> 12 (89)
201 -> 13 (65)
201 -> 14 (192)
201 -> 27 (172)
201 -> 128 (60)
201 -> 144 (72)
201 -> 157 (19)
201 -> 226 (175)
201 -> 235 (198)
201 -> 260 (142)
201 -> 263 (121)
201 -> 268 (52)
201 -> 277 (37)
201 -> 281 (56)
201 -> 309 (185)
201 -> 328 (112)
201 -> 357 (115)
201 -> 384 (148)
201 -> 411 (162)
201 -> 413 (42)
201 -> 434 (151)
201 -> 435 (2)
201 -> 519 (99)
201 -> 637 (160)
201 -> 690 (112)
201 -> 758 (87)
202 -> 502 (77)
203 -> 27 (151)
203 -> 330 (8)
205 -> 670 (111)
206 -> 677 (69)
207 -> 670 (172)
208 -> 27 (179)
208 -> 730 (3)
209 -> 11 (27)
209 -> 42 (17)
209 -> 140 (167)
209 -> 180 (149)
209 -> 244 (37)
209 -> 249 (25)
209 -> 258 (49)
209 -> 273 (144)
209 -> 280 (97)
209 -> 288 (126)
209 -> 289 (133)
209 -> 294 (113)
209 -> 296 (49)
209 -> 344 (94)
209 -> 354 (127)
209 -> 393 (6)
209 -> 397 (63)
209 -> 458 (54)
209 -> 484 (154)
209 -> 489 (124)
209 -> 502 (31)
209 -> 516 (172)
209 -> 540 (118)
209 -> 552 (43)
209 -> 553 (151)
209 -> 560 (115)
209 -> 564 (189)
209 -> 621 (145)
209 -> 677 (151)
209 -> 687 (83)
209 -> 753 (103)
209 -> 762 (140)
209 -> 767 (136)
209 -> 777 (105)
209 -> 790 (80)
210 -> 27 (85)
210 -> 421 (101)
211 -> 502 (187)
212 -> 667 (73)
213 -> 330 (137)
213 -> 677 (1)
214 -> 18 (92)
214 -> 38 (13)
214 -> 57 (167)
214 -> 66 (55)
214 -> 121 (3)
214 -> 143 (125)
214 -> 183 (167)
214 -> 185 (26)
214 -> 237 (162)
214 -> 262 (13)
214 -> 277 (142)
214 -> 281 (23)
214 -> 338 (111)
214 -> 361 (155)
214 -> 379 (165)
214 -> 382 (132)
214 -> 445 (178)
214 -> 493 (114)
214 -> 495 (196)
214 -> 505 (147)
214 -> 513 (75)
214 -> 520 (123)
214 -> 531 (110)
214 -> 554 (113)
214 -> 591 (142)
214 -> 652 (167)
214 -> 667 (110)
214 -> 687 (59)
214 -> 714 (164)
214 -> 723 (186)
215 -> 27 (106)
215 -> 502 (50)
216 -> 549 (184)
217 -> 343 (178)
217 -> 667 (9)
218 -> 27 (85)
218 -> 502 (65)
220 -> 414 (87)
220 -> 670 (92)
221 -> 478 (133)
222 -> 667 (139)
222 -> 771 (56)
223 -> 343 (173)
224 -> 330 (171)
224 -> 677 (29)
225 -> 330 (120)
225 -> 677 (76)
226 -> 330 (152)
226 -> 771 (23)
227 -> 343 (84)
228 -> 27 (133)
229 -> 478 (176)
231 -> 330 (130)
231 -> 478 (50)
232 -> 330 (185)
233 -> 677 (117)
234 -> 502 (170)
235 -> 343 (177)
235 -> 421 (21)
237 -> 27 (159)
237 -> 677 (3)
238 -> 677 (173)
239 -> 502 (95)
239 -> 667 (48)
240 -> 27 (76)
240 -> 478 (60)
241 -> 502 (64)
242 -> 27 (144)
242 -> 549 (54)
243 -> 421 (109)
243 -> 667 (28)
244 -> 421 (146)
245 -> 677 (186)
247 -> 670 (166)
248 -> 478 (89)
249 -> 330 (175)
250 -> 7 (54)
250 -> 23 (15)
250 -> 28 (154)
250 -> 60 (22)
250 -> 81 (7)
250 -> 134 (131)
250 -> 170 (128)
250 -> 232 (35)
250 -> 304 (54)
250 -> 399 (92)
250 -> 407 (138)
250 -> 418 (111)
250 -> 427 (86)
250 -> 462 (41)
250 -> 491 (76)
250 -> 543 (118)
250 -> 576 (30)
250 -> 578 (30)
250 -> 585 (33)
250 -> 606 (11)
250 -> 626 (114)
250 -> 655 (60)
250 -> 674 (176)
250 -> 676 (159)
250 -> 697 (61)
250 -> 707 (66)
250 -> 709 (165)
250 -> 717 (187)
250 -> 719 (123)
250 -> 743 (132)
250 -> 751 (139)
251 -> 478 (167)
255 -> 549 (84)
256 -> 421 (156)
257 -> 40 (4)
257 -> 64 (19)
257 -> 72 (118)
257 -> 86 (140)
257 -> 95 (87)
257 -> 111 (65)
257 -> 132 (25)
257 -> 156 (182)
257 -> 211 (175)
257 -> 215 (156)
257 -> 234 (94)
257 -> 259 (19)
257 -> 288 (42)
257 -> 311 (47)
257 -> 330 (18)
257 -> 359 (130)
257 -> 368 (152)
257 -> 383 (186)
257 -> 389 (134)
257 -> 390 (50)
257 -> 396 (5)
257 -> 418 (55)
257 -> 453 (150)
257 -> 457 (72)
257 -> 476 (74)
257 -> 479 (54)
257 -> 492 (15)
257 -> 504 (162)
257 -> 506 (155)
257 -> 512 (73)
257 -> 519 (81)
257 -> 540 (77)
257 -> 570 (139)
257 -> 583 (143)
257 -> 589 (156)
257 -> 593 (1)
257 -> 618 (72)
257 -> 620 (126)
257 -> 624 (94)
257 -> 638 (47)
257 -> 640 (155)
257 -> 654 (109)
257 -> 666 (141)
257 -> 695 (105)
257 -> 696 (90)
257 -> 709 (32)
257 -> 741 (156)
257 -> 748 (137)
257 -> 768 (158)
258 -> 330 (49)
259 -> 343 (185)
260 -> 421 (142)
262 -> 421 (178)
263 -> 670 (136)
264 -> 343 (49)
266 -> 343 (164)
266 -> 670 (11)
267 -> 667 (74)
268 -> 478 (186)
269 -> 86 (49)
269 -> 341 (74)
269 -> 374 (129)
269 -> 402 (164)
269 -> 408 (198)
269 -> 412 (141)
269 -> 443 (88)
269 -> 468 (101)
269 -> 766 (89)
269 -> 786 (26)
270 -> 421 (134)
271 -> 330 (100)
271 -> 558 (6)
272 -> 549 (112)
273 -> 330 (176)
274 -> 330 (135)
275 -> 478 (117)
276 -> 694 (152)
277 -> 343 (186)
278 -> 27 (152)
279 -> 27 (185)
280 -> 330 (199)
281 -> 421 (144)
282 -> 502 (60)
283 -> 677 (105)
284 -> 343 (134)
284 -> 502 (51)
286 -> 330 (139)
286 -> 343 (59)
287 -> 667 (159)
288 -> 27 (168)
289 -> 670 (152)
290 -> 670 (131)
291 -> 330 (101)
292 -> 343 (160)
292 -> 667 (6)
294 -> 667 (113)
296 -> 677 (162)
297 -> 27 (92)
297 -> 667 (21)
298 -> 667 (189)
299 -> 677 (185)
301 -> 330 (110)
301 -> 353 (54)
302 -> 421 (19)
303 -> 343 (174)
304 -> 670 (174)
305 -> 677 (94)
306 -> 677 (182)
308 -> 27 (102)
309 -> 502 (136)
309 -> 670 (49)
310 -> 670 (70)
311 -> 701 (47)
312 -> 330 (162)
313 -> 421 (158)
316 -> 421 (61)
316 -> 667 (66)
316 -> 670 (34)
317 -> 330 (124)
317 -> 478 (66)
318 -> 421 (121)
320 -> 330 (99)
321 -> 330 (155)
322 -> 27 (162)
322 -> 343 (16)
324 -> 667 (173)
325 -> 421 (153)
326 -> 670 (110)
327 -> 667 (88)
328 -> 421 (180)
329 -> 27 (190)
331 -> 343 (149)
331 -> 677 (30)
332 -> 27 (116)
332 -> 343 (25)
333 -> 27 (85)
333 -> 199 (96)
334 -> 543 (10)
335 -> 478 (190)
336 -> 478 (115)
337 -> 502 (148)
338 -> 478 (111)
339 -> 549 (97)
341 -> 667 (186)
341 -> 670 (101)
342 -> 55 (89)
342 -> 72 (71)
342 -> 113 (179)
342 -> 124 (98)
342 -> 129 (17)
342 -> 143 (60)
342 -> 203 (159)
342 -> 274 (135)
342 -> 291 (101)
342 -> 320 (44)
342 -> 324 (83)
342 -> 345 (160)
342 -> 409 (93)
342 -> 419 (41)
342 -> 421 (106)
342 -> 453 (27)
342 -> 465 (104)
342 -> 500 (2)
342 -> 541 (135)
342 -> 542 (147)
342 -> 547 (142)
342 -> 559 (95)
342 -> 617 (116)
342 -> 639 (161)
342 -> 649 (62)
342 -> 650 (120)
342 -> 670 (93)
342 -> 686 (181)
344 -> 478 (94)
345 -> 502 (187)
346 -> 478 (83)
347 -> 343 (111)
348 -> 36 (197)
348 -> 142 (166)
348 -> 189 (137)
348 -> 228 (133)
348 -> 238 (6)
348 -> 290 (75)
348 -> 292 (166)
348 -> 362 (20)
348 -> 386 (173)
348 -> 395 (43)
348 -> 440 (179)
348 -> 451 (15)
348 -> 478 (183)
348 -> 483 (140)
348 -> 521 (77)
348 -> 523 (150)
348 -> 546 (185)
348 -> 551 (142)
348 -> 566 (46)
348 -> 574 (140)
348 -> 575 (52)
348 -> 588 (98)
348 -> 614 (50)
348 -> 636 (130)
348 -> 654 (81)
348 -> 657 (180)
348 -> 665 (27)
348 -> 667 (57)
348 -> 678 (126)
348 -> 693 (108)
348 -> 697 (83)
348 -> 708 (138)
348 -> 719 (22)
348 -> 738 (84)
348 -> 766 (92)
348 -> 793 (50)
349 -> 343 (195)
350 -> 667 (68)
350 -> 734 (6)
351 -> 330 (35)
352 -> 478 (156)
353 -> 502 (54)
354 -> 670 (170)
355 -> 343 (197)
355 -> 502 (3)
356 -> 677 (182)
357 -> 330 (55)
357 -> 502 (60)
358 -> 16 (26)
358 -> 99 (19)
358 -> 103 (154)
358 -> 162 (116)
358 -> 174 (71)
358 -> 283 (105)
358 -> 298 (144)
358 -> 328 (68)
358 -> 355 (200)
358 -> 356 (98)
358 -> 387 (71)
358 -> 405 (145)
358 -> 439 (174)
358 -> 629 (146)
358 -> 632 (110)
358 -> 640 (37)
358 -> 644 (162)
358 -> 677 (140)
358 -> 727 (130)
358 -> 728 (139)
358 -> 732 (80)
358 -> 736 (115)
358 -> 770 (132)
358 -> 772 (191)
358 -> 792 (91)
358 -> 796 (167)
359 -> 684 (130)
360 -> 667 (120)
361 -> 330 (90)
361 -> 670 (65)
362 -> 343 (195)
364 -> 670 (95)
365 -> 423 (92)
365 -> 549 (112)
367 -> 343 (155)
368 -> 667 (164)
369 -> 343 (161)
369 -> 421 (21)
371 -> 502 (161)
372 -> 405 (41)
373 -> 343 (169)
373 -> 478 (11)
374 -> 502 (155)
375 -> 502 (163)
376 -> 421 (75)
376 -> 677 (13)
377 -> 670 (39)
378 -> 343 (121)
379 -> 421 (79)
379 -> 478 (86)
380 -> 330 (102)
382 -> 330 (169)
383 -> 27 (152)
383 -> 421 (34)
384 -> 478 (100)
384 -> 502 (48)
385 -> 677 (200)
386 -> 670 (173)
387 -> 502 (71)
388 -> 21 (121)
388 -> 34 (62)
388 -> 127 (114)
388 -> 179 (27)
388 -> 242 (198)
388 -> 263 (15)
388 -> 349 (36)
388 -> 464 (76)
388 -> 478 (70)
388 -> 594 (185)
388 -> 609 (36)
388 -> 612 (109)
388 -> 637 (21)
388 -> 646 (16)
388 -> 670 (125)
388 -> 702 (152)
388 -> 712 (176)
388 -> 715 (178)
388 -> 720 (109)
388 -> 732 (21)
388 -> 763 (8)
388 -> 774 (156)
388 -> 789 (156)
389 -> 27 (134)
390 -> 635 (136)
391 -> 10 (31)
391 -> 231 (180)
391 -> 266 (175)
391 -> 267 (74)
391 -> 373 (180)
391 -> 421 (140)
391 -> 514 (58)
391 -> 682 (3)
391 -> 705 (156)
391 -> 780 (90)
391 -> 795 (84)
392 -> 330 (132)
393 -> 158 (6)
394 -> 27 (67)
395 -> 502 (43)
396 -> 421 (199)
397 -> 502 (63)
398 -> 670 (141)
399 -> 27 (119)
401 -> 667 (193)
402 -> 330 (199)
403 -> 667 (130)
404 -> 27 (145)
404 -> 343 (51)
405 -> 343 (186)
406 -> 190 (33)
407 -> 421 (171)
408 -> 667 (183)
408 -> 670 (15)
409 -> 421 (93)
410 -> 478 (93)
411 -> 549 (111)
411 -> 677 (51)
412 -> 27 (172)
413 -> 478 (200)
414 -> 421 (189)
416 -> 27 (79)
416 -> 677 (58)
418 -> 330 (166)
419 -> 421 (186)
422 -> 27 (102)
423 -> 670 (189)
424 -> 421 (145)
425 -> 677 (169)
427 -> 677 (114)
429 -> 670 (90)
430 -> 378 (18)
430 -> 667 (50)
431 -> 330 (167)
432 -> 478 (182)
432 -> 502 (15)
433 -> 51 (39)
434 -> 670 (176)
435 -> 343 (142)
436 -> 421 (154)
438 -> 19 (173)
438 -> 197 (192)
438 -> 211 (12)
438 -> 278 (152)
438 -> 287 (21)
438 -> 298 (45)
438 -> 352 (156)
438 -> 449 (183)
438 -> 494 (65)
438 -> 529 (105)
438 -> 542 (25)
438 -> 549 (80)
438 -> 556 (111)
438 -> 634 (191)
438 -> 767 (58)
438 -> 776 (98)
439 -> 343 (167)
439 -> 502 (7)
440 -> 478 (138)
440 -> 502 (41)
441 -> 677 (189)
442 -> 421 (109)
442 -> 478 (77)
443 -> 27 (81)
443 -> 789 (7)
444 -> 198 (39)
444 -> 289 (19)
444 -> 302 (19)
444 -> 330 (22)
444 -> 351 (35)
444 -> 385 (45)
444 -> 509 (123)
444 -> 621 (25)
444 -> 632 (68)
444 -> 656 (2)
444 -> 662 (112)
444 -> 667 (122)
444 -> 670 (45)
444 -> 778 (50)
445 -> 502 (136)
445 -> 667 (42)
446 -> 343 (176)
447 -> 27 (101)
447 -> 69 (66)
448 -> 330 (120)
448 -> 677 (28)
449 -> 343 (190)
450 -> 478 (142)
451 -> 421 (15)
453 -> 667 (177)
454 -> 330 (183)
454 -> 667 (5)
455 -> 667 (195)
457 -> 677 (156)
458 -> 27 (147)
459 -> 329 (50)
459 -> 667 (88)
460 -> 330 (132)
461 -> 375 (122)
462 -> 549 (176)
464 -> 502 (76)
465 -> 478 (104)
467 -> 27 (4)
468 -> 27 (95)
468 -> 564 (6)
469 -> 474 (22)
469 -> 600 (150)
470 -> 343 (157)
471 -> 330 (63)
472 -> 421 (123)
473 -> 478 (114)
474 -> 773 (161)
475 -> 27 (87)
475 -> 343 (58)
476 -> 502 (124)
477 -> 30 (8)
477 -> 44 (86)
477 -> 208 (182)
477 -> 421 (63)
477 -> 485 (139)
477 -> 493 (86)
477 -> 502 (61)
477 -> 507 (12)
477 -> 509 (11)
477 -> 530 (119)
477 -> 581 (104)
477 -> 596 (123)
477 -> 721 (148)
477 -> 743 (65)
477 -> 762 (22)
477 -> 777 (73)
479 -> 27 (54)
481 -> 330 (128)
481 -> 343 (5)
483 -> 343 (126)
483 -> 667 (14)
484 -> 478 (128)
484 -> 670 (26)
485 -> 330 (106)
485 -> 421 (33)
486 -> 27 (185)
487 -> 677 (92)
488 -> 330 (88)
489 -> 670 (124)
490 -> 343 (81)
491 -> 421 (76)
492 -> 421 (145)
493 -> 478 (200)
494 -> 677 (123)
495 -> 421 (100)
495 -> 670 (96)
496 -> 330 (133)
497 -> 27 (104)
497 -> 478 (83)
500 -> 14 (2)
501 -> 667 (197)
504 -> 421 (136)
504 -> 761 (26)
505 -> 667 (147)
506 -> 667 (190)
507 -> 670 (126)
508 -> 29 (38)
508 -> 115 (174)
508 -> 193 (199)
508 -> 308 (32)
508 -> 327 (88)
508 -> 329 (140)
508 -> 421 (138)
508 -> 478 (16)
508 -> 522 (175)
508 -> 582 (38)
508 -> 598 (156)
508 -> 627 (86)
508 -> 647 (2)
508 -> 652 (9)
508 -> 667 (100)
508 -> 670 (193)
508 -> 672 (142)
508 -> 683 (7)
508 -> 755 (136)
508 -> 756 (72)
509 -> 421 (134)
511 -> 502 (176)
512 -> 478 (190)
513 -> 403 (75)
514 -> 343 (171)
515 -> 677 (189)
516 -> 27 (148)
516 -> 677 (24)
517 -> 79 (40)
517 -> 206 (69)
517 -> 322 (178)
517 -> 347 (111)
517 -> 369 (182)
517 -> 423 (97)
517 -> 460 (132)
517 -> 478 (61)
517 -> 487 (3)
517 -> 502 (19)
517 -> 670 (140)
517 -> 713 (178)
517 -> 759 (190)
517 -> 791 (68)
517 -> 795 (7)
517 -> 796 (22)
518 -> 380 (102)
518 -> 403 (55)
519 -> 27 (180)
520 -> 670 (123)
521 -> 502 (185)
522 -> 667 (179)
523 -> 421 (154)
524 -> 343 (133)
524 -> 670 (30)
525 -> 667 (49)
526 -> 330 (164)
528 -> 343 (162)
529 -> 670 (163)
530 -> 478 (119)
531 -> 667 (186)
532 -> 677 (132)
533 -> 677 (156)
534 -> 18 (52)
534 -> 27 (102)
534 -> 217 (187)
534 -> 245 (144)
534 -> 354 (43)
534 -> 474 (127)
534 -> 502 (24)
534 -> 746 (26)
534 -> 783 (141)
534 -> 794 (106)
534 -> 799 (105)
535 -> 74 (36)
535 -> 754 (8)
536 -> 234 (76)
536 -> 399 (27)
536 -> 402 (35)
536 -> 549 (187)
536 -> 555 (82)
536 -> 558 (185)
536 -> 734 (153)
537 -> 478 (178)
538 -> 478 (71)
540 -> 670 (195)
541 -> 677 (109)
541 -> 684 (26)
542 -> 619 (172)
543 -> 343 (159)
545 -> 478 (92)
546 -> 421 (171)
546 -> 502 (14)
547 -> 412 (31)
547 -> 421 (111)
550 -> 375 (41)
551 -> 478 (142)
552 -> 667 (192)
553 -> 549 (112)
553 -> 677 (39)
554 -> 478 (113)
555 -> 343 (82)
556 -> 549 (111)
558 -> 670 (191)
559 -> 62 (2)
559 -> 667 (93)
560 -> 330 (115)
561 -> 478 (168)
562 -> 330 (142)
562 -> 670 (41)
563 -> 768 (16)
564 -> 667 (195)
566 -> 677 (46)
567 -> 478 (146)
570 -> 27 (92)
570 -> 711 (47)
571 -> 702 (17)
572 -> 522 (4)
572 -> 600 (1)
572 -> 667 (115)
573 -> 478 (103)
574 -> 670 (140)
575 -> 677 (52)
576 -> 502 (140)
578 -> 343 (185)
579 -> 343 (195)
581 -> 478 (114)
582 -> 421 (163)
583 -> 330 (143)
584 -> 677 (142)
585 -> 27 (74)
587 -> 677 (80)
588 -> 779 (174)
589 -> 478 (156)
590 -> 343 (141)
590 -> 502 (43)
591 -> 343 (182)
592 -> 330 (94)
592 -> 788 (56)
593 -> 478 (194)
594 -> 343 (168)
594 -> 421 (17)
595 -> 27 (179)
596 -> 502 (123)
597 -> 343 (173)
598 -> 330 (131)
598 -> 502 (25)
599 -> 299 (166)
599 -> 343 (140)
599 -> 523 (4)
599 -> 526 (42)
599 -> 537 (37)
599 -> 648 (143)
599 -> 670 (101)
599 -> 689 (198)
599 -> 729 (74)
599 -> 750 (127)
599 -> 787 (127)
599 -> 788 (105)
600 -> 27 (151)
604 -> 27 (65)
604 -> 708 (29)
605 -> 343 (156)
606 -> 653 (11)
607 -> 414 (51)
607 -> 667 (111)
608 -> 67 (58)
608 -> 299 (19)
608 -> 525 (49)
608 -> 667 (165)
608 -> 693 (11)
609 -> 667 (143)
611 -> 670 (166)
612 -> 421 (109)
613 -> 670 (160)
613 -> 677 (33)
614 -> 421 (174)
615 -> 83 (120)
615 -> 524 (163)
615 -> 529 (3)
615 -> 653 (185)
615 -> 667 (148)
615 -> 677 (75)
615 -> 731 (13)
616 -> 667 (150)
617 -> 478 (187)
618 -> 368 (12)
618 -> 424 (4)
618 -> 677 (56)
619 -> 343 (132)
619 -> 677 (40)
620 -> 27 (116)
620 -> 581 (10)
621 -> 343 (170)
622 -> 677 (120)
623 -> 97 (50)
624 -> 343 (94)
625 -> 667 (113)
625 -> 670 (7)
626 -> 502 (114)
627 -> 502 (86)
628 -> 330 (198)
628 -> 677 (2)
629 -> 502 (191)
630 -> 330 (128)
631 -> 330 (98)
632 -> 421 (178)
634 -> 421 (158)
634 -> 549 (33)
635 -> 670 (136)
636 -> 343 (120)
636 -> 421 (10)
637 -> 502 (181)
638 -> 421 (172)
639 -> 667 (161)
640 -> 421 (192)
641 -> 330 (165)
641 -> 467 (4)
644 -> 330 (124)
644 -> 478 (38)
645 -> 264 (49)
645 -> 377 (39)
645 -> 502 (171)
645 -> 616 (27)
646 -> 478 (110)
647 -> 27 (148)
648 -> 27 (91)
648 -> 343 (52)
649 -> 330 (181)
650 -> 343 (120)
651 -> 27 (99)
651 -> 224 (200)
651 -> 421 (171)
651 -> 448 (148)
651 -> 478 (32)
651 -> 588 (76)
651 -> 591 (40)
651 -> 597 (173)
651 -> 625 (120)
651 -> 667 (97)
651 -> 749 (140)
652 -> 502 (176)
653 -> 343 (196)
654 -> 478 (190)
655 -> 330 (149)
656 -> 670 (2)
657 -> 343 (169)
657 -> 677 (11)
658 -> 27 (93)
658 -> 677 (87)
659 -> 699 (130)
660 -> 330 (129)
660 -> 561 (168)
660 -> 617 (71)
660 -> 728 (48)
660 -> 770 (45)
660 -> 775 (167)
662 -> 343 (112)
664 -> 502 (136)
665 -> 502 (27)
666 -> 677 (141)
668 -> 502 (200)
668 -> 549 (103)
668 -> 664 (7)
668 -> 749 (14)
669 -> 69 (18)
669 -> 667 (111)
669 -> 799 (33)
671 -> 667 (56)
671 -> 670 (61)
672 -> 330 (134)
672 -> 478 (8)
674 -> 667 (109)
674 -> 670 (67)
675 -> 434 (25)
675 -> 549 (93)
676 -> 421 (150)
676 -> 670 (9)
678 -> 667 (126)
679 -> 343 (167)
679 -> 667 (30)
682 -> 478 (183)
683 -> 27 (94)
684 -> 502 (156)
685 -> 670 (107)
686 -> 27 (150)
686 -> 502 (31)
687 -> 27 (184)
689 -> 478 (145)
689 -> 667 (53)
690 -> 670 (112)
691 -> 27 (165)
691 -> 321 (131)
691 -> 330 (12)
691 -> 343 (99)
691 -> 497 (187)
691 -> 545 (37)
691 -> 670 (171)
691 -> 750 (40)
692 -> 343 (135)
693 -> 667 (119)
694 -> 677 (152)
695 -> 27 (105)
696 -> 27 (62)
696 -> 427 (28)
697 -> 343 (144)
698 -> 549 (95)
699 -> 330 (130)
700 -> 677 (111)
701 -> 27 (48)
702 -> 667 (169)
704 -> 330 (79)
704 -> 496 (133)
704 -> 670 (53)
704 -> 714 (9)
705 -> 330 (156)
707 -> 330 (66)
708 -> 330 (167)
709 -> 670 (197)
710 -> 321 (24)
710 -> 339 (68)
710 -> 502 (187)
710 -> 531 (76)
710 -> 549 (197)
710 -> 667 (159)
710 -> 670 (11)
710 -> 679 (197)
711 -> 478 (194)
712 -> 511 (176)
713 -> 421 (175)
713 -> 502 (3)
714 -> 330 (173)
715 -> 27 (142)
715 -> 667 (36)
716 -> 27 (151)
716 -> 343 (13)
716 -> 549 (77)
717 -> 478 (89)
717 -> 677 (98)
719 -> 421 (145)
720 -> 667 (109)
721 -> 667 (161)
722 -> 27 (50)
722 -> 421 (95)
722 -> 478 (147)
722 -> 502 (183)
722 -> 535 (44)
722 -> 667 (17)
722 -> 711 (147)
722 -> 776 (57)
723 -> 549 (110)
723 -> 677 (76)
726 -> 407 (33)
727 -> 27 (130)
728 -> 667 (187)
729 -> 502 (74)
730 -> 330 (3)
731 -> 721 (13)
732 -> 478 (174)
733 -> 330 (93)
733 -> 789 (8)
734 -> 27 (159)
736 -> 667 (115)
737 -> 166 (58)
737 -> 330 (197)
737 -> 421 (162)
737 -> 478 (38)
737 -> 670 (91)
737 -> 677 (23)
738 -> 356 (84)
740 -> 549 (117)
741 -> 330 (156)
743 -> 27 (197)
744 -> 27 (154)
745 -> 549 (146)
746 -> 670 (170)
747 -> 414 (51)
748 -> 330 (123)
748 -> 343 (14)
749 -> 478 (154)
750 -> 478 (167)
751 -> 421 (126)
751 -> 667 (13)
753 -> 421 (128)
754 -> 613 (193)
755 -> 343 (105)
755 -> 421 (31)
756 -> 330 (62)
756 -> 567 (10)
757 -> 478 (159)
757 -> 701 (1)
758 -> 330 (87)
759 -> 330 (190)
760 -> 670 (161)
761 -> 421 (190)
762 -> 330 (162)
763 -> 27 (59)
765 -> 27 (168)
765 -> 502 (5)
766 -> 330 (181)
767 -> 330 (194)
768 -> 343 (174)
769 -> 478 (91)
770 -> 343 (177)
771 -> 478 (79)
772 -> 670 (191)
773 -> 667 (131)
773 -> 677 (30)
774 -> 343 (156)
775 -> 667 (167)
776 -> 421 (155)
777 -> 421 (178)
778 -> 667 (50)
779 -> 421 (130)
779 -> 502 (44)
780 -> 330 (170)
782 -> 178 (24)
782 -> 670 (106)
783 -> 421 (141)
784 -> 478 (134)
785 -> 27 (91)
785 -> 310 (70)
785 -> 367 (155)
785 -> 421 (34)
785 -> 478 (67)
785 -> 677 (51)
785 -> 687 (42)
786 -> 94 (17)
786 -> 670 (9)
787 -> 670 (127)
788 -> 330 (161)
789 -> 27 (171)
790 -> 670 (80)
791 -> 677 (68)
792 -> 677 (188)
793 -> 502 (50)
794 -> 667 (106)
795 -> 421 (91)
796 -> 478 (189)
797 -> 700 (111)
798 -> 667 (167)
799 -> 421 (138)
Fluxo: 96973
Arestas removidas: 50752

--Rotas do 2ยบ turno-----------------------------
1 -> 478 (144)
3 -> 96 (186)
4 -> 336 (61)
4 -> 349 (56)
5 -> 502 (154)
7 -> 421 (165)
9 -> 478 (178)
11 -> 670 (121)
12 -> 343 (192)
14 -> 478 (194)
15 -> 677 (159)
16 -> 421 (97)
17 -> 670 (145)
18 -> 343 (144)
19 -> 51 (21)
19 -> 670 (146)
20 -> 502 (193)
21 -> 238 (19)
21 -> 330 (79)
21 -> 453 (27)
21 -> 543 (1)
22 -> 502 (152)
23 -> 670 (163)
26 -> 667 (167)
27 -> 421 (88)
28 -> 421 (151)
28 -> 478 (3)
29 -> 343 (154)
30 -> 158 (151)
30 -> 251 (49)
31 -> 478 (124)
31 -> 670 (3)
32 -> 421 (128)
32 -> 670 (72)
33 -> 478 (99)
33 -> 667 (79)
34 -> 694 (175)
35 -> 343 (140)
36 -> 330 (82)
36 -> 667 (115)
37 -> 421 (132)
38 -> 27 (179)
39 -> 343 (133)
40 -> 667 (161)
42 -> 27 (173)
43 -> 330 (58)
44 -> 116 (157)
44 -> 705 (29)
45 -> 343 (144)
48 -> 27 (108)
48 -> 502 (36)
51 -> 667 (169)
52 -> 330 (114)
52 -> 667 (61)
53 -> 330 (182)
54 -> 330 (119)
55 -> 670 (89)
56 -> 670 (182)
57 -> 478 (163)
59 -> 121 (48)
60 -> 421 (160)
62 -> 330 (200)
64 -> 607 (33)
64 -> 630 (53)
65 -> 670 (174)
66 -> 330 (105)
67 -> 190 (54)
67 -> 458 (26)
67 -> 677 (58)
67 -> 795 (37)
70 -> 27 (149)
70 -> 32 (200)
70 -> 316 (93)
70 -> 343 (197)
70 -> 502 (151)
72 -> 421 (189)
73 -> 349 (18)
73 -> 468 (12)
73 -> 533 (34)
73 -> 550 (3)
73 -> 788 (56)
73 -> 799 (33)
75 -> 330 (131)
76 -> 330 (121)
79 -> 330 (193)
81 -> 26 (55)
81 -> 51 (38)
82 -> 343 (143)
83 -> 670 (120)
83 -> 692 (3)
84 -> 670 (168)
87 -> 581 (10)
90 -> 502 (120)
90 -> 677 (36)
91 -> 667 (124)
92 -> 330 (180)
93 -> 667 (146)
94 -> 670 (136)
95 -> 37 (7)
95 -> 579 (1)
95 -> 667 (87)
96 -> 330 (77)
96 -> 502 (109)
97 -> 502 (50)
99 -> 421 (167)
100 -> 330 (96)
100 -> 421 (66)
101 -> 677 (178)
102 -> 9 (111)
102 -> 38 (179)
102 -> 75 (131)
102 -> 90 (156)
102 -> 94 (119)
102 -> 117 (164)
102 -> 132 (154)
102 -> 176 (165)
102 -> 192 (192)
102 -> 207 (172)
102 -> 249 (150)
102 -> 279 (153)
102 -> 284 (139)
102 -> 392 (132)
102 -> 442 (186)
102 -> 481 (128)
102 -> 628 (141)
103 -> 330 (154)
104 -> 518 (102)
104 -> 767 (14)
105 -> 53 (182)
106 -> 478 (19)
107 -> 1 (144)
107 -> 20 (193)
107 -> 48 (144)
107 -> 52 (175)
107 -> 79 (153)
107 -> 92 (172)
107 -> 100 (162)
107 -> 145 (190)
107 -> 225 (196)
107 -> 431 (167)
107 -> 432 (197)
107 -> 515 (189)
107 -> 562 (123)
108 -> 667 (128)
110 -> 27 (185)
111 -> 667 (171)
113 -> 478 (139)
113 -> 670 (40)
114 -> 677 (87)
115 -> 478 (146)
116 -> 478 (157)
117 -> 667 (164)
118 -> 343 (113)
119 -> 670 (146)
121 -> 454 (188)
122 -> 76 (121)
122 -> 106 (19)
124 -> 478 (98)
127 -> 705 (127)
128 -> 502 (60)
129 -> 570 (20)
129 -> 632 (8)
130 -> 330 (200)
131 -> 27 (186)
132 -> 502 (179)
134 -> 502 (131)
136 -> 421 (147)
137 -> 205 (16)
137 -> 267 (42)
137 -> 305 (7)
137 -> 371 (72)
138 -> 343 (110)
139 -> 31 (127)
139 -> 43 (58)
140 -> 27 (133)
140 -> 670 (34)
141 -> 677 (116)
142 -> 421 (166)
143 -> 478 (125)
144 -> 330 (184)
145 -> 330 (162)
145 -> 670 (28)
147 -> 478 (13)
148 -> 330 (142)
148 -> 478 (9)
149 -> 631 (27)
149 -> 670 (98)
150 -> 15 (159)
150 -> 56 (156)
150 -> 66 (105)
150 -> 118 (113)
150 -> 130 (181)
150 -> 149 (125)
150 -> 152 (156)
150 -> 169 (119)
150 -> 318 (121)
150 -> 385 (155)
150 -> 396 (194)
150 -> 401 (193)
150 -> 473 (114)
150 -> 514 (113)
150 -> 584 (142)
150 -> 611 (166)
150 -> 671 (117)
150 -> 677 (170)
150 -> 760 (161)
150 -> 761 (145)
150 -> 765 (155)
151 -> 3 (136)
152 -> 421 (199)
155 -> 478 (118)
156 -> 330 (133)
157 -> 478 (151)
158 -> 502 (161)
159 -> 421 (155)
160 -> 502 (85)
161 -> 421 (105)
162 -> 421 (116)
164 -> 421 (145)
165 -> 349 (44)
165 -> 607 (78)
169 -> 343 (161)
170 -> 330 (111)
171 -> 677 (142)
173 -> 177 (85)
173 -> 421 (93)
174 -> 343 (195)
176 -> 670 (102)
176 -> 677 (63)
177 -> 502 (85)
178 -> 502 (24)
179 -> 17 (52)
179 -> 256 (54)
179 -> 306 (50)
179 -> 330 (27)
180 -> 478 (109)
181 -> 458 (36)
182 -> 677 (191)
183 -> 330 (147)
184 -> 82 (143)
184 -> 110 (185)
184 -> 131 (186)
184 -> 136 (147)
184 -> 213 (138)
184 -> 280 (46)
184 -> 478 (83)
185 -> 374 (26)
186 -> 670 (68)
188 -> 190 (28)
188 -> 335 (127)
189 -> 186 (4)
189 -> 670 (137)
190 -> 148 (151)
191 -> 670 (141)
192 -> 330 (197)
193 -> 330 (139)
193 -> 478 (60)
194 -> 769 (49)
197 -> 330 (160)
197 -> 670 (32)
198 -> 155 (118)
198 -> 796 (61)
201 -> 12 (182)
201 -> 14 (192)
201 -> 27 (172)
201 -> 144 (147)
201 -> 157 (151)
201 -> 226 (152)
201 -> 235 (198)
201 -> 260 (142)
201 -> 309 (139)
202 -> 502 (77)
203 -> 330 (121)
204 -> 336 (21)
204 -> 550 (96)
205 -> 670 (111)
206 -> 190 (46)
206 -> 677 (69)
207 -> 670 (172)
208 -> 730 (170)
209 -> 11 (120)
209 -> 42 (173)
209 -> 140 (167)
209 -> 180 (109)
209 -> 244 (146)
209 -> 273 (154)
209 -> 280 (111)
209 -> 288 (126)
209 -> 289 (133)
209 -> 294 (113)
209 -> 296 (106)
209 -> 344 (94)
209 -> 354 (127)
209 -> 398 (132)
209 -> 484 (154)
209 -> 489 (124)
209 -> 516 (86)
209 -> 540 (84)
209 -> 553 (86)
209 -> 677 (151)
211 -> 502 (175)
212 -> 667 (73)
213 -> 330 (137)
213 -> 677 (1)
214 -> 18 (92)
214 -> 57 (163)
214 -> 143 (125)
214 -> 183 (147)
214 -> 237 (162)
214 -> 262 (125)
214 -> 277 (185)
214 -> 281 (136)
214 -> 338 (111)
214 -> 361 (155)
214 -> 379 (165)
214 -> 382 (132)
214 -> 445 (136)
214 -> 493 (114)
214 -> 495 (196)
214 -> 554 (113)
214 -> 667 (110)
214 -> 723 (77)
215 -> 502 (113)
216 -> 714 (92)
217 -> 343 (178)
217 -> 677 (9)
219 -> 62 (69)
220 -> 670 (92)
221 -> 478 (133)
224 -> 330 (171)
224 -> 677 (29)
225 -> 330 (120)
225 -> 677 (76)
226 -> 330 (152)
227 -> 282 (43)
227 -> 550 (9)
227 -> 790 (14)
228 -> 256 (102)
229 -> 478 (176)
230 -> 649 (95)
230 -> 753 (21)
231 -> 330 (130)
231 -> 478 (50)
232 -> 330 (185)
233 -> 677 (117)
234 -> 502 (170)
235 -> 343 (177)
235 -> 421 (21)
236 -> 769 (42)
237 -> 677 (162)
238 -> 677 (173)
241 -> 502 (64)
244 -> 421 (146)
245 -> 677 (186)
246 -> 777 (16)
247 -> 670 (166)
248 -> 478 (89)
249 -> 330 (150)
250 -> 7 (165)
250 -> 23 (162)
250 -> 28 (154)
250 -> 60 (160)
250 -> 81 (93)
250 -> 134 (131)
250 -> 170 (111)
250 -> 171 (78)
250 -> 201 (112)
250 -> 232 (177)
250 -> 248 (81)
250 -> 285 (100)
250 -> 304 (189)
250 -> 365 (67)
250 -> 399 (92)
250 -> 407 (138)
250 -> 418 (111)
250 -> 427 (86)
250 -> 437 (118)
250 -> 456 (171)
250 -> 462 (140)
250 -> 463 (152)
250 -> 486 (173)
250 -> 491 (140)
250 -> 501 (188)
250 -> 503 (61)
250 -> 508 (116)
250 -> 510 (150)
250 -> 543 (118)
250 -> 569 (96)
250 -> 576 (43)
250 -> 578 (124)
250 -> 585 (191)
250 -> 603 (121)
250 -> 606 (146)
250 -> 626 (194)
250 -> 643 (129)
250 -> 655 (79)
250 -> 674 (176)
250 -> 676 (159)
250 -> 707 (112)
250 -> 709 (165)
250 -> 717 (190)
250 -> 719 (123)
250 -> 725 (78)
250 -> 743 (132)
250 -> 751 (126)
250 -> 752 (123)
251 -> 478 (167)
252 -> 306 (86)
253 -> 407 (16)
256 -> 421 (156)
257 -> 40 (50)
257 -> 65 (161)
257 -> 72 (118)
257 -> 95 (95)
257 -> 111 (140)
257 -> 156 (133)
257 -> 211 (175)
257 -> 215 (113)
257 -> 234 (94)
257 -> 288 (42)
257 -> 368 (152)
257 -> 383 (139)
257 -> 418 (55)
257 -> 453 (150)
257 -> 457 (151)
257 -> 476 (80)
257 -> 492 (83)
257 -> 504 (181)
257 -> 506 (200)
257 -> 512 (96)
257 -> 540 (111)
257 -> 583 (143)
257 -> 589 (165)
257 -> 593 (144)
257 -> 618 (56)
257 -> 624 (94)
257 -> 638 (122)
257 -> 640 (155)
257 -> 654 (109)
257 -> 666 (195)
257 -> 741 (156)
257 -> 748 (123)
258 -> 268 (48)
258 -> 330 (49)
260 -> 421 (142)
261 -> 101 (112)
261 -> 141 (54)
262 -> 421 (125)
263 -> 51 (13)
263 -> 670 (136)
265 -> 3 (50)
265 -> 776 (49)
267 -> 667 (74)
268 -> 478 (186)
269 -> 54 (119)
269 -> 171 (64)
269 -> 341 (74)
269 -> 374 (129)
269 -> 402 (164)
269 -> 408 (198)
270 -> 421 (134)
273 -> 330 (176)
274 -> 330 (135)
275 -> 478 (117)
277 -> 343 (186)
279 -> 27 (185)
280 -> 330 (157)
281 -> 421 (144)
282 -> 502 (60)
283 -> 677 (105)
283 -> 728 (83)
284 -> 502 (139)
285 -> 114 (87)
285 -> 238 (13)
287 -> 667 (159)
288 -> 27 (168)
289 -> 670 (152)
290 -> 670 (103)
291 -> 330 (101)
292 -> 343 (160)
293 -> 531 (52)
293 -> 632 (80)
293 -> 776 (25)
294 -> 667 (113)
296 -> 677 (106)
298 -> 667 (189)
299 -> 677 (185)
302 -> 51 (97)
302 -> 326 (28)
302 -> 421 (19)
304 -> 37 (15)
304 -> 670 (174)
305 -> 677 (94)
306 -> 677 (182)
309 -> 502 (136)
309 -> 670 (3)
310 -> 14 (2)
310 -> 670 (70)
311 -> 649 (67)
312 -> 330 (162)
313 -> 421 (158)
314 -> 570 (20)
315 -> 414 (35)
315 -> 789 (26)
316 -> 421 (61)
316 -> 670 (32)
318 -> 421 (121)
319 -> 45 (99)
320 -> 330 (99)
321 -> 330 (155)
322 -> 343 (146)
324 -> 667 (173)
325 -> 421 (153)
326 -> 670 (110)
327 -> 667 (88)
328 -> 421 (180)
335 -> 478 (190)
336 -> 478 (115)
337 -> 502 (148)
337 -> 767 (23)
338 -> 478 (111)
339 -> 567 (110)
340 -> 214 (122)
341 -> 667 (74)
342 -> 55 (89)
342 -> 72 (71)
342 -> 113 (179)
342 -> 203 (121)
342 -> 270 (123)
342 -> 274 (135)
342 -> 291 (101)
342 -> 320 (99)
342 -> 324 (107)
342 -> 345 (160)
342 -> 409 (93)
342 -> 419 (148)
342 -> 421 (106)
342 -> 465 (104)
342 -> 541 (109)
342 -> 547 (111)
342 -> 670 (93)
342 -> 686 (132)
343 -> 330 (149)
344 -> 478 (94)
345 -> 502 (187)
346 -> 478 (83)
347 -> 343 (111)
348 -> 36 (197)
348 -> 142 (166)
348 -> 189 (141)
348 -> 228 (102)
348 -> 238 (76)
348 -> 290 (103)
348 -> 292 (160)
348 -> 319 (99)
348 -> 362 (125)
348 -> 386 (196)
348 -> 395 (162)
348 -> 440 (179)
348 -> 478 (183)
348 -> 483 (126)
348 -> 521 (103)
348 -> 523 (150)
348 -> 546 (185)
348 -> 551 (142)
348 -> 566 (173)
348 -> 574 (165)
348 -> 575 (137)
348 -> 578 (61)
348 -> 614 (117)
348 -> 636 (130)
348 -> 657 (180)
348 -> 667 (57)
348 -> 678 (126)
348 -> 693 (108)
348 -> 697 (122)
348 -> 708 (138)
348 -> 719 (22)
348 -> 766 (137)
349 -> 343 (195)
350 -> 436 (97)
351 -> 592 (21)
351 -> 758 (27)
352 -> 436 (44)
352 -> 478 (156)
354 -> 670 (170)
355 -> 343 (197)
355 -> 502 (3)
356 -> 677 (182)
358 -> 16 (77)
358 -> 22 (152)
358 -> 99 (149)
358 -> 103 (154)
358 -> 162 (116)
358 -> 174 (190)
358 -> 298 (144)
358 -> 328 (104)
358 -> 355 (200)
358 -> 356 (98)
358 -> 387 (71)
358 -> 405 (145)
358 -> 439 (174)
358 -> 629 (155)
358 -> 644 (162)
358 -> 677 (140)
358 -> 772 (140)
359 -> 684 (33)
361 -> 330 (90)
361 -> 670 (65)
362 -> 343 (195)
364 -> 670 (57)
365 -> 93 (67)
366 -> 533 (122)
366 -> 616 (5)
366 -> 757 (19)
367 -> 343 (155)
368 -> 667 (164)
369 -> 343 (161)
369 -> 421 (21)
370 -> 459 (35)
371 -> 502 (161)
372 -> 405 (31)
374 -> 502 (155)
375 -> 502 (163)
377 -> 670 (39)
379 -> 421 (79)
379 -> 478 (86)
380 -> 330 (102)
382 -> 330 (132)
383 -> 421 (139)
385 -> 677 (200)
386 -> 178 (23)
386 -> 670 (173)
387 -> 502 (71)
388 -> 21 (126)
388 -> 34 (148)
388 -> 127 (125)
388 -> 179 (183)
388 -> 261 (166)
388 -> 263 (149)
388 -> 279 (32)
388 -> 349 (75)
388 -> 441 (146)
388 -> 478 (70)
388 -> 568 (32)
388 -> 594 (185)
388 -> 609 (70)
388 -> 612 (109)
388 -> 637 (181)
388 -> 646 (110)
388 -> 670 (125)
388 -> 702 (152)
388 -> 715 (129)
388 -> 720 (109)
388 -> 774 (156)
388 -> 784 (134)
389 -> 371 (59)
389 -> 459 (3)
390 -> 635 (136)
391 -> 231 (180)
392 -> 330 (132)
393 -> 766 (44)
395 -> 93 (79)
395 -> 186 (15)
395 -> 191 (8)
395 -> 212 (17)
395 -> 502 (43)
396 -> 421 (199)
397 -> 502 (63)
398 -> 670 (141)
399 -> 27 (119)
400 -> 572 (115)
401 -> 667 (193)
402 -> 330 (164)
403 -> 667 (130)
405 -> 343 (176)
407 -> 421 (171)
408 -> 667 (183)
408 -> 670 (15)
409 -> 421 (93)
410 -> 478 (93)
414 -> 421 (189)
415 -> 335 (63)
415 -> 505 (72)
415 -> 630 (46)
417 -> 564 (92)
418 -> 330 (166)
419 -> 421 (186)
423 -> 670 (189)
424 -> 421 (145)
426 -> 638 (6)
426 -> 649 (19)
426 -> 798 (140)
427 -> 677 (114)
428 -> 191 (133)
429 -> 670 (90)
431 -> 330 (167)
432 -> 478 (182)
432 -> 502 (15)
433 -> 459 (50)
433 -> 777 (34)
434 -> 670 (176)
436 -> 421 (141)
437 -> 267 (32)
437 -> 305 (66)
437 -> 640 (20)
438 -> 19 (167)
438 -> 56 (26)
438 -> 197 (192)
438 -> 287 (111)
438 -> 352 (200)
438 -> 449 (183)
438 -> 494 (123)
438 -> 634 (158)
439 -> 343 (167)
439 -> 502 (7)
440 -> 478 (138)
440 -> 502 (41)
441 -> 677 (189)
442 -> 421 (109)
442 -> 478 (77)
444 -> 4 (117)
444 -> 35 (135)
444 -> 70 (165)
444 -> 150 (182)
444 -> 198 (179)
444 -> 289 (19)
444 -> 302 (144)
444 -> 330 (22)
444 -> 391 (141)
444 -> 438 (44)
444 -> 476 (44)
444 -> 482 (133)
444 -> 509 (123)
444 -> 621 (106)
444 -> 632 (90)
444 -> 633 (78)
444 -> 645 (159)
444 -> 656 (158)
444 -> 662 (159)
444 -> 667 (122)
444 -> 670 (45)
444 -> 706 (136)
444 -> 718 (176)
444 -> 778 (115)
444 -> 786 (140)
445 -> 502 (136)
448 -> 330 (120)
448 -> 677 (28)
449 -> 343 (183)
450 -> 478 (142)
451 -> 326 (23)
451 -> 410 (88)
451 -> 592 (73)
451 -> 767 (16)
452 -> 130 (19)
452 -> 236 (9)
452 -> 282 (17)
453 -> 667 (177)
454 -> 330 (183)
454 -> 631 (5)
455 -> 667 (195)
456 -> 5 (91)
456 -> 138 (80)
457 -> 677 (156)
458 -> 27 (62)
459 -> 667 (88)
460 -> 330 (132)
461 -> 375 (47)
462 -> 121 (63)
462 -> 220 (77)
463 -> 37 (29)
463 -> 161 (105)
463 -> 505 (18)
464 -> 502 (76)
465 -> 478 (104)
468 -> 368 (12)
469 -> 371 (30)
469 -> 514 (10)
469 -> 757 (87)
469 -> 796 (20)
471 -> 330 (21)
472 -> 421 (123)
472 -> 630 (3)
472 -> 702 (17)
472 -> 757 (53)
473 -> 478 (114)
474 -> 773 (139)
476 -> 502 (124)
477 -> 30 (200)
477 -> 40 (111)
477 -> 44 (186)
477 -> 59 (48)
477 -> 64 (86)
477 -> 127 (2)
477 -> 208 (170)
477 -> 415 (181)
477 -> 421 (63)
477 -> 455 (97)
477 -> 485 (139)
477 -> 493 (86)
477 -> 502 (61)
477 -> 507 (102)
477 -> 509 (11)
477 -> 530 (156)
477 -> 581 (104)
477 -> 596 (123)
477 -> 721 (148)
477 -> 762 (49)
477 -> 777 (128)
477 -> 780 (140)
481 -> 330 (128)
482 -> 159 (16)
482 -> 233 (117)
483 -> 343 (126)
484 -> 478 (128)
484 -> 670 (26)
485 -> 330 (106)
485 -> 421 (33)
486 -> 152 (43)
486 -> 159 (130)
487 -> 62 (26)
487 -> 414 (80)
487 -> 677 (92)
488 -> 251 (27)
488 -> 330 (88)
489 -> 670 (124)
491 -> 241 (64)
491 -> 421 (76)
492 -> 421 (83)
493 -> 478 (200)
494 -> 677 (123)
495 -> 421 (100)
495 -> 670 (96)
496 -> 330 (133)
497 -> 478 (116)
501 -> 667 (197)
503 -> 37 (35)
503 -> 298 (26)
504 -> 421 (136)
504 -> 761 (45)
505 -> 667 (147)
506 -> 251 (10)
506 -> 667 (190)
507 -> 670 (126)
508 -> 29 (154)
508 -> 115 (146)
508 -> 137 (137)
508 -> 165 (122)
508 -> 173 (178)
508 -> 182 (130)
508 -> 193 (199)
508 -> 219 (69)
508 -> 236 (33)
508 -> 327 (88)
508 -> 421 (138)
508 -> 478 (16)
508 -> 522 (175)
508 -> 582 (121)
508 -> 598 (156)
508 -> 622 (120)
508 -> 627 (86)
508 -> 652 (176)
508 -> 667 (100)
508 -> 670 (193)
508 -> 672 (142)
508 -> 755 (136)
509 -> 421 (134)
510 -> 220 (15)
510 -> 268 (135)
511 -> 147 (13)
511 -> 502 (176)
512 -> 478 (190)
513 -> 403 (130)
513 -> 753 (50)
514 -> 343 (171)
515 -> 677 (189)
516 -> 677 (86)
517 -> 79 (40)
517 -> 108 (128)
517 -> 206 (115)
517 -> 322 (146)
517 -> 346 (67)
517 -> 347 (111)
517 -> 369 (182)
517 -> 423 (189)
517 -> 455 (98)
517 -> 460 (132)
517 -> 478 (61)
517 -> 670 (140)
517 -> 685 (107)
517 -> 713 (178)
517 -> 759 (190)
517 -> 791 (68)
517 -> 795 (54)
518 -> 380 (102)
519 -> 119 (28)
520 -> 670 (123)
521 -> 502 (103)
522 -> 667 (179)
523 -> 421 (154)
524 -> 343 (133)
524 -> 670 (30)
525 -> 141 (2)
525 -> 251 (29)
525 -> 336 (17)
525 -> 684 (8)
525 -> 701 (14)
525 -> 708 (29)
525 -> 753 (1)
526 -> 330 (164)
526 -> 434 (14)
527 -> 640 (15)
527 -> 798 (27)
529 -> 670 (163)
530 -> 17 (25)
530 -> 62 (12)
530 -> 478 (119)
531 -> 667 (186)
533 -> 677 (156)
534 -> 18 (52)
534 -> 23 (1)
534 -> 27 (102)
534 -> 39 (54)
534 -> 65 (13)
534 -> 99 (18)
534 -> 151 (136)
534 -> 188 (155)
534 -> 217 (187)
534 -> 230 (116)
534 -> 245 (144)
534 -> 258 (97)
534 -> 283 (188)
534 -> 293 (157)
534 -> 311 (67)
534 -> 354 (43)
534 -> 428 (133)
534 -> 451 (200)
534 -> 474 (127)
534 -> 502 (24)
534 -> 580 (109)
534 -> 610 (171)
534 -> 681 (190)
534 -> 746 (165)
534 -> 783 (141)
534 -> 794 (106)
534 -> 799 (105)
535 -> 754 (179)
536 -> 102 (112)
536 -> 399 (27)
536 -> 549 (187)
536 -> 555 (109)
536 -> 558 (185)
536 -> 734 (97)
537 -> 478 (178)
538 -> 478 (71)
540 -> 670 (195)
541 -> 677 (109)
542 -> 619 (143)
543 -> 343 (159)
544 -> 564 (103)
544 -> 789 (88)
545 -> 62 (24)
545 -> 478 (92)
546 -> 421 (171)
546 -> 502 (14)
547 -> 421 (111)
549 -> 502 (118)
550 -> 375 (116)
551 -> 478 (142)
553 -> 677 (86)
554 -> 478 (113)
555 -> 17 (7)
555 -> 94 (17)
555 -> 158 (10)
555 -> 281 (8)
555 -> 336 (12)
555 -> 345 (27)
555 -> 396 (5)
555 -> 427 (23)
558 -> 670 (191)
559 -> 667 (93)
561 -> 407 (11)
561 -> 478 (168)
562 -> 330 (123)
563 -> 514 (48)
563 -> 535 (19)
563 -> 638 (1)
563 -> 768 (36)
564 -> 667 (195)
566 -> 169 (42)
566 -> 229 (85)
566 -> 677 (46)
567 -> 478 (146)
568 -> 709 (32)
569 -> 39 (51)
569 -> 298 (19)
569 -> 325 (26)
570 -> 711 (47)
572 -> 667 (115)
573 -> 478 (103)
574 -> 17 (25)
574 -> 670 (140)
575 -> 45 (36)
575 -> 178 (1)
575 -> 251 (45)
575 -> 268 (3)
575 -> 677 (52)
576 -> 502 (140)
578 -> 343 (185)
579 -> 343 (195)
580 -> 141 (60)
580 -> 194 (49)
581 -> 478 (114)
582 -> 421 (163)
583 -> 330 (143)
584 -> 677 (142)
585 -> 37 (46)
585 -> 144 (37)
585 -> 164 (65)
585 -> 505 (43)
586 -> 522 (4)
586 -> 684 (115)
588 -> 424 (108)
588 -> 779 (38)
589 -> 159 (9)
589 -> 478 (156)
591 -> 343 (182)
592 -> 330 (94)
593 -> 478 (194)
594 -> 343 (168)
594 -> 421 (17)
596 -> 502 (123)
597 -> 343 (173)
598 -> 330 (131)
598 -> 502 (25)
599 -> 9 (67)
599 -> 129 (28)
599 -> 184 (121)
599 -> 202 (77)
599 -> 216 (92)
599 -> 248 (8)
599 -> 252 (86)
599 -> 257 (54)
599 -> 269 (127)
599 -> 299 (166)
599 -> 343 (140)
599 -> 351 (48)
599 -> 370 (35)
599 -> 426 (165)
599 -> 433 (84)
599 -> 452 (45)
599 -> 472 (196)
599 -> 488 (115)
599 -> 513 (180)
599 -> 526 (178)
599 -> 527 (42)
599 -> 537 (92)
599 -> 563 (104)
599 -> 601 (66)
599 -> 670 (101)
599 -> 689 (145)
599 -> 729 (181)
599 -> 750 (127)
599 -> 787 (185)
599 -> 788 (105)
599 -> 793 (106)
601 -> 790 (66)
603 -> 138 (30)
603 -> 238 (65)
603 -> 712 (26)
606 -> 313 (75)
606 -> 638 (43)
606 -> 653 (11)
606 -> 690 (17)
607 -> 667 (111)
608 -> 67 (175)
608 -> 73 (156)
608 -> 124 (98)
608 -> 139 (185)
608 -> 181 (36)
608 -> 204 (117)
608 -> 227 (66)
608 -> 265 (99)
608 -> 299 (19)
608 -> 314 (20)
608 -> 340 (122)
608 -> 342 (83)
608 -> 362 (70)
608 -> 366 (146)
608 -> 389 (62)
608 -> 457 (5)
608 -> 469 (147)
608 -> 487 (198)
608 -> 525 (100)
608 -> 614 (57)
608 -> 667 (165)
608 -> 669 (111)
608 -> 673 (89)
608 -> 683 (98)
608 -> 693 (11)
608 -> 696 (94)
608 -> 738 (45)
608 -> 747 (76)
609 -> 667 (143)
610 -> 349 (2)
610 -> 531 (18)
610 -> 682 (98)
610 -> 728 (53)
611 -> 670 (166)
612 -> 421 (109)
613 -> 670 (160)
613 -> 677 (33)
614 -> 421 (174)
615 -> 11 (1)
615 -> 16 (20)
615 -> 83 (123)
615 -> 111 (31)
615 -> 174 (5)
615 -> 287 (48)
615 -> 390 (136)
615 -> 441 (43)
615 -> 512 (94)
615 -> 517 (46)
615 -> 524 (163)
615 -> 529 (135)
615 -> 536 (97)
615 -> 653 (185)
615 -> 667 (148)
615 -> 675 (162)
615 -> 677 (75)
615 -> 682 (85)
615 -> 731 (95)
615 -> 782 (106)
616 -> 667 (150)
617 -> 478 (174)
618 -> 677 (56)
619 -> 677 (143)
621 -> 343 (106)
622 -> 677 (120)
624 -> 343 (94)
625 -> 667 (113)
625 -> 670 (7)
626 -> 325 (80)
626 -> 502 (114)
627 -> 502 (86)
628 -> 330 (141)
629 -> 502 (191)
630 -> 330 (128)
631 -> 330 (32)
632 -> 421 (178)
633 -> 17 (36)
633 -> 62 (42)
634 -> 421 (158)
635 -> 670 (136)
636 -> 343 (120)
636 -> 421 (10)
637 -> 502 (181)
638 -> 421 (172)
640 -> 421 (192)
643 -> 33 (178)
644 -> 330 (124)
644 -> 478 (38)
645 -> 84 (84)
645 -> 502 (171)
645 -> 616 (142)
645 -> 732 (17)
646 -> 478 (110)
649 -> 330 (181)
651 -> 27 (99)
651 -> 224 (200)
651 -> 232 (8)
651 -> 273 (22)
651 -> 385 (45)
651 -> 398 (9)
651 -> 421 (171)
651 -> 448 (148)
651 -> 478 (32)
651 -> 501 (9)
651 -> 523 (4)
651 -> 582 (42)
651 -> 588 (146)
651 -> 591 (83)
651 -> 597 (173)
651 -> 625 (120)
651 -> 667 (97)
651 -> 735 (49)
651 -> 746 (5)
651 -> 749 (140)
651 -> 762 (57)
652 -> 502 (176)
653 -> 343 (196)
654 -> 478 (190)
655 -> 330 (149)
656 -> 91 (81)
656 -> 121 (77)
657 -> 343 (169)
657 -> 677 (11)
659 -> 128 (60)
659 -> 358 (93)
659 -> 391 (39)
659 -> 393 (44)
659 -> 542 (73)
659 -> 593 (50)
659 -> 665 (183)
659 -> 697 (22)
659 -> 699 (140)
659 -> 762 (56)
660 -> 105 (139)
660 -> 132 (25)
660 -> 182 (61)
660 -> 324 (66)
660 -> 330 (129)
660 -> 337 (171)
660 -> 542 (70)
660 -> 544 (191)
660 -> 561 (179)
660 -> 617 (174)
660 -> 726 (5)
660 -> 728 (51)
660 -> 770 (168)
660 -> 775 (194)
662 -> 91 (43)
662 -> 336 (4)
662 -> 343 (112)
664 -> 502 (136)
665 -> 122 (140)
665 -> 474 (12)
665 -> 502 (27)
665 -> 767 (4)
666 -> 677 (141)
666 -> 745 (54)
668 -> 34 (27)
668 -> 35 (5)
668 -> 209 (169)
668 -> 270 (11)
668 -> 328 (76)
668 -> 397 (63)
668 -> 502 (200)
668 -> 549 (103)
668 -> 609 (73)
668 -> 643 (33)
668 -> 664 (134)
668 -> 749 (14)
669 -> 667 (111)
671 -> 667 (56)
671 -> 670 (61)
672 -> 330 (134)
672 -> 478 (8)
673 -> 306 (46)
673 -> 543 (40)
673 -> 692 (3)
674 -> 667 (109)
674 -> 670 (67)
675 -> 434 (162)
676 -> 421 (150)
676 -> 670 (9)
678 -> 667 (126)
679 -> 343 (167)
681 -> 192 (5)
681 -> 538 (71)
681 -> 758 (53)
681 -> 767 (61)
682 -> 478 (183)
683 -> 27 (94)
683 -> 461 (4)
684 -> 502 (156)
685 -> 670 (107)
686 -> 502 (132)
689 -> 478 (145)
690 -> 670 (112)
691 -> 12 (10)
691 -> 27 (165)
691 -> 84 (84)
691 -> 221 (75)
691 -> 246 (16)
691 -> 247 (162)
691 -> 321 (131)
691 -> 330 (12)
691 -> 343 (99)
691 -> 429 (85)
691 -> 497 (116)
691 -> 519 (28)
691 -> 545 (116)
691 -> 670 (171)
691 -> 736 (100)
691 -> 750 (40)
692 -> 558 (6)
693 -> 667 (119)
694 -> 190 (23)
694 -> 677 (152)
696 -> 427 (5)
696 -> 690 (82)
696 -> 758 (7)
697 -> 343 (144)
699 -> 330 (130)
699 -> 776 (10)
700 -> 677 (111)
701 -> 754 (14)
702 -> 667 (169)
704 -> 92 (8)
704 -> 330 (79)
704 -> 346 (16)
704 -> 400 (115)
704 -> 496 (133)
704 -> 573 (38)
704 -> 670 (53)
704 -> 714 (81)
705 -> 330 (156)
706 -> 186 (11)
706 -> 205 (37)
706 -> 505 (14)
706 -> 579 (12)
706 -> 629 (36)
706 -> 630 (26)
707 -> 26 (46)
707 -> 330 (66)
708 -> 330 (167)
709 -> 670 (197)
710 -> 87 (10)
710 -> 104 (116)
710 -> 247 (4)
710 -> 277 (1)
710 -> 312 (162)
710 -> 315 (61)
710 -> 321 (24)
710 -> 339 (100)
710 -> 450 (142)
710 -> 502 (187)
710 -> 529 (28)
710 -> 531 (116)
710 -> 549 (109)
710 -> 579 (182)
710 -> 586 (119)
710 -> 643 (16)
710 -> 667 (159)
710 -> 670 (11)
710 -> 679 (167)
710 -> 712 (107)
710 -> 736 (15)
710 -> 770 (9)
711 -> 478 (194)
712 -> 511 (189)
713 -> 421 (175)
713 -> 502 (3)
714 -> 330 (173)
715 -> 667 (129)
716 -> 27 (151)
716 -> 105 (43)
716 -> 107 (162)
716 -> 234 (76)
716 -> 388 (7)
716 -> 417 (92)
716 -> 429 (5)
716 -> 520 (123)
717 -> 478 (89)
717 -> 677 (98)
717 -> 745 (3)
718 -> 5 (63)
718 -> 97 (50)
718 -> 212 (56)
718 -> 251 (7)
719 -> 421 (145)
720 -> 667 (109)
721 -> 667 (161)
722 -> 39 (28)
722 -> 160 (85)
722 -> 305 (21)
722 -> 372 (31)
722 -> 421 (95)
722 -> 464 (76)
722 -> 478 (147)
722 -> 502 (183)
722 -> 535 (158)
722 -> 537 (86)
722 -> 576 (97)
722 -> 591 (99)
722 -> 711 (147)
722 -> 732 (60)
722 -> 776 (71)
722 -> 792 (147)
723 -> 677 (77)
725 -> 185 (26)
725 -> 339 (10)
725 -> 359 (33)
725 -> 535 (2)
725 -> 570 (7)
726 -> 410 (5)
728 -> 667 (187)
729 -> 229 (17)
729 -> 356 (84)
729 -> 407 (6)
729 -> 502 (74)
730 -> 330 (170)
731 -> 245 (42)
731 -> 690 (13)
731 -> 721 (13)
731 -> 767 (27)
732 -> 478 (174)
733 -> 330 (93)
733 -> 471 (21)
734 -> 350 (97)
735 -> 767 (49)
736 -> 667 (115)
737 -> 221 (58)
737 -> 330 (197)
737 -> 421 (162)
737 -> 478 (38)
737 -> 559 (59)
737 -> 670 (91)
737 -> 732 (97)
737 -> 796 (108)
738 -> 461 (43)
738 -> 640 (2)
741 -> 330 (156)
743 -> 26 (66)
743 -> 101 (66)
745 -> 364 (57)
746 -> 670 (170)
747 -> 414 (74)
747 -> 664 (2)
748 -> 330 (123)
749 -> 478 (154)
750 -> 478 (167)
751 -> 421 (126)
752 -> 275 (96)
752 -> 507 (24)
752 -> 616 (3)
753 -> 421 (128)
754 -> 613 (193)
755 -> 343 (105)
755 -> 421 (31)
757 -> 478 (159)
758 -> 330 (87)
759 -> 330 (190)
760 -> 670 (161)
761 -> 421 (190)
762 -> 330 (162)
765 -> 502 (155)
766 -> 330 (181)
767 -> 330 (194)
768 -> 567 (36)
769 -> 478 (91)
770 -> 343 (177)
772 -> 670 (140)
773 -> 677 (139)
774 -> 343 (156)
775 -> 62 (27)
775 -> 667 (167)
776 -> 421 (155)
777 -> 421 (178)
778 -> 45 (9)
778 -> 325 (47)
778 -> 326 (59)
779 -> 421 (38)
780 -> 330 (170)
782 -> 670 (106)
783 -> 421 (141)
784 -> 478 (134)
785 -> 27 (91)
785 -> 119 (118)
785 -> 186 (38)
785 -> 310 (72)
785 -> 313 (83)
785 -> 367 (155)
785 -> 419 (37)
785 -> 421 (34)
785 -> 478 (67)
785 -> 559 (34)
785 -> 655 (70)
785 -> 677 (51)
785 -> 780 (30)
786 -> 205 (58)
786 -> 229 (74)
786 -> 550 (8)
787 -> 275 (21)
787 -> 424 (37)
787 -> 670 (127)
788 -> 330 (161)
789 -> 733 (114)
790 -> 670 (80)
791 -> 677 (68)
792 -> 677 (188)
793 -> 502 (50)
793 -> 753 (56)
794 -> 667 (106)
795 -> 421 (91)
796 -> 478 (189)
797 -> 164 (80)
797 -> 253 (16)
797 -> 377 (39)
797 -> 419 (1)
797 -> 573 (65)
797 -> 654 (81)
797 -> 700 (111)
797 -> 712 (56)
797 -> 792 (41)
798 -> 667 (167)
799 -> 421 (138)
Fluxo: 72649
Arestas removidas: 55379

--Rotas do 3ยบ turno-----------------------------
0 -> 256 (56)
0 -> 494 (56)
1 -> 478 (7)
2 -> 327 (36)
2 -> 419 (89)
2 -> 787 (65)
3 -> 96 (32)
4 -> 220 (92)
4 -> 354 (25)
5 -> 502 (154)
6 -> 306 (4)
7 -> 421 (165)
9 -> 478 (178)
11 -> 541 (70)
11 -> 670 (121)
12 -> 201 (182)
14 -> 478 (83)
15 -> 677 (159)
16 -> 421 (97)
16 -> 620 (71)
17 -> 670 (145)
19 -> 670 (146)
21 -> 330 (79)
23 -> 670 (163)
26 -> 460 (15)
26 -> 638 (18)
27 -> 48 (11)
27 -> 421 (88)
28 -> 421 (151)
28 -> 478 (3)
30 -> 158 (151)
30 -> 281 (31)
30 -> 335 (18)
31 -> 478 (124)
31 -> 670 (3)
32 -> 421 (14)
33 -> 478 (71)
37 -> 421 (132)
40 -> 182 (104)
40 -> 419 (29)
43 -> 330 (58)
44 -> 99 (56)
44 -> 116 (130)
48 -> 502 (11)
49 -> 429 (5)
49 -> 434 (42)
50 -> 103 (90)
50 -> 118 (27)
52 -> 330 (114)
53 -> 330 (139)
55 -> 260 (28)
55 -> 670 (89)
56 -> 670 (12)
59 -> 121 (35)
59 -> 476 (51)
59 -> 488 (88)
60 -> 421 (160)
62 -> 330 (200)
63 -> 548 (152)
64 -> 108 (86)
65 -> 670 (157)
67 -> 55 (117)
67 -> 677 (58)
69 -> 583 (41)
70 -> 32 (14)
70 -> 502 (151)
71 -> 349 (196)
73 -> 622 (160)
77 -> 395 (74)
77 -> 612 (109)
80 -> 49 (47)
80 -> 593 (110)
81 -> 705 (65)
83 -> 491 (188)
84 -> 513 (16)
84 -> 670 (168)
87 -> 685 (107)
87 -> 690 (15)
92 -> 107 (7)
92 -> 330 (180)
94 -> 670 (136)
96 -> 330 (32)
97 -> 116 (13)
97 -> 502 (50)
97 -> 777 (16)
97 -> 787 (20)
99 -> 421 (167)
101 -> 677 (178)
103 -> 330 (154)
104 -> 377 (39)
104 -> 575 (52)
104 -> 652 (28)
104 -> 714 (40)
105 -> 53 (139)
107 -> 1 (7)
108 -> 476 (7)
108 -> 541 (29)
108 -> 618 (50)
109 -> 5 (11)
109 -> 354 (29)
109 -> 410 (93)
109 -> 419 (24)
111 -> 257 (140)
113 -> 478 (123)
114 -> 677 (87)
116 -> 478 (143)
118 -> 371 (27)
119 -> 670 (118)
120 -> 164 (12)
120 -> 346 (17)
120 -> 707 (63)
120 -> 732 (78)
121 -> 454 (155)
123 -> 281 (113)
124 -> 478 (98)
127 -> 344 (94)
127 -> 387 (34)
128 -> 228 (18)
128 -> 251 (78)
128 -> 502 (60)
128 -> 654 (9)
128 -> 757 (29)
129 -> 737 (142)
130 -> 330 (200)
132 -> 502 (179)
136 -> 421 (38)
137 -> 69 (16)
137 -> 205 (53)
137 -> 538 (71)
137 -> 757 (59)
138 -> 306 (9)
139 -> 31 (127)
139 -> 43 (58)
141 -> 677 (116)
144 -> 330 (184)
150 -> 56 (12)
150 -> 677 (170)
152 -> 421 (199)
155 -> 478 (118)
157 -> 478 (151)
158 -> 502 (151)
159 -> 421 (155)
160 -> 138 (2)
160 -> 502 (85)
161 -> 421 (105)
162 -> 421 (116)
164 -> 421 (145)
165 -> 12 (31)
169 -> 371 (2)
171 -> 677 (142)
174 -> 358 (140)
174 -> 583 (54)
175 -> 101 (178)
175 -> 541 (10)
178 -> 502 (24)
179 -> 330 (27)
180 -> 478 (18)
181 -> 238 (88)
182 -> 677 (191)
184 -> 136 (38)
184 -> 478 (83)
185 -> 374 (11)
186 -> 670 (68)
187 -> 161 (37)
187 -> 229 (61)
188 -> 335 (155)
189 -> 670 (137)
191 -> 670 (141)
192 -> 330 (197)
196 -> 766 (14)
198 -> 155 (118)
198 -> 162 (61)
201 -> 157 (151)
201 -> 226 (31)
202 -> 502 (77)
204 -> 305 (94)
204 -> 386 (48)
204 -> 573 (19)
204 -> 649 (12)
205 -> 670 (111)
208 -> 730 (170)
209 -> 180 (18)
209 -> 677 (151)
211 -> 502 (140)
217 -> 677 (167)
220 -> 670 (92)
221 -> 478 (133)
224 -> 330 (171)
224 -> 677 (29)
226 -> 330 (31)
227 -> 17 (66)
228 -> 574 (18)
229 -> 478 (176)
230 -> 419 (4)
231 -> 330 (130)
231 -> 478 (11)
232 -> 330 (185)
233 -> 677 (117)
234 -> 502 (170)
238 -> 677 (173)
241 -> 502 (64)
241 -> 705 (34)
244 -> 371 (2)
244 -> 421 (146)
245 -> 677 (144)
246 -> 251 (89)
246 -> 453 (43)
247 -> 670 (166)
248 -> 478 (89)
250 -> 7 (165)
250 -> 23 (162)
250 -> 28 (154)
250 -> 60 (160)
250 -> 676 (23)
251 -> 478 (167)
252 -> 306 (9)
253 -> 345 (63)
253 -> 407 (128)
254 -> 371 (9)
254 -> 626 (22)
254 -> 714 (19)
254 -> 796 (19)
256 -> 421 (156)
257 -> 211 (140)
258 -> 330 (49)
258 -> 419 (38)
259 -> 186 (2)
260 -> 421 (126)
261 -> 638 (43)
263 -> 670 (136)
265 -> 3 (32)
265 -> 15 (159)
268 -> 478 (186)
270 -> 421 (134)
273 -> 330 (176)
274 -> 330 (135)
275 -> 478 (117)
281 -> 421 (144)
282 -> 502 (60)
283 -> 294 (59)
283 -> 536 (119)
287 -> 179 (25)
287 -> 441 (3)
287 -> 566 (28)
289 -> 670 (152)
291 -> 330 (101)
293 -> 777 (34)
293 -> 792 (41)
293 -> 796 (51)
294 -> 130 (3)
294 -> 185 (11)
294 -> 618 (6)
294 -> 664 (2)
294 -> 741 (37)
299 -> 677 (185)
300 -> 221 (58)
300 -> 409 (93)
300 -> 523 (16)
300 -> 526 (27)
302 -> 244 (148)
304 -> 670 (174)
305 -> 677 (94)
306 -> 677 (161)
307 -> 325 (123)
308 -> 589 (15)
308 -> 611 (16)
310 -> 14 (83)
310 -> 670 (70)
312 -> 330 (162)
312 -> 529 (16)
313 -> 421 (158)
314 -> 263 (75)
314 -> 282 (42)
315 -> 414 (111)
318 -> 421 (121)
319 -> 121 (120)
319 -> 601 (31)
320 -> 330 (99)
321 -> 330 (131)
324 -> 69 (25)
324 -> 169 (2)
324 -> 576 (3)
324 -> 626 (61)
324 -> 690 (97)
324 -> 741 (6)
325 -> 421 (153)
326 -> 670 (110)
327 -> 178 (24)
327 -> 574 (12)
328 -> 421 (180)
335 -> 478 (190)
336 -> 478 (115)
337 -> 502 (148)
337 -> 640 (23)
339 -> 356 (100)
340 -> 386 (125)
342 -> 113 (123)
343 -> 355 (189)
344 -> 478 (94)
345 -> 502 (63)
346 -> 478 (83)
347 -> 274 (7)
348 -> 478 (108)
349 -> 274 (73)
349 -> 583 (48)
349 -> 640 (30)
349 -> 732 (36)
349 -> 784 (9)
351 -> 592 (65)
354 -> 670 (170)
355 -> 502 (189)
356 -> 677 (182)
358 -> 677 (140)
362 -> 26 (33)
362 -> 396 (80)
363 -> 396 (70)
365 -> 336 (3)
365 -> 460 (5)
366 -> 533 (123)
366 -> 626 (23)
367 -> 343 (34)
370 -> 498 (200)
371 -> 502 (161)
372 -> 682 (98)
372 -> 741 (88)
374 -> 502 (11)
377 -> 670 (39)
385 -> 677 (200)
386 -> 670 (173)
387 -> 502 (71)
388 -> 670 (125)
389 -> 171 (142)
389 -> 441 (23)
391 -> 231 (141)
395 -> 502 (43)
395 -> 705 (31)
396 -> 421 (199)
397 -> 318 (47)
397 -> 502 (63)
398 -> 670 (141)
400 -> 191 (51)
400 -> 320 (26)
400 -> 325 (9)
400 -> 465 (100)
400 -> 489 (5)
407 -> 421 (128)
409 -> 421 (93)
410 -> 478 (93)
414 -> 421 (189)
415 -> 186 (28)
415 -> 238 (85)
415 -> 260 (47)
415 -> 576 (21)
419 -> 421 (186)
420 -> 282 (1)
420 -> 460 (76)
423 -> 670 (174)
424 -> 421 (124)
426 -> 574 (23)
428 -> 191 (64)
428 -> 252 (9)
428 -> 589 (52)
429 -> 670 (90)
431 -> 330 (22)
434 -> 670 (173)
437 -> 318 (74)
437 -> 593 (48)
437 -> 646 (1)
441 -> 677 (189)
443 -> 424 (1)
444 -> 4 (117)
444 -> 50 (117)
444 -> 70 (165)
444 -> 150 (182)
444 -> 198 (179)
444 -> 289 (152)
444 -> 302 (144)
444 -> 391 (141)
444 -> 476 (66)
444 -> 482 (166)
444 -> 509 (123)
444 -> 632 (90)
444 -> 633 (78)
444 -> 645 (171)
444 -> 656 (165)
444 -> 662 (159)
444 -> 667 (122)
444 -> 670 (45)
444 -> 706 (136)
444 -> 718 (176)
444 -> 778 (115)
444 -> 786 (140)
448 -> 330 (120)
448 -> 677 (28)
450 -> 164 (53)
450 -> 478 (142)
452 -> 282 (17)
452 -> 655 (10)
452 -> 784 (28)
453 -> 306 (43)
454 -> 330 (155)
455 -> 293 (126)
457 -> 308 (31)
457 -> 347 (7)
457 -> 677 (156)
458 -> 507 (6)
458 -> 646 (109)
458 -> 767 (2)
460 -> 330 (132)
464 -> 313 (25)
464 -> 502 (76)
465 -> 478 (104)
469 -> 275 (117)
469 -> 291 (73)
472 -> 161 (18)
472 -> 421 (123)
472 -> 576 (13)
473 -> 478 (114)
476 -> 502 (124)
477 -> 30 (200)
477 -> 40 (133)
477 -> 44 (186)
477 -> 59 (174)
477 -> 64 (86)
477 -> 127 (128)
477 -> 208 (170)
477 -> 415 (181)
477 -> 421 (63)
477 -> 455 (97)
477 -> 485 (139)
477 -> 493 (122)
477 -> 502 (61)
477 -> 507 (102)
477 -> 530 (156)
477 -> 581 (104)
477 -> 596 (123)
477 -> 659 (54)
477 -> 721 (148)
477 -> 762 (49)
477 -> 777 (128)
477 -> 797 (140)
482 -> 103 (64)
482 -> 114 (87)
482 -> 159 (15)
485 -> 330 (106)
485 -> 421 (33)
487 -> 62 (26)
487 -> 191 (26)
487 -> 202 (54)
487 -> 677 (92)
488 -> 330 (88)
489 -> 670 (124)
491 -> 234 (43)
491 -> 254 (69)
491 -> 421 (76)
493 -> 478 (200)
494 -> 677 (123)
496 -> 330 (133)
497 -> 478 (116)
498 -> 97 (99)
498 -> 196 (14)
498 -> 335 (6)
498 -> 640 (7)
498 -> 762 (46)
498 -> 790 (28)
499 -> 414 (78)
499 -> 592 (20)
501 -> 230 (4)
501 -> 263 (61)
507 -> 670 (126)
508 -> 421 (131)
509 -> 421 (134)
512 -> 478 (190)
513 -> 753 (16)
519 -> 652 (148)
520 -> 489 (43)
520 -> 670 (123)
520 -> 767 (17)
523 -> 421 (154)
524 -> 670 (122)
525 -> 130 (87)
525 -> 141 (98)
526 -> 330 (164)
529 -> 670 (163)
530 -> 17 (25)
530 -> 189 (10)
530 -> 478 (119)
530 -> 741 (2)
531 -> 94 (74)
531 -> 387 (18)
531 -> 434 (24)
532 -> 526 (137)
532 -> 627 (52)
533 -> 677 (147)
534 -> 65 (157)
534 -> 99 (111)
534 -> 188 (155)
534 -> 217 (167)
534 -> 245 (144)
534 -> 354 (116)
534 -> 502 (24)
534 -> 746 (165)
534 -> 783 (141)
534 -> 794 (22)
534 -> 799 (105)
535 -> 81 (59)
535 -> 356 (82)
535 -> 537 (17)
536 -> 558 (185)
537 -> 478 (178)
538 -> 478 (71)
541 -> 677 (109)
544 -> 192 (125)
544 -> 795 (66)
545 -> 478 (92)
545 -> 533 (24)
548 -> 637 (70)
548 -> 776 (82)
549 -> 502 (118)
549 -> 634 (79)
557 -> 17 (54)
557 -> 320 (25)
558 -> 670 (185)
561 -> 335 (11)
561 -> 478 (168)
563 -> 241 (98)
563 -> 585 (10)
565 -> 37 (27)
565 -> 161 (50)
566 -> 677 (46)
571 -> 458 (117)
573 -> 478 (103)
574 -> 670 (100)
575 -> 677 (52)
576 -> 502 (140)
578 -> 419 (2)
578 -> 611 (10)
578 -> 629 (55)
579 -> 465 (4)
579 -> 529 (12)
579 -> 632 (35)
579 -> 640 (26)
579 -> 649 (105)
581 -> 478 (104)
582 -> 421 (163)
583 -> 330 (143)
585 -> 762 (10)
586 -> 388 (125)
586 -> 592 (2)
588 -> 424 (123)
588 -> 779 (23)
589 -> 478 (67)
591 -> 313 (40)
591 -> 611 (82)
592 -> 330 (87)
593 -> 478 (194)
596 -> 502 (123)
597 -> 478 (173)
599 -> 9 (138)
599 -> 184 (121)
599 -> 299 (166)
599 -> 351 (48)
599 -> 426 (23)
599 -> 689 (145)
599 -> 750 (49)
601 -> 574 (31)
603 -> 304 (103)
606 -> 81 (6)
606 -> 638 (6)
606 -> 784 (55)
606 -> 787 (42)
608 -> 67 (175)
608 -> 73 (156)
608 -> 124 (98)
608 -> 139 (185)
608 -> 181 (88)
608 -> 204 (173)
608 -> 227 (66)
608 -> 265 (191)
608 -> 299 (19)
608 -> 300 (194)
608 -> 314 (117)
608 -> 340 (125)
608 -> 342 (123)
608 -> 362 (113)
608 -> 366 (146)
608 -> 389 (165)
608 -> 469 (190)
608 -> 487 (198)
608 -> 525 (185)
608 -> 614 (62)
608 -> 667 (165)
608 -> 669 (112)
608 -> 673 (89)
608 -> 683 (127)
608 -> 693 (108)
608 -> 738 (108)
608 -> 747 (190)
609 -> 371 (88)
610 -> 138 (7)
610 -> 443 (1)
610 -> 627 (34)
611 -> 670 (166)
612 -> 421 (109)
614 -> 421 (174)
615 -> 11 (191)
615 -> 77 (183)
615 -> 83 (76)
615 -> 441 (163)
615 -> 512 (149)
615 -> 524 (122)
615 -> 529 (135)
615 -> 536 (66)
615 -> 653 (109)
615 -> 667 (128)
615 -> 677 (75)
615 -> 682 (85)
617 -> 478 (174)
618 -> 677 (56)
620 -> 33 (71)
622 -> 460 (36)
622 -> 574 (4)
622 -> 677 (120)
625 -> 670 (96)
626 -> 502 (114)
627 -> 502 (86)
629 -> 502 (183)
630 -> 330 (128)
632 -> 421 (178)
633 -> 62 (78)
634 -> 421 (79)
637 -> 502 (181)
638 -> 421 (172)
640 -> 421 (191)
642 -> 371 (33)
642 -> 494 (7)
642 -> 593 (36)
642 -> 637 (111)
645 -> 502 (171)
646 -> 478 (110)
649 -> 330 (117)
651 -> 23 (1)
651 -> 27 (99)
651 -> 174 (194)
651 -> 224 (200)
651 -> 232 (167)
651 -> 273 (93)
651 -> 307 (123)
651 -> 385 (165)
651 -> 398 (72)
651 -> 421 (171)
651 -> 448 (148)
651 -> 478 (32)
651 -> 501 (65)
651 -> 512 (41)
651 -> 523 (49)
651 -> 571 (99)
651 -> 588 (146)
651 -> 597 (173)
651 -> 603 (103)
651 -> 625 (96)
651 -> 746 (5)
651 -> 749 (140)
651 -> 762 (57)
652 -> 502 (176)
653 -> 606 (109)
654 -> 478 (190)
655 -> 330 (149)
656 -> 144 (123)
656 -> 784 (42)
659 -> 250 (161)
659 -> 699 (151)
660 -> 105 (139)
660 -> 132 (128)
660 -> 182 (87)
660 -> 187 (98)
660 -> 330 (129)
660 -> 337 (171)
660 -> 544 (191)
660 -> 561 (179)
660 -> 617 (174)
660 -> 726 (183)
660 -> 770 (168)
660 -> 775 (194)
661 -> 152 (38)
661 -> 291 (28)
661 -> 320 (42)
661 -> 566 (18)
661 -> 614 (35)
661 -> 626 (8)
662 -> 159 (140)
662 -> 387 (19)
664 -> 502 (136)
667 -> 52 (114)
668 -> 209 (169)
668 -> 232 (18)
668 -> 328 (166)
668 -> 397 (110)
668 -> 502 (200)
668 -> 532 (189)
668 -> 557 (79)
668 -> 609 (88)
668 -> 664 (134)
668 -> 749 (14)
669 -> 336 (112)
673 -> 260 (32)
673 -> 268 (57)
676 -> 421 (23)
679 -> 343 (155)
679 -> 748 (42)
682 -> 478 (183)
683 -> 21 (17)
683 -> 130 (110)
685 -> 670 (107)
687 -> 396 (49)
687 -> 489 (23)
687 -> 574 (12)
688 -> 473 (114)
688 -> 614 (77)
689 -> 478 (145)
690 -> 670 (112)
691 -> 9 (40)
691 -> 12 (151)
691 -> 16 (168)
691 -> 84 (184)
691 -> 129 (138)
691 -> 221 (75)
691 -> 246 (132)
691 -> 247 (162)
691 -> 321 (131)
691 -> 330 (12)
691 -> 385 (35)
691 -> 429 (85)
691 -> 497 (116)
691 -> 509 (11)
691 -> 519 (148)
691 -> 523 (32)
691 -> 545 (116)
691 -> 563 (108)
691 -> 571 (18)
691 -> 670 (171)
691 -> 725 (161)
691 -> 736 (100)
691 -> 738 (66)
691 -> 742 (153)
691 -> 750 (118)
693 -> 348 (108)
696 -> 229 (115)
696 -> 578 (67)
699 -> 6 (4)
699 -> 330 (130)
699 -> 351 (17)
700 -> 141 (18)
700 -> 179 (2)
700 -> 677 (111)
700 -> 741 (23)
704 -> 0 (112)
704 -> 80 (157)
704 -> 92 (187)
704 -> 248 (89)
704 -> 283 (178)
704 -> 287 (56)
704 -> 330 (79)
704 -> 370 (170)
704 -> 400 (191)
704 -> 457 (194)
704 -> 493 (78)
704 -> 496 (133)
704 -> 508 (131)
704 -> 565 (77)
704 -> 611 (58)
704 -> 670 (53)
704 -> 688 (191)
704 -> 714 (81)
705 -> 330 (130)
706 -> 365 (8)
706 -> 629 (128)
707 -> 330 (63)
710 -> 2 (190)
710 -> 63 (152)
710 -> 71 (191)
710 -> 73 (4)
710 -> 87 (122)
710 -> 104 (159)
710 -> 129 (4)
710 -> 270 (134)
710 -> 312 (178)
710 -> 315 (111)
710 -> 339 (100)
710 -> 428 (125)
710 -> 437 (123)
710 -> 450 (195)
710 -> 502 (187)
710 -> 531 (116)
710 -> 549 (197)
710 -> 579 (182)
710 -> 582 (138)
710 -> 586 (127)
710 -> 661 (169)
710 -> 667 (114)
710 -> 679 (197)
710 -> 712 (107)
710 -> 719 (200)
711 -> 478 (147)
712 -> 434 (107)
714 -> 330 (173)
716 -> 21 (62)
718 -> 5 (143)
718 -> 523 (33)
719 -> 274 (55)
719 -> 421 (145)
721 -> 731 (148)
722 -> 109 (157)
722 -> 111 (121)
722 -> 120 (170)
722 -> 160 (87)
722 -> 165 (31)
722 -> 175 (188)
722 -> 189 (127)
722 -> 319 (151)
722 -> 421 (95)
722 -> 452 (55)
722 -> 455 (29)
722 -> 464 (101)
722 -> 478 (147)
722 -> 502 (183)
722 -> 520 (183)
722 -> 523 (24)
722 -> 535 (158)
722 -> 537 (161)
722 -> 576 (103)
722 -> 591 (122)
722 -> 696 (182)
722 -> 711 (147)
722 -> 724 (167)
722 -> 732 (60)
722 -> 776 (71)
722 -> 782 (125)
722 -> 792 (147)
722 -> 793 (142)
724 -> 247 (4)
724 -> 326 (110)
724 -> 489 (53)
725 -> 152 (161)
726 -> 233 (117)
726 -> 346 (66)
730 -> 330 (170)
731 -> 261 (43)
731 -> 640 (105)
732 -> 478 (174)
735 -> 632 (53)
735 -> 638 (105)
735 -> 714 (33)
736 -> 256 (100)
737 -> 330 (197)
737 -> 421 (74)
738 -> 423 (174)
741 -> 330 (156)
742 -> 202 (23)
742 -> 259 (2)
742 -> 630 (128)
746 -> 670 (170)
747 -> 162 (55)
747 -> 268 (129)
747 -> 320 (6)
748 -> 330 (42)
749 -> 478 (154)
750 -> 478 (167)
753 -> 421 (16)
757 -> 478 (88)
762 -> 330 (162)
766 -> 330 (14)
767 -> 330 (19)
770 -> 192 (72)
770 -> 306 (96)
775 -> 19 (36)
775 -> 62 (96)
775 -> 94 (62)
776 -> 421 (153)
777 -> 421 (178)
778 -> 37 (105)
778 -> 313 (10)
779 -> 421 (23)
780 -> 330 (170)
782 -> 260 (19)
782 -> 670 (106)
783 -> 421 (141)
784 -> 478 (134)
785 -> 71 (5)
785 -> 83 (112)
785 -> 111 (19)
785 -> 119 (118)
785 -> 123 (113)
785 -> 128 (194)
785 -> 132 (51)
785 -> 137 (199)
785 -> 186 (38)
785 -> 234 (127)
785 -> 258 (87)
785 -> 273 (83)
785 -> 302 (4)
785 -> 304 (71)
785 -> 310 (153)
785 -> 313 (83)
785 -> 363 (70)
785 -> 367 (34)
785 -> 370 (30)
785 -> 372 (186)
785 -> 420 (77)
785 -> 421 (34)
785 -> 472 (154)
785 -> 478 (67)
785 -> 582 (25)
785 -> 599 (109)
785 -> 610 (42)
785 -> 615 (140)
785 -> 642 (187)
785 -> 655 (139)
785 -> 677 (51)
785 -> 687 (84)
785 -> 735 (191)
785 -> 780 (170)
786 -> 144 (61)
786 -> 205 (58)
786 -> 325 (21)
787 -> 670 (127)
790 -> 670 (28)
792 -> 677 (188)
793 -> 328 (14)
793 -> 494 (60)
793 -> 502 (50)
793 -> 507 (18)
794 -> 431 (22)
795 -> 421 (66)
796 -> 478 (70)
797 -> 19 (110)
797 -> 164 (80)
797 -> 253 (191)
797 -> 324 (194)
797 -> 398 (69)
797 -> 499 (98)
797 -> 573 (84)
797 -> 654 (181)
797 -> 700 (154)
799 -> 421 (105)
Fluxo: 35060
Arestas removidas: 62981

--Rotas do 4ยบ turno-----------------------------
0 -> 162 (110)
0 -> 256 (2)
1 -> 478 (7)
5 -> 502 (134)
9 -> 478 (178)
11 -> 670 (65)
12 -> 201 (182)
14 -> 478 (83)
15 -> 677 (159)
16 -> 421 (97)
17 -> 670 (145)
19 -> 670 (146)
21 -> 330 (79)
23 -> 670 (157)
27 -> 48 (11)
27 -> 421 (88)
31 -> 478 (124)
31 -> 670 (3)
37 -> 421 (132)
43 -> 330 (58)
48 -> 502 (11)
53 -> 330 (139)
55 -> 670 (89)
62 -> 330 (40)
67 -> 55 (89)
67 -> 677 (58)
70 -> 502 (151)
71 -> 349 (193)
73 -> 622 (120)
80 -> 99 (40)
80 -> 268 (117)
83 -> 491 (126)
84 -> 670 (168)
92 -> 107 (7)
92 -> 330 (180)
97 -> 502 (50)
99 -> 421 (167)
101 -> 677 (178)
103 -> 330 (154)
105 -> 53 (139)
107 -> 1 (7)
109 -> 5 (103)
109 -> 182 (16)
109 -> 191 (38)
111 -> 257 (140)
113 -> 478 (123)
114 -> 677 (87)
119 -> 670 (118)
120 -> 164 (131)
120 -> 202 (39)
121 -> 387 (68)
121 -> 409 (38)
121 -> 454 (14)
123 -> 281 (135)
124 -> 478 (98)
128 -> 202 (6)
128 -> 251 (78)
128 -> 354 (50)
128 -> 502 (60)
129 -> 737 (138)
130 -> 330 (200)
132 -> 502 (179)
137 -> 205 (100)
137 -> 263 (71)
137 -> 325 (25)
137 -> 387 (3)
139 -> 31 (127)
139 -> 43 (58)
144 -> 330 (184)
150 -> 677 (170)
152 -> 421 (77)
155 -> 478 (118)
157 -> 478 (151)
159 -> 421 (155)
160 -> 37 (2)
160 -> 502 (85)
161 -> 421 (31)
162 -> 421 (116)
164 -> 421 (145)
165 -> 12 (182)
171 -> 677 (142)
174 -> 358 (140)
174 -> 583 (54)
175 -> 101 (178)
175 -> 152 (10)
179 -> 330 (25)
180 -> 478 (18)
181 -> 238 (94)
182 -> 677 (191)
184 -> 478 (57)
186 -> 670 (38)
187 -> 99 (4)
187 -> 103 (76)
187 -> 159 (18)
189 -> 670 (137)
191 -> 670 (141)
192 -> 330 (197)
201 -> 157 (151)
201 -> 226 (31)
202 -> 502 (77)
204 -> 114 (87)
204 -> 305 (86)
205 -> 670 (111)
209 -> 180 (18)
209 -> 677 (151)
211 -> 502 (140)
220 -> 670 (92)
221 -> 478 (133)
224 -> 330 (171)
224 -> 677 (29)
226 -> 330 (31)
227 -> 17 (66)
229 -> 478 (176)
229 -> 566 (6)
232 -> 330 (185)
233 -> 677 (117)
234 -> 502 (170)
238 -> 677 (94)
241 -> 502 (64)
244 -> 152 (2)
244 -> 421 (146)
246 -> 251 (89)
247 -> 670 (166)
248 -> 478 (89)
251 -> 478 (167)
256 -> 421 (156)
257 -> 211 (140)
258 -> 312 (38)
258 -> 330 (49)
263 -> 670 (136)
265 -> 15 (159)
265 -> 144 (32)
268 -> 478 (186)
270 -> 421 (134)
273 -> 330 (176)
274 -> 330 (117)
275 -> 478 (117)
281 -> 421 (135)
282 -> 502 (60)
283 -> 294 (137)
283 -> 536 (41)
287 -> 179 (25)
287 -> 275 (31)
289 -> 670 (27)
291 -> 330 (101)
293 -> 21 (47)
293 -> 346 (7)
293 -> 541 (72)
294 -> 130 (124)
294 -> 275 (9)
294 -> 320 (4)
299 -> 677 (172)
300 -> 220 (28)
300 -> 221 (58)
300 -> 312 (53)
300 -> 409 (55)
302 -> 244 (148)
304 -> 670 (174)
305 -> 677 (94)
307 -> 99 (123)
310 -> 14 (83)
310 -> 670 (70)
312 -> 330 (162)
313 -> 421 (158)
314 -> 159 (117)
318 -> 421 (121)
319 -> 121 (120)
319 -> 601 (31)
320 -> 330 (16)
321 -> 330 (131)
325 -> 421 (153)
326 -> 670 (110)
328 -> 421 (180)
335 -> 478 (28)
336 -> 478 (55)
337 -> 502 (148)
337 -> 640 (23)
340 -> 386 (161)
342 -> 113 (123)
343 -> 355 (155)
344 -> 478 (94)
346 -> 478 (83)
349 -> 130 (76)
349 -> 274 (117)
354 -> 670 (57)
355 -> 502 (155)
356 -> 677 (109)
358 -> 677 (140)
362 -> 396 (80)
363 -> 318 (70)
366 -> 103 (34)
366 -> 344 (94)
366 -> 533 (18)
367 -> 343 (155)
370 -> 498 (200)
371 -> 502 (81)
372 -> 573 (103)
372 -> 614 (30)
372 -> 682 (53)
385 -> 677 (200)
386 -> 670 (161)
387 -> 502 (71)
389 -> 171 (142)
389 -> 441 (23)
395 -> 502 (8)
396 -> 421 (80)
397 -> 155 (47)
397 -> 502 (63)
398 -> 670 (72)
400 -> 162 (6)
400 -> 191 (51)
400 -> 241 (61)
400 -> 268 (69)
400 -> 320 (4)
409 -> 421 (93)
420 -> 275 (77)
424 -> 421 (123)
429 -> 670 (85)
441 -> 677 (65)
444 -> 70 (151)
444 -> 150 (170)
444 -> 289 (27)
448 -> 330 (120)
448 -> 677 (28)
450 -> 478 (77)
452 -> 37 (30)
452 -> 282 (17)
452 -> 320 (8)
454 -> 330 (14)
455 -> 293 (126)
457 -> 450 (38)
457 -> 677 (156)
458 -> 312 (44)
458 -> 336 (55)
464 -> 155 (25)
464 -> 502 (76)
469 -> 103 (44)
469 -> 313 (14)
469 -> 371 (81)
472 -> 161 (31)
472 -> 421 (123)
473 -> 478 (114)
477 -> 485 (139)
477 -> 493 (122)
477 -> 507 (102)
477 -> 530 (119)
477 -> 581 (104)
477 -> 596 (78)
485 -> 330 (106)
485 -> 421 (33)
487 -> 677 (92)
488 -> 330 (16)
491 -> 234 (43)
491 -> 354 (7)
491 -> 421 (76)
493 -> 478 (200)
496 -> 330 (133)
497 -> 478 (116)
498 -> 97 (50)
498 -> 191 (49)
498 -> 318 (51)
498 -> 325 (22)
498 -> 335 (28)
501 -> 263 (65)
507 -> 670 (102)
508 -> 421 (131)
509 -> 421 (85)
512 -> 478 (177)
519 -> 652 (148)
520 -> 144 (25)
520 -> 152 (35)
520 -> 670 (123)
523 -> 421 (112)
526 -> 330 (164)
530 -> 478 (119)
532 -> 526 (164)
532 -> 627 (25)
533 -> 677 (18)
535 -> 191 (3)
535 -> 356 (109)
535 -> 450 (39)
535 -> 523 (7)
536 -> 558 (41)
537 -> 478 (161)
541 -> 677 (72)
544 -> 192 (125)
544 -> 719 (66)
545 -> 62 (24)
545 -> 478 (92)
557 -> 17 (79)
558 -> 670 (41)
561 -> 144 (11)
561 -> 478 (168)
565 -> 37 (40)
565 -> 155 (37)
566 -> 677 (6)
571 -> 458 (99)
573 -> 478 (103)
576 -> 502 (103)
581 -> 478 (104)
582 -> 421 (138)
583 -> 330 (54)
588 -> 424 (123)
588 -> 779 (23)
591 -> 37 (60)
591 -> 192 (40)
591 -> 291 (22)
596 -> 502 (78)
597 -> 478 (173)
599 -> 9 (52)
599 -> 184 (57)
601 -> 5 (31)
603 -> 304 (103)
608 -> 67 (147)
608 -> 73 (120)
608 -> 124 (98)
608 -> 139 (185)
608 -> 181 (94)
608 -> 204 (173)
608 -> 227 (66)
608 -> 265 (191)
608 -> 299 (172)
608 -> 300 (194)
608 -> 314 (117)
608 -> 340 (155)
608 -> 342 (123)
608 -> 362 (80)
608 -> 366 (146)
608 -> 389 (165)
608 -> 469 (139)
608 -> 487 (92)
608 -> 614 (62)
609 -> 182 (88)
610 -> 441 (42)
611 -> 670 (58)
614 -> 421 (153)
615 -> 11 (65)
615 -> 677 (75)
617 -> 478 (174)
622 -> 677 (120)
625 -> 670 (96)
627 -> 502 (25)
640 -> 421 (23)
642 -> 155 (9)
642 -> 220 (64)
642 -> 241 (3)
642 -> 313 (18)
642 -> 325 (69)
642 -> 328 (14)
642 -> 346 (10)
651 -> 23 (157)
651 -> 27 (99)
651 -> 174 (194)
651 -> 224 (200)
651 -> 232 (167)
651 -> 273 (93)
651 -> 307 (123)
651 -> 385 (165)
651 -> 398 (72)
651 -> 421 (171)
651 -> 448 (148)
651 -> 477 (169)
651 -> 478 (32)
651 -> 501 (65)
651 -> 512 (177)
651 -> 523 (49)
651 -> 571 (99)
651 -> 588 (146)
651 -> 597 (173)
651 -> 603 (103)
651 -> 625 (96)
651 -> 746 (166)
651 -> 749 (140)
651 -> 762 (57)
652 -> 502 (148)
655 -> 330 (139)
660 -> 105 (139)
660 -> 132 (128)
660 -> 182 (87)
660 -> 187 (98)
660 -> 330 (129)
660 -> 337 (171)
660 -> 544 (191)
660 -> 561 (179)
660 -> 617 (174)
660 -> 726 (183)
660 -> 770 (168)
660 -> 775 (194)
664 -> 502 (134)
668 -> 209 (169)
668 -> 232 (18)
668 -> 328 (166)
668 -> 397 (110)
668 -> 502 (200)
668 -> 532 (189)
668 -> 557 (79)
668 -> 609 (88)
668 -> 664 (134)
668 -> 691 (188)
668 -> 749 (14)
682 -> 478 (53)
687 -> 205 (11)
687 -> 282 (43)
687 -> 313 (30)
688 -> 473 (114)
688 -> 488 (16)
688 -> 614 (61)
691 -> 9 (126)
691 -> 16 (97)
691 -> 84 (168)
691 -> 129 (138)
691 -> 221 (75)
691 -> 246 (89)
691 -> 247 (162)
691 -> 321 (131)
691 -> 330 (12)
691 -> 385 (35)
691 -> 429 (85)
691 -> 444 (157)
691 -> 497 (116)
691 -> 509 (85)
691 -> 519 (148)
691 -> 523 (32)
691 -> 545 (116)
691 -> 670 (171)
691 -> 725 (30)
691 -> 750 (138)
696 -> 229 (182)
704 -> 0 (112)
704 -> 80 (157)
704 -> 92 (187)
704 -> 248 (89)
704 -> 283 (178)
704 -> 287 (56)
704 -> 330 (79)
704 -> 370 (170)
704 -> 400 (191)
704 -> 457 (194)
704 -> 493 (78)
704 -> 496 (133)
704 -> 508 (131)
704 -> 565 (77)
704 -> 608 (95)
704 -> 611 (58)
704 -> 651 (31)
704 -> 670 (53)
704 -> 688 (191)
704 -> 714 (81)
710 -> 270 (134)
710 -> 312 (27)
710 -> 502 (187)
711 -> 478 (147)
714 -> 330 (81)
719 -> 421 (66)
722 -> 109 (157)
722 -> 111 (121)
722 -> 120 (170)
722 -> 160 (87)
722 -> 165 (163)
722 -> 175 (188)
722 -> 189 (127)
722 -> 319 (151)
722 -> 421 (95)
722 -> 452 (55)
722 -> 455 (126)
722 -> 464 (101)
722 -> 478 (147)
722 -> 502 (183)
722 -> 520 (183)
722 -> 523 (24)
722 -> 535 (158)
722 -> 537 (161)
722 -> 576 (103)
722 -> 591 (122)
722 -> 696 (182)
722 -> 711 (147)
722 -> 724 (167)
722 -> 732 (60)
722 -> 776 (71)
722 -> 782 (125)
722 -> 792 (147)
722 -> 793 (142)
724 -> 189 (10)
724 -> 202 (27)
724 -> 247 (4)
724 -> 305 (8)
724 -> 326 (110)
724 -> 395 (8)
725 -> 152 (30)
726 -> 233 (117)
726 -> 346 (66)
732 -> 478 (60)
735 -> 256 (154)
735 -> 325 (37)
737 -> 330 (138)
746 -> 670 (166)
749 -> 478 (154)
750 -> 478 (138)
762 -> 330 (57)
770 -> 144 (116)
770 -> 159 (20)
770 -> 192 (32)
775 -> 19 (146)
775 -> 21 (32)
775 -> 62 (16)
776 -> 421 (71)
779 -> 421 (23)
780 -> 330 (170)
782 -> 164 (14)
782 -> 202 (5)
782 -> 670 (106)
785 -> 71 (193)
785 -> 83 (126)
785 -> 111 (19)
785 -> 119 (118)
785 -> 123 (135)
785 -> 128 (194)
785 -> 132 (51)
785 -> 137 (199)
785 -> 165 (19)
785 -> 186 (38)
785 -> 234 (127)
785 -> 258 (87)
785 -> 273 (83)
785 -> 302 (148)
785 -> 304 (71)
785 -> 310 (153)
785 -> 313 (83)
785 -> 340 (6)
785 -> 363 (70)
785 -> 367 (155)
785 -> 370 (30)
785 -> 372 (186)
785 -> 420 (77)
785 -> 421 (34)
785 -> 472 (154)
785 -> 478 (67)
785 -> 582 (138)
785 -> 599 (109)
785 -> 610 (42)
785 -> 615 (140)
785 -> 642 (187)
785 -> 655 (139)
785 -> 677 (51)
785 -> 687 (84)
785 -> 735 (191)
785 -> 780 (170)
792 -> 677 (147)
793 -> 291 (79)
793 -> 313 (13)
793 -> 502 (50)
Fluxo: 21485
Arestas removidas: 63003

--Rotas do 5ยบ turno-----------------------------
0 -> 114 (44)
0 -> 162 (68)
9 -> 478 (5)
17 -> 670 (145)
19 -> 670 (88)
37 -> 421 (14)
53 -> 330 (122)
80 -> 99 (157)
84 -> 670 (56)
92 -> 330 (180)
99 -> 421 (167)
105 -> 53 (122)
114 -> 677 (87)
119 -> 670 (118)
124 -> 478 (25)
128 -> 502 (60)
132 -> 502 (179)
155 -> 478 (4)
162 -> 421 (83)
180 -> 478 (18)
182 -> 677 (87)
186 -> 670 (38)
191 -> 670 (51)
209 -> 180 (18)
209 -> 677 (151)
221 -> 478 (9)
232 -> 330 (121)
234 -> 502 (127)
241 -> 502 (25)
248 -> 478 (89)
258 -> 330 (49)
273 -> 330 (149)
287 -> 84 (56)
304 -> 670 (7)
328 -> 421 (166)
337 -> 502 (148)
397 -> 114 (43)
397 -> 155 (4)
397 -> 502 (63)
400 -> 17 (66)
400 -> 124 (25)
400 -> 162 (15)
400 -> 191 (51)
400 -> 221 (9)
400 -> 241 (25)
450 -> 478 (28)
457 -> 99 (10)
457 -> 450 (28)
457 -> 677 (156)
493 -> 478 (87)
496 -> 330 (133)
508 -> 421 (131)
526 -> 330 (164)
532 -> 526 (164)
532 -> 627 (25)
557 -> 17 (79)
561 -> 478 (168)
565 -> 37 (14)
609 -> 19 (88)
611 -> 670 (58)
617 -> 478 (174)
627 -> 502 (25)
651 -> 421 (171)
651 -> 478 (8)
660 -> 105 (122)
660 -> 132 (128)
660 -> 182 (87)
660 -> 330 (129)
660 -> 337 (148)
660 -> 561 (168)
660 -> 617 (174)
664 -> 502 (134)
668 -> 209 (169)
668 -> 232 (121)
668 -> 328 (166)
668 -> 397 (110)
668 -> 502 (200)
668 -> 532 (189)
668 -> 557 (79)
668 -> 609 (88)
668 -> 664 (134)
668 -> 691 (188)
668 -> 749 (124)
668 -> 785 (42)
691 -> 9 (5)
691 -> 330 (12)
691 -> 670 (171)
704 -> 0 (112)
704 -> 80 (157)
704 -> 92 (180)
704 -> 248 (89)
704 -> 287 (56)
704 -> 330 (79)
704 -> 400 (191)
704 -> 457 (194)
704 -> 493 (87)
704 -> 496 (133)
704 -> 508 (131)
704 -> 565 (14)
704 -> 611 (58)
704 -> 651 (179)
704 -> 670 (53)
704 -> 714 (81)
714 -> 330 (81)
722 -> 421 (95)
722 -> 478 (51)
749 -> 478 (124)
785 -> 119 (118)
785 -> 128 (60)
785 -> 132 (51)
785 -> 186 (38)
785 -> 234 (127)
785 -> 258 (49)
785 -> 273 (149)
785 -> 304 (7)
785 -> 421 (34)
785 -> 478 (67)
785 -> 677 (51)
Fluxo: 5215
Arestas removidas: 63003

--Rotas do 6ยบ turno-----------------------------
9 -> 478 (5)
15 -> 677 (15)
17 -> 670 (79)
19 -> 670 (88)
114 -> 677 (43)
128 -> 502 (4)
130 -> 330 (6)
180 -> 478 (18)
209 -> 180 (18)
209 -> 677 (151)
232 -> 330 (121)
328 -> 421 (166)
397 -> 114 (43)
397 -> 128 (4)
397 -> 502 (63)
526 -> 15 (15)
526 -> 330 (164)
532 -> 526 (179)
532 -> 627 (10)
557 -> 17 (79)
609 -> 19 (88)
627 -> 130 (6)
627 -> 502 (4)
664 -> 502 (134)
668 -> 209 (169)
668 -> 232 (121)
668 -> 328 (166)
668 -> 397 (110)
668 -> 502 (200)
668 -> 532 (189)
668 -> 557 (79)
668 -> 609 (88)
668 -> 664 (134)
668 -> 691 (188)
668 -> 749 (124)
668 -> 785 (42)
691 -> 9 (5)
691 -> 330 (12)
691 -> 670 (171)
749 -> 478 (124)
785 -> 421 (34)
785 -> 478 (8)
Fluxo: 1610
Arestas removidas: 63003

--Rotas do 7ยบ turno-----------------------------
9 -> 478 (5)
15 -> 677 (15)
17 -> 670 (145)
19 -> 670 (88)
33 -> 478 (39)
90 -> 677 (120)
96 -> 330 (48)
114 -> 677 (43)
130 -> 330 (10)
141 -> 677 (29)
155 -> 478 (67)
180 -> 478 (18)
209 -> 180 (18)
209 -> 677 (151)
232 -> 330 (121)
328 -> 421 (166)
397 -> 114 (43)
397 -> 155 (67)
502 -> 90 (120)
502 -> 96 (48)
502 -> 478 (32)
526 -> 15 (15)
526 -> 330 (164)
532 -> 526 (179)
532 -> 627 (10)
557 -> 17 (79)
609 -> 19 (88)
627 -> 130 (10)
664 -> 17 (66)
664 -> 33 (39)
664 -> 141 (29)
668 -> 209 (169)
668 -> 232 (121)
668 -> 328 (166)
668 -> 397 (110)
668 -> 502 (200)
668 -> 532 (189)
668 -> 557 (79)
668 -> 609 (88)
668 -> 664 (134)
668 -> 691 (188)
668 -> 749 (124)
668 -> 785 (42)
691 -> 9 (5)
691 -> 330 (12)
691 -> 670 (171)
749 -> 478 (124)
785 -> 421 (34)
785 -> 478 (8)
Fluxo: 1610
Arestas removidas: 63003

--Rotas do 8ยบ turno-----------------------------
209 -> 677 (151)
232 -> 330 (86)
668 -> 209 (151)
668 -> 232 (86)
Fluxo: 237
Arestas removidas: 63003

Populaรงรฃo evacuada: 234839 de 234839 UTs
O tempo total para evacuar 100.00% da populaรงรฃo รฉ: 8 unidades de tempo.
