--Rotas do 1ยบ turno-----------------------------
0 -> 442 (153)
0 -> 767 (10)
1 -> 599 (193)
2 -> 396 (75)
4 -> 50 (146)
5 -> 383 (92)
5 -> 599 (36)
7 -> 50 (192)
8 -> 40 (163)
8 -> 767 (136)
9 -> 619 (161)
11 -> 40 (154)
11 -> 396 (34)
12 -> 40 (138)
12 -> 815 (44)
13 -> 767 (141)
14 -> 396 (189)
16 -> 383 (45)
17 -> 50 (83)
17 -> 396 (63)
18 -> 50 (142)
19 -> 40 (116)
20 -> 767 (176)
21 -> 442 (159)
23 -> 619 (195)
24 -> 40 (178)
24 -> 599 (7)
25 -> 396 (163)
26 -> 815 (196)
27 -> 383 (152)
29 -> 442 (87)
29 -> 837 (43)
30 -> 442 (89)
30 -> 599 (97)
30 -> 767 (11)
31 -> 40 (194)
32 -> 50 (161)
33 -> 383 (75)
33 -> 925 (86)
34 -> 17 (146)
34 -> 20 (144)
34 -> 27 (142)
34 -> 29 (130)
34 -> 32 (137)
34 -> 36 (179)
34 -> 40 (67)
34 -> 45 (157)
34 -> 102 (170)
34 -> 124 (44)
34 -> 186 (155)
34 -> 210 (145)
34 -> 220 (137)
34 -> 225 (72)
34 -> 233 (186)
34 -> 239 (140)
34 -> 244 (136)
34 -> 257 (97)
34 -> 258 (184)
34 -> 260 (99)
34 -> 285 (176)
34 -> 321 (110)
34 -> 324 (171)
34 -> 342 (166)
34 -> 345 (53)
34 -> 385 (127)
34 -> 386 (200)
34 -> 441 (138)
34 -> 450 (59)
34 -> 510 (83)
34 -> 516 (121)
34 -> 565 (109)
34 -> 684 (105)
34 -> 720 (72)
34 -> 743 (133)
34 -> 768 (154)
34 -> 775 (150)
34 -> 778 (113)
34 -> 842 (173)
34 -> 849 (138)
34 -> 870 (162)
34 -> 951 (110)
34 -> 953 (132)
34 -> 960 (73)
34 -> 965 (66)
35 -> 815 (95)
36 -> 196 (71)
36 -> 442 (108)
37 -> 599 (172)
38 -> 4 (141)
38 -> 21 (131)
38 -> 31 (149)
38 -> 39 (161)
38 -> 40 (49)
38 -> 42 (97)
38 -> 67 (147)
38 -> 72 (105)
38 -> 74 (185)
38 -> 80 (95)
38 -> 83 (155)
38 -> 91 (163)
38 -> 99 (197)
38 -> 100 (168)
38 -> 103 (144)
38 -> 133 (86)
38 -> 139 (106)
38 -> 141 (69)
38 -> 152 (200)
38 -> 167 (123)
38 -> 220 (12)
38 -> 237 (140)
38 -> 277 (180)
38 -> 282 (112)
38 -> 289 (158)
38 -> 297 (145)
38 -> 311 (137)
38 -> 315 (112)
38 -> 317 (188)
38 -> 322 (97)
38 -> 325 (121)
38 -> 330 (158)
38 -> 341 (141)
38 -> 346 (135)
38 -> 348 (76)
38 -> 369 (143)
38 -> 380 (176)
38 -> 400 (158)
38 -> 404 (184)
38 -> 415 (189)
38 -> 419 (160)
38 -> 420 (159)
38 -> 434 (192)
38 -> 443 (119)
38 -> 474 (117)
38 -> 510 (71)
38 -> 515 (37)
38 -> 532 (76)
38 -> 582 (199)
38 -> 598 (152)
38 -> 609 (132)
38 -> 640 (149)
38 -> 755 (139)
38 -> 771 (134)
38 -> 818 (140)
38 -> 848 (175)
38 -> 929 (19)
38 -> 932 (146)
38 -> 975 (16)
38 -> 976 (35)
38 -> 991 (174)
39 -> 40 (185)
41 -> 396 (83)
42 -> 599 (165)
43 -> 514 (115)
43 -> 599 (25)
44 -> 514 (81)
44 -> 815 (32)
45 -> 383 (180)
47 -> 50 (111)
47 -> 767 (82)
48 -> 442 (68)
48 -> 767 (79)
49 -> 396 (157)
51 -> 40 (161)
51 -> 396 (22)
52 -> 815 (166)
53 -> 767 (74)
54 -> 40 (185)
55 -> 396 (152)
55 -> 514 (40)
56 -> 396 (188)
56 -> 599 (5)
57 -> 0 (163)
57 -> 19 (116)
57 -> 44 (113)
57 -> 48 (147)
57 -> 50 (120)
57 -> 52 (156)
57 -> 97 (178)
57 -> 118 (102)
57 -> 137 (153)
57 -> 142 (100)
57 -> 146 (70)
57 -> 150 (165)
57 -> 158 (148)
57 -> 166 (172)
57 -> 172 (170)
57 -> 173 (127)
57 -> 178 (116)
57 -> 179 (102)
57 -> 202 (190)
57 -> 270 (98)
57 -> 295 (144)
57 -> 373 (108)
57 -> 477 (83)
57 -> 505 (108)
57 -> 514 (136)
57 -> 593 (71)
57 -> 604 (18)
57 -> 767 (116)
58 -> 8 (188)
58 -> 24 (185)
58 -> 25 (131)
58 -> 49 (90)
58 -> 61 (139)
58 -> 64 (139)
58 -> 82 (138)
58 -> 251 (195)
58 -> 257 (87)
58 -> 432 (38)
58 -> 466 (82)
59 -> 599 (130)
60 -> 815 (11)
61 -> 50 (139)
62 -> 383 (152)
63 -> 442 (163)
63 -> 767 (7)
64 -> 599 (155)
65 -> 40 (159)
66 -> 619 (197)
67 -> 619 (191)
68 -> 442 (186)
68 -> 671 (6)
69 -> 50 (74)
70 -> 767 (194)
71 -> 767 (81)
71 -> 815 (88)
72 -> 514 (53)
72 -> 619 (52)
73 -> 514 (162)
74 -> 40 (155)
74 -> 165 (6)
74 -> 316 (4)
74 -> 711 (20)
75 -> 40 (106)
75 -> 396 (5)
76 -> 40 (97)
77 -> 40 (178)
77 -> 767 (15)
78 -> 619 (192)
79 -> 396 (184)
79 -> 815 (16)
80 -> 50 (114)
81 -> 396 (135)
81 -> 599 (24)
82 -> 442 (154)
83 -> 396 (189)
84 -> 40 (192)
85 -> 514 (113)
85 -> 999 (13)
86 -> 56 (193)
86 -> 78 (116)
86 -> 98 (75)
86 -> 106 (157)
86 -> 123 (141)
86 -> 130 (102)
86 -> 147 (101)
86 -> 164 (100)
86 -> 170 (176)
86 -> 200 (171)
86 -> 223 (183)
86 -> 232 (59)
86 -> 291 (96)
86 -> 309 (159)
86 -> 393 (58)
86 -> 394 (68)
86 -> 396 (184)
86 -> 409 (87)
86 -> 422 (125)
86 -> 485 (173)
86 -> 584 (82)
86 -> 599 (117)
86 -> 678 (191)
86 -> 739 (168)
86 -> 750 (87)
86 -> 767 (71)
86 -> 775 (50)
86 -> 780 (163)
87 -> 196 (45)
87 -> 883 (42)
88 -> 514 (139)
89 -> 442 (143)
89 -> 815 (17)
91 -> 619 (164)
93 -> 50 (192)
94 -> 815 (163)
95 -> 350 (192)
96 -> 40 (111)
96 -> 50 (60)
97 -> 383 (186)
98 -> 383 (190)
99 -> 50 (108)
99 -> 514 (89)
100 -> 396 (190)
101 -> 599 (176)
102 -> 396 (104)
102 -> 431 (17)
102 -> 588 (11)
102 -> 621 (10)
102 -> 663 (28)
103 -> 383 (126)
103 -> 671 (18)
104 -> 767 (194)
105 -> 40 (139)
106 -> 442 (157)
107 -> 396 (186)
109 -> 619 (148)
110 -> 23 (191)
110 -> 81 (159)
110 -> 121 (168)
110 -> 191 (141)
110 -> 208 (107)
110 -> 222 (132)
110 -> 235 (173)
110 -> 266 (128)
110 -> 273 (183)
110 -> 282 (67)
110 -> 298 (146)
110 -> 320 (86)
110 -> 344 (182)
110 -> 368 (117)
110 -> 383 (53)
110 -> 392 (149)
110 -> 418 (83)
110 -> 447 (170)
110 -> 478 (151)
110 -> 493 (165)
110 -> 526 (77)
110 -> 550 (170)
110 -> 616 (148)
110 -> 643 (101)
110 -> 659 (162)
110 -> 765 (144)
110 -> 824 (110)
110 -> 838 (122)
110 -> 861 (116)
110 -> 877 (74)
110 -> 931 (23)
111 -> 50 (168)
111 -> 815 (13)
112 -> 396 (166)
113 -> 619 (186)
114 -> 514 (125)
115 -> 599 (89)
116 -> 18 (142)
116 -> 33 (161)
116 -> 43 (140)
116 -> 121 (14)
116 -> 165 (163)
116 -> 205 (1)
116 -> 210 (27)
116 -> 261 (144)
116 -> 274 (71)
116 -> 305 (150)
116 -> 396 (70)
116 -> 405 (64)
116 -> 551 (107)
116 -> 585 (129)
116 -> 617 (148)
116 -> 622 (95)
116 -> 666 (149)
116 -> 667 (86)
116 -> 767 (110)
116 -> 792 (87)
116 -> 861 (9)
116 -> 884 (69)
116 -> 895 (105)
116 -> 906 (39)
116 -> 907 (77)
116 -> 923 (19)
116 -> 931 (162)
118 -> 396 (183)
119 -> 50 (190)
120 -> 383 (131)
121 -> 442 (182)
122 -> 599 (107)
123 -> 514 (197)
124 -> 204 (26)
124 -> 374 (14)
124 -> 614 (4)
125 -> 11 (188)
125 -> 16 (45)
125 -> 35 (95)
125 -> 40 (66)
125 -> 63 (170)
125 -> 68 (192)
125 -> 94 (163)
125 -> 98 (115)
125 -> 163 (197)
125 -> 204 (127)
125 -> 214 (135)
125 -> 251 (1)
125 -> 255 (79)
125 -> 257 (14)
125 -> 272 (156)
125 -> 301 (171)
125 -> 310 (133)
125 -> 323 (166)
125 -> 327 (157)
125 -> 340 (93)
125 -> 343 (148)
125 -> 389 (174)
125 -> 393 (80)
125 -> 397 (107)
125 -> 411 (22)
125 -> 438 (200)
125 -> 445 (120)
125 -> 452 (172)
125 -> 472 (120)
125 -> 476 (197)
125 -> 490 (102)
125 -> 499 (126)
125 -> 554 (148)
125 -> 560 (140)
125 -> 569 (163)
125 -> 588 (145)
125 -> 592 (189)
125 -> 599 (190)
125 -> 698 (92)
125 -> 725 (124)
125 -> 738 (156)
125 -> 751 (130)
125 -> 755 (59)
125 -> 767 (54)
125 -> 788 (170)
125 -> 824 (47)
125 -> 838 (60)
125 -> 871 (110)
125 -> 872 (60)
125 -> 983 (172)
127 -> 40 (123)
127 -> 619 (35)
128 -> 383 (99)
129 -> 50 (187)
130 -> 50 (147)
131 -> 50 (121)
131 -> 514 (2)
132 -> 599 (85)
133 -> 40 (96)
134 -> 383 (179)
135 -> 127 (158)
137 -> 40 (153)
138 -> 767 (170)
139 -> 505 (11)
139 -> 634 (51)
139 -> 802 (29)
139 -> 807 (15)
140 -> 50 (107)
140 -> 815 (11)
141 -> 442 (115)
142 -> 619 (100)
143 -> 599 (165)
144 -> 767 (102)
144 -> 815 (98)
145 -> 767 (123)
146 -> 815 (70)
147 -> 442 (101)
148 -> 5 (128)
148 -> 54 (167)
148 -> 140 (118)
148 -> 158 (49)
148 -> 184 (111)
148 -> 229 (183)
148 -> 242 (94)
148 -> 281 (182)
148 -> 288 (130)
148 -> 299 (154)
148 -> 396 (126)
148 -> 421 (100)
148 -> 425 (148)
148 -> 429 (164)
148 -> 440 (190)
148 -> 442 (119)
148 -> 444 (113)
148 -> 457 (130)
148 -> 483 (177)
148 -> 500 (120)
148 -> 545 (150)
148 -> 570 (111)
148 -> 572 (147)
148 -> 580 (181)
148 -> 622 (98)
148 -> 623 (101)
148 -> 626 (198)
148 -> 683 (83)
148 -> 694 (131)
148 -> 794 (66)
148 -> 858 (179)
148 -> 907 (104)
148 -> 970 (131)
148 -> 971 (160)
148 -> 984 (76)
148 -> 990 (186)
149 -> 769 (36)
150 -> 383 (165)
151 -> 479 (141)
152 -> 767 (164)
152 -> 815 (36)
153 -> 70 (164)
153 -> 77 (193)
153 -> 93 (130)
153 -> 113 (180)
153 -> 129 (183)
153 -> 131 (123)
153 -> 169 (96)
153 -> 173 (65)
153 -> 177 (180)
153 -> 212 (65)
153 -> 216 (120)
153 -> 221 (157)
153 -> 231 (158)
153 -> 284 (189)
153 -> 326 (113)
153 -> 354 (83)
153 -> 357 (146)
153 -> 363 (192)
153 -> 370 (161)
153 -> 391 (108)
153 -> 412 (196)
153 -> 435 (96)
153 -> 446 (158)
153 -> 464 (92)
153 -> 482 (140)
153 -> 487 (130)
153 -> 497 (80)
153 -> 503 (188)
153 -> 504 (196)
153 -> 543 (193)
153 -> 553 (168)
153 -> 559 (173)
153 -> 586 (173)
153 -> 589 (175)
153 -> 624 (89)
153 -> 638 (142)
153 -> 646 (114)
153 -> 660 (111)
153 -> 689 (148)
153 -> 767 (55)
153 -> 793 (141)
153 -> 800 (181)
153 -> 825 (152)
153 -> 837 (103)
153 -> 948 (181)
154 -> 686 (25)
155 -> 40 (63)
156 -> 514 (169)
156 -> 619 (24)
157 -> 383 (162)
158 -> 40 (197)
159 -> 396 (75)
160 -> 442 (163)
162 -> 396 (127)
163 -> 442 (97)
163 -> 619 (77)
163 -> 674 (23)
164 -> 442 (165)
165 -> 514 (169)
166 -> 619 (195)
167 -> 40 (123)
168 -> 7 (151)
168 -> 14 (171)
168 -> 21 (28)
168 -> 54 (18)
168 -> 79 (200)
168 -> 84 (127)
168 -> 85 (126)
168 -> 101 (149)
168 -> 135 (137)
168 -> 160 (163)
168 -> 190 (162)
168 -> 195 (117)
168 -> 263 (110)
168 -> 352 (138)
168 -> 360 (141)
168 -> 379 (90)
168 -> 491 (14)
168 -> 621 (127)
168 -> 714 (192)
168 -> 746 (126)
168 -> 859 (118)
168 -> 904 (38)
168 -> 941 (146)
168 -> 998 (65)
169 -> 50 (96)
170 -> 442 (176)
171 -> 514 (139)
172 -> 599 (146)
172 -> 619 (24)
173 -> 599 (192)
174 -> 1 (169)
174 -> 26 (137)
174 -> 71 (169)
174 -> 105 (124)
174 -> 111 (181)
174 -> 218 (172)
174 -> 249 (169)
174 -> 328 (178)
174 -> 340 (67)
174 -> 382 (149)
174 -> 396 (42)
174 -> 418 (59)
174 -> 460 (157)
174 -> 537 (182)
174 -> 539 (166)
174 -> 546 (127)
174 -> 559 (19)
174 -> 566 (90)
174 -> 578 (106)
174 -> 600 (192)
174 -> 608 (113)
174 -> 611 (170)
174 -> 618 (121)
174 -> 628 (102)
174 -> 641 (149)
174 -> 665 (86)
174 -> 668 (180)
174 -> 685 (157)
174 -> 690 (181)
174 -> 717 (198)
174 -> 723 (121)
174 -> 730 (195)
174 -> 767 (193)
174 -> 794 (77)
174 -> 815 (196)
174 -> 822 (127)
174 -> 830 (164)
174 -> 879 (162)
174 -> 884 (88)
174 -> 964 (136)
174 -> 981 (110)
174 -> 985 (99)
175 -> 619 (67)
176 -> 40 (155)
176 -> 514 (17)
177 -> 332 (25)
177 -> 815 (155)
178 -> 815 (116)
179 -> 50 (164)
180 -> 50 (93)
183 -> 383 (152)
184 -> 255 (25)
184 -> 456 (86)
185 -> 383 (178)
186 -> 767 (155)
187 -> 50 (95)
188 -> 619 (171)
190 -> 396 (162)
191 -> 40 (170)
194 -> 815 (133)
195 -> 599 (197)
196 -> 383 (116)
199 -> 50 (109)
199 -> 815 (85)
200 -> 599 (185)
201 -> 396 (93)
202 -> 40 (145)
202 -> 396 (45)
203 -> 514 (174)
203 -> 599 (12)
204 -> 40 (153)
205 -> 40 (30)
205 -> 96 (171)
205 -> 134 (143)
205 -> 144 (200)
205 -> 215 (173)
205 -> 228 (169)
205 -> 235 (27)
205 -> 388 (194)
205 -> 396 (54)
205 -> 417 (196)
205 -> 430 (195)
205 -> 456 (108)
205 -> 514 (119)
205 -> 583 (130)
205 -> 783 (147)
205 -> 831 (56)
205 -> 857 (105)
205 -> 869 (131)
205 -> 892 (59)
205 -> 905 (46)
205 -> 925 (24)
206 -> 50 (16)
207 -> 40 (178)
208 -> 442 (107)
209 -> 396 (33)
209 -> 460 (3)
210 -> 50 (172)
212 -> 55 (192)
212 -> 73 (69)
212 -> 84 (65)
212 -> 428 (110)
212 -> 442 (58)
212 -> 514 (61)
212 -> 788 (24)
212 -> 811 (56)
212 -> 827 (99)
212 -> 984 (65)
213 -> 50 (133)
214 -> 50 (135)
215 -> 40 (132)
215 -> 514 (41)
216 -> 514 (194)
217 -> 791 (50)
218 -> 396 (172)
219 -> 599 (109)
220 -> 396 (149)
221 -> 383 (126)
221 -> 767 (31)
222 -> 383 (177)
223 -> 40 (183)
224 -> 815 (194)
225 -> 383 (121)
226 -> 216 (74)
227 -> 442 (72)
228 -> 442 (162)
228 -> 815 (7)
229 -> 396 (159)
229 -> 767 (24)
230 -> 815 (148)
231 -> 442 (92)
231 -> 514 (66)
232 -> 815 (59)
233 -> 442 (94)
233 -> 599 (92)
234 -> 442 (130)
235 -> 514 (200)
236 -> 183 (40)
237 -> 712 (20)
237 -> 767 (120)
239 -> 599 (157)
240 -> 50 (176)
241 -> 383 (141)
242 -> 396 (110)
243 -> 50 (184)
244 -> 442 (141)
245 -> 59 (71)
245 -> 83 (34)
245 -> 91 (1)
245 -> 93 (62)
245 -> 145 (123)
245 -> 191 (29)
245 -> 225 (49)
245 -> 267 (168)
245 -> 272 (44)
245 -> 286 (118)
245 -> 287 (118)
245 -> 316 (189)
245 -> 319 (162)
245 -> 333 (189)
245 -> 374 (184)
245 -> 375 (100)
245 -> 396 (175)
245 -> 413 (105)
245 -> 423 (190)
245 -> 433 (127)
245 -> 435 (99)
245 -> 484 (197)
245 -> 486 (171)
245 -> 520 (97)
245 -> 530 (133)
245 -> 544 (105)
245 -> 557 (170)
245 -> 561 (164)
245 -> 563 (174)
245 -> 571 (29)
245 -> 585 (48)
245 -> 599 (20)
245 -> 612 (178)
245 -> 627 (184)
245 -> 645 (49)
245 -> 666 (40)
245 -> 688 (96)
245 -> 732 (157)
245 -> 813 (156)
245 -> 815 (193)
245 -> 836 (134)
245 -> 915 (186)
245 -> 921 (126)
245 -> 980 (27)
245 -> 993 (156)
246 -> 20 (32)
246 -> 27 (10)
246 -> 73 (85)
246 -> 114 (115)
246 -> 141 (46)
246 -> 179 (62)
246 -> 187 (95)
246 -> 234 (130)
246 -> 347 (144)
246 -> 351 (139)
246 -> 353 (95)
246 -> 396 (164)
246 -> 413 (73)
246 -> 429 (13)
246 -> 442 (66)
246 -> 471 (98)
246 -> 524 (167)
246 -> 565 (67)
246 -> 629 (76)
246 -> 656 (120)
246 -> 667 (104)
246 -> 677 (162)
246 -> 682 (166)
246 -> 683 (115)
246 -> 697 (131)
246 -> 700 (125)
246 -> 703 (75)
246 -> 706 (169)
246 -> 715 (132)
246 -> 722 (151)
246 -> 747 (181)
246 -> 772 (156)
246 -> 773 (120)
246 -> 779 (44)
246 -> 804 (153)
246 -> 808 (114)
246 -> 810 (169)
246 -> 815 (110)
246 -> 820 (187)
246 -> 829 (147)
246 -> 850 (110)
246 -> 905 (139)
246 -> 912 (191)
246 -> 969 (130)
247 -> 660 (9)
248 -> 7 (41)
248 -> 26 (59)
248 -> 37 (112)
248 -> 47 (193)
248 -> 65 (90)
248 -> 175 (67)
248 -> 274 (109)
248 -> 431 (102)
248 -> 432 (35)
248 -> 443 (41)
248 -> 496 (63)
248 -> 514 (87)
249 -> 599 (169)
250 -> 902 (196)
251 -> 767 (196)
252 -> 14 (18)
252 -> 30 (197)
252 -> 39 (24)
252 -> 128 (99)
252 -> 156 (193)
252 -> 183 (112)
252 -> 188 (138)
252 -> 227 (72)
252 -> 244 (5)
252 -> 271 (78)
252 -> 292 (132)
252 -> 304 (134)
252 -> 372 (98)
252 -> 392 (46)
252 -> 441 (40)
252 -> 468 (101)
252 -> 473 (199)
252 -> 502 (131)
252 -> 523 (183)
252 -> 525 (195)
252 -> 564 (184)
252 -> 570 (45)
252 -> 590 (172)
252 -> 599 (86)
252 -> 607 (102)
252 -> 637 (51)
252 -> 642 (171)
252 -> 705 (114)
252 -> 752 (140)
252 -> 757 (89)
252 -> 767 (105)
252 -> 864 (121)
252 -> 889 (143)
253 -> 619 (199)
254 -> 40 (60)
254 -> 723 (51)
255 -> 442 (150)
257 -> 50 (198)
258 -> 383 (131)
258 -> 514 (53)
260 -> 40 (184)
261 -> 767 (155)
262 -> 50 (108)
263 -> 383 (148)
264 -> 396 (191)
265 -> 619 (131)
265 -> 767 (55)
266 -> 383 (199)
267 -> 383 (168)
268 -> 815 (44)
269 -> 599 (93)
270 -> 767 (169)
271 -> 619 (78)
272 -> 442 (200)
273 -> 599 (183)
274 -> 40 (180)
275 -> 327 (4)
277 -> 40 (165)
277 -> 50 (15)
279 -> 599 (190)
279 -> 815 (4)
280 -> 66 (175)
280 -> 69 (74)
280 -> 104 (104)
280 -> 157 (136)
280 -> 166 (23)
280 -> 171 (133)
280 -> 176 (172)
280 -> 240 (173)
280 -> 241 (141)
280 -> 294 (76)
280 -> 306 (154)
280 -> 366 (169)
280 -> 402 (97)
280 -> 416 (134)
280 -> 442 (83)
280 -> 470 (115)
280 -> 531 (169)
280 -> 534 (124)
280 -> 558 (137)
280 -> 575 (78)
280 -> 601 (182)
280 -> 632 (123)
280 -> 634 (130)
280 -> 635 (70)
280 -> 650 (158)
280 -> 670 (198)
280 -> 675 (59)
280 -> 703 (43)
280 -> 724 (151)
280 -> 750 (70)
280 -> 780 (3)
280 -> 783 (8)
280 -> 801 (82)
280 -> 819 (162)
280 -> 886 (151)
280 -> 944 (36)
280 -> 963 (116)
281 -> 332 (36)
281 -> 396 (146)
282 -> 442 (179)
283 -> 261 (11)
283 -> 325 (2)
284 -> 619 (133)
284 -> 815 (56)
285 -> 383 (73)
285 -> 442 (103)
286 -> 619 (177)
287 -> 40 (176)
288 -> 514 (83)
288 -> 815 (47)
289 -> 767 (158)
290 -> 50 (112)
291 -> 40 (96)
292 -> 942 (192)
294 -> 619 (76)
295 -> 442 (144)
296 -> 40 (196)
297 -> 135 (19)
297 -> 599 (126)
298 -> 442 (190)
299 -> 40 (175)
301 -> 396 (167)
301 -> 599 (4)
302 -> 815 (82)
303 -> 396 (168)
304 -> 599 (73)
304 -> 840 (31)
304 -> 955 (30)
305 -> 50 (78)
305 -> 380 (9)
305 -> 695 (35)
305 -> 702 (8)
305 -> 802 (20)
306 -> 767 (198)
308 -> 50 (92)
308 -> 383 (88)
309 -> 50 (191)
310 -> 514 (130)
310 -> 523 (3)
311 -> 40 (135)
311 -> 514 (2)
312 -> 599 (150)
313 -> 514 (116)
313 -> 599 (63)
314 -> 599 (192)
315 -> 514 (128)
316 -> 767 (193)
317 -> 50 (169)
317 -> 815 (19)
319 -> 50 (151)
319 -> 599 (11)
320 -> 815 (190)
321 -> 383 (153)
322 -> 514 (167)
323 -> 40 (179)
324 -> 50 (64)
324 -> 767 (107)
325 -> 40 (123)
326 -> 767 (113)
327 -> 40 (161)
328 -> 396 (104)
328 -> 599 (74)
330 -> 50 (189)
332 -> 704 (189)
333 -> 50 (174)
333 -> 383 (15)
336 -> 13 (141)
336 -> 70 (30)
336 -> 134 (36)
336 -> 138 (170)
336 -> 151 (141)
336 -> 230 (126)
336 -> 240 (3)
336 -> 298 (44)
336 -> 425 (17)
336 -> 436 (129)
336 -> 442 (190)
336 -> 457 (58)
336 -> 465 (161)
336 -> 513 (93)
336 -> 514 (83)
336 -> 538 (187)
336 -> 592 (10)
336 -> 686 (172)
336 -> 733 (80)
336 -> 742 (144)
336 -> 766 (116)
336 -> 767 (162)
336 -> 815 (142)
336 -> 832 (138)
336 -> 857 (86)
336 -> 923 (130)
337 -> 383 (101)
338 -> 12 (182)
338 -> 62 (127)
338 -> 89 (160)
338 -> 129 (4)
338 -> 185 (114)
338 -> 207 (128)
338 -> 247 (9)
338 -> 296 (110)
338 -> 355 (146)
338 -> 396 (85)
338 -> 421 (66)
338 -> 454 (136)
338 -> 462 (187)
338 -> 514 (200)
338 -> 597 (169)
338 -> 619 (85)
338 -> 674 (147)
338 -> 736 (77)
338 -> 764 (152)
338 -> 773 (34)
338 -> 815 (129)
338 -> 892 (71)
338 -> 899 (123)
338 -> 973 (97)
338 -> 985 (72)
339 -> 222 (45)
340 -> 619 (160)
341 -> 383 (141)
342 -> 287 (58)
342 -> 396 (108)
343 -> 396 (139)
343 -> 767 (9)
344 -> 599 (182)
345 -> 619 (59)
346 -> 599 (149)
347 -> 396 (144)
348 -> 514 (111)
349 -> 619 (117)
350 -> 40 (181)
350 -> 50 (11)
351 -> 40 (77)
351 -> 383 (62)
352 -> 50 (138)
353 -> 40 (95)
354 -> 599 (83)
355 -> 514 (129)
355 -> 767 (17)
357 -> 50 (187)
359 -> 767 (89)
360 -> 383 (132)
360 -> 671 (9)
363 -> 442 (120)
363 -> 514 (72)
366 -> 767 (196)
367 -> 50 (79)
368 -> 514 (136)
369 -> 40 (157)
370 -> 50 (114)
370 -> 599 (47)
372 -> 514 (98)
373 -> 514 (108)
374 -> 40 (198)
375 -> 396 (195)
376 -> 41 (83)
376 -> 162 (75)
376 -> 164 (65)
376 -> 207 (50)
376 -> 230 (22)
376 -> 253 (140)
376 -> 292 (60)
376 -> 313 (179)
376 -> 332 (128)
376 -> 391 (77)
376 -> 396 (55)
376 -> 410 (77)
376 -> 472 (14)
376 -> 599 (108)
376 -> 602 (188)
376 -> 603 (130)
376 -> 632 (60)
376 -> 729 (85)
376 -> 803 (87)
376 -> 815 (136)
376 -> 816 (174)
376 -> 869 (47)
376 -> 877 (37)
378 -> 34 (58)
378 -> 40 (54)
378 -> 52 (10)
378 -> 95 (184)
378 -> 100 (22)
378 -> 112 (96)
378 -> 143 (135)
378 -> 236 (40)
378 -> 254 (111)
378 -> 296 (86)
378 -> 312 (114)
378 -> 349 (117)
378 -> 448 (146)
378 -> 489 (96)
378 -> 556 (176)
378 -> 630 (37)
378 -> 631 (155)
378 -> 661 (160)
378 -> 664 (181)
378 -> 696 (188)
378 -> 714 (5)
378 -> 726 (38)
378 -> 753 (167)
378 -> 781 (163)
378 -> 811 (114)
378 -> 826 (176)
378 -> 873 (143)
378 -> 931 (9)
379 -> 396 (136)
380 -> 396 (185)
381 -> 40 (127)
382 -> 396 (110)
382 -> 599 (39)
385 -> 50 (123)
385 -> 514 (4)
386 -> 396 (190)
386 -> 767 (10)
387 -> 619 (125)
388 -> 50 (154)
388 -> 383 (40)
389 -> 396 (119)
389 -> 711 (34)
389 -> 928 (21)
391 -> 50 (185)
392 -> 50 (195)
393 -> 514 (185)
394 -> 383 (127)
397 -> 514 (107)
398 -> 396 (31)
400 -> 396 (187)
402 -> 50 (97)
403 -> 396 (65)
404 -> 619 (184)
405 -> 679 (64)
407 -> 514 (99)
408 -> 599 (84)
409 -> 599 (109)
410 -> 767 (77)
411 -> 879 (22)
412 -> 673 (89)
412 -> 815 (107)
413 -> 383 (178)
414 -> 50 (200)
415 -> 50 (183)
415 -> 619 (6)
416 -> 40 (114)
416 -> 767 (20)
417 -> 767 (196)
418 -> 396 (142)
419 -> 40 (152)
419 -> 95 (8)
420 -> 393 (47)
420 -> 689 (20)
420 -> 815 (92)
421 -> 815 (166)
422 -> 40 (144)
423 -> 50 (190)
424 -> 40 (121)
425 -> 40 (165)
426 -> 619 (66)
428 -> 40 (197)
429 -> 40 (177)
430 -> 442 (140)
430 -> 599 (55)
431 -> 815 (119)
432 -> 619 (168)
433 -> 50 (127)
434 -> 263 (38)
434 -> 583 (43)
434 -> 599 (111)
435 -> 815 (195)
436 -> 50 (129)
438 -> 619 (88)
438 -> 767 (112)
439 -> 514 (83)
440 -> 599 (190)
441 -> 619 (178)
443 -> 383 (199)
444 -> 619 (113)
445 -> 619 (164)
446 -> 40 (158)
447 -> 40 (170)
448 -> 40 (146)
450 -> 815 (179)
451 -> 40 (124)
451 -> 154 (25)
451 -> 496 (23)
451 -> 815 (96)
452 -> 40 (197)
453 -> 396 (124)
453 -> 514 (67)
454 -> 599 (137)
455 -> 383 (178)
455 -> 619 (6)
456 -> 396 (194)
457 -> 40 (188)
458 -> 40 (180)
458 -> 514 (17)
459 -> 109 (142)
459 -> 112 (70)
459 -> 157 (26)
459 -> 171 (6)
459 -> 217 (50)
459 -> 308 (180)
459 -> 409 (22)
459 -> 442 (90)
459 -> 498 (129)
459 -> 605 (171)
459 -> 619 (121)
459 -> 637 (148)
459 -> 978 (136)
460 -> 815 (160)
461 -> 383 (182)
462 -> 40 (135)
462 -> 50 (52)
464 -> 767 (199)
465 -> 40 (70)
465 -> 396 (91)
466 -> 514 (129)
468 -> 50 (148)
469 -> 23 (4)
469 -> 25 (32)
469 -> 51 (183)
469 -> 59 (59)
469 -> 78 (76)
469 -> 132 (85)
469 -> 260 (85)
469 -> 464 (107)
469 -> 492 (176)
469 -> 514 (99)
469 -> 529 (79)
469 -> 540 (142)
469 -> 584 (79)
469 -> 599 (10)
469 -> 614 (134)
469 -> 633 (193)
469 -> 649 (161)
469 -> 684 (47)
469 -> 733 (34)
469 -> 748 (190)
469 -> 814 (44)
469 -> 815 (84)
469 -> 823 (163)
469 -> 852 (191)
469 -> 862 (138)
469 -> 901 (148)
469 -> 914 (121)
469 -> 924 (177)
469 -> 936 (47)
469 -> 943 (195)
470 -> 40 (115)
471 -> 50 (98)
472 -> 396 (134)
473 -> 40 (140)
473 -> 599 (59)
474 -> 255 (46)
474 -> 396 (71)
476 -> 514 (141)
476 -> 767 (56)
477 -> 514 (104)
478 -> 383 (151)
479 -> 956 (157)
482 -> 442 (140)
483 -> 442 (143)
483 -> 514 (34)
484 -> 40 (191)
484 -> 599 (6)
485 -> 815 (173)
486 -> 442 (171)
487 -> 264 (89)
487 -> 671 (41)
489 -> 40 (163)
490 -> 264 (102)
491 -> 265 (186)
492 -> 50 (196)
493 -> 50 (181)
494 -> 9 (161)
494 -> 49 (67)
494 -> 53 (74)
494 -> 62 (25)
494 -> 109 (6)
494 -> 115 (89)
494 -> 120 (131)
494 -> 149 (36)
494 -> 155 (63)
494 -> 201 (93)
494 -> 213 (133)
494 -> 250 (125)
494 -> 266 (71)
494 -> 270 (71)
494 -> 302 (82)
494 -> 303 (57)
494 -> 315 (16)
494 -> 321 (43)
494 -> 323 (13)
494 -> 337 (101)
494 -> 381 (127)
494 -> 383 (61)
494 -> 461 (182)
494 -> 466 (47)
494 -> 489 (67)
494 -> 493 (16)
494 -> 510 (35)
494 -> 514 (32)
494 -> 567 (161)
494 -> 577 (20)
494 -> 613 (139)
494 -> 625 (99)
494 -> 655 (67)
494 -> 752 (42)
494 -> 777 (96)
494 -> 811 (9)
494 -> 835 (98)
494 -> 863 (136)
494 -> 868 (162)
494 -> 874 (165)
494 -> 901 (13)
494 -> 907 (18)
494 -> 910 (166)
494 -> 933 (163)
494 -> 949 (183)
494 -> 962 (151)
494 -> 964 (24)
494 -> 970 (67)
495 -> 711 (44)
496 -> 50 (86)
497 -> 50 (112)
498 -> 396 (155)
499 -> 40 (199)
500 -> 442 (108)
500 -> 581 (12)
501 -> 383 (62)
501 -> 575 (11)
501 -> 840 (16)
502 -> 514 (134)
503 -> 40 (115)
503 -> 599 (73)
504 -> 50 (139)
504 -> 711 (57)
505 -> 619 (119)
506 -> 767 (73)
508 -> 40 (157)
510 -> 619 (189)
511 -> 143 (30)
512 -> 1 (24)
512 -> 4 (5)
512 -> 31 (45)
512 -> 32 (24)
512 -> 75 (111)
512 -> 76 (97)
512 -> 114 (10)
512 -> 180 (93)
512 -> 243 (184)
512 -> 250 (71)
512 -> 253 (59)
512 -> 268 (44)
512 -> 286 (59)
512 -> 290 (112)
512 -> 322 (70)
512 -> 359 (89)
512 -> 367 (79)
512 -> 383 (82)
512 -> 422 (19)
512 -> 426 (66)
512 -> 428 (87)
512 -> 432 (95)
512 -> 450 (120)
512 -> 458 (197)
512 -> 477 (21)
512 -> 508 (157)
512 -> 522 (119)
512 -> 552 (16)
512 -> 554 (36)
512 -> 579 (128)
512 -> 594 (12)
512 -> 604 (102)
512 -> 708 (92)
512 -> 815 (115)
512 -> 843 (180)
512 -> 851 (177)
512 -> 876 (162)
512 -> 889 (26)
512 -> 890 (159)
512 -> 906 (78)
512 -> 908 (142)
512 -> 909 (128)
512 -> 954 (175)
512 -> 966 (149)
512 -> 987 (127)
513 -> 40 (93)
515 -> 663 (37)
516 -> 767 (121)
517 -> 50 (194)
518 -> 767 (91)
519 -> 514 (146)
520 -> 40 (100)
522 -> 514 (119)
523 -> 767 (186)
524 -> 599 (167)
525 -> 599 (159)
525 -> 957 (36)
526 -> 514 (123)
529 -> 531 (11)
529 -> 599 (68)
530 -> 442 (133)
531 -> 514 (180)
532 -> 514 (73)
532 -> 711 (3)
534 -> 383 (124)
535 -> 396 (106)
535 -> 452 (25)
537 -> 442 (115)
537 -> 619 (66)
537 -> 840 (1)
538 -> 50 (172)
538 -> 767 (15)
539 -> 514 (136)
539 -> 619 (30)
540 -> 396 (97)
540 -> 514 (45)
541 -> 348 (35)
542 -> 50 (197)
543 -> 599 (165)
543 -> 619 (28)
544 -> 383 (105)
545 -> 383 (197)
546 -> 815 (127)
548 -> 891 (195)
550 -> 50 (170)
551 -> 383 (107)
552 -> 479 (16)
553 -> 599 (185)
554 -> 619 (184)
556 -> 396 (100)
556 -> 767 (76)
557 -> 599 (170)
558 -> 599 (168)
559 -> 619 (192)
560 -> 396 (140)
561 -> 383 (144)
561 -> 514 (20)
563 -> 50 (192)
564 -> 40 (147)
564 -> 581 (37)
565 -> 767 (176)
566 -> 767 (90)
567 -> 40 (149)
567 -> 619 (12)
569 -> 619 (179)
570 -> 224 (156)
571 -> 764 (29)
572 -> 619 (134)
572 -> 671 (13)
573 -> 767 (171)
575 -> 396 (136)
576 -> 767 (62)
577 -> 492 (20)
578 -> 711 (17)
578 -> 767 (89)
579 -> 50 (128)
580 -> 599 (181)
581 -> 599 (176)
582 -> 619 (111)
582 -> 834 (88)
583 -> 396 (196)
584 -> 383 (161)
585 -> 514 (177)
586 -> 383 (149)
586 -> 599 (24)
587 -> 50 (162)
587 -> 767 (20)
588 -> 767 (156)
589 -> 599 (199)
590 -> 619 (172)
592 -> 383 (199)
593 -> 767 (71)
594 -> 573 (12)
595 -> 383 (102)
597 -> 50 (169)
598 -> 396 (152)
600 -> 383 (192)
601 -> 619 (182)
602 -> 599 (141)
602 -> 619 (47)
603 -> 50 (150)
604 -> 396 (120)
605 -> 396 (174)
606 -> 815 (146)
607 -> 50 (131)
608 -> 767 (113)
609 -> 396 (96)
609 -> 816 (23)
609 -> 879 (13)
610 -> 815 (167)
611 -> 383 (120)
611 -> 774 (50)
612 -> 767 (178)
613 -> 50 (115)
613 -> 589 (24)
614 -> 40 (144)
615 -> 396 (188)
616 -> 767 (148)
617 -> 50 (148)
618 -> 815 (193)
620 -> 961 (76)
621 -> 514 (137)
622 -> 40 (193)
623 -> 383 (141)
624 -> 767 (110)
625 -> 619 (99)
626 -> 50 (155)
626 -> 651 (15)
626 -> 679 (28)
627 -> 815 (194)
628 -> 40 (102)
629 -> 514 (63)
629 -> 926 (13)
630 -> 959 (37)
631 -> 599 (155)
632 -> 767 (183)
633 -> 40 (120)
633 -> 50 (73)
634 -> 514 (181)
635 -> 414 (70)
636 -> 383 (124)
636 -> 767 (47)
637 -> 815 (200)
638 -> 383 (185)
640 -> 599 (115)
640 -> 663 (26)
640 -> 925 (8)
641 -> 383 (124)
641 -> 514 (25)
642 -> 514 (171)
643 -> 514 (157)
645 -> 615 (49)
646 -> 50 (114)
647 -> 396 (13)
648 -> 767 (176)
648 -> 815 (14)
649 -> 514 (157)
649 -> 767 (4)
650 -> 619 (199)
651 -> 396 (157)
653 -> 50 (158)
653 -> 767 (28)
655 -> 396 (67)
656 -> 815 (192)
657 -> 2 (75)
657 -> 107 (139)
657 -> 113 (6)
657 -> 123 (56)
657 -> 194 (133)
657 -> 206 (16)
657 -> 279 (194)
657 -> 379 (46)
657 -> 383 (1)
657 -> 403 (65)
657 -> 439 (83)
657 -> 442 (200)
657 -> 511 (30)
657 -> 595 (102)
657 -> 606 (146)
657 -> 703 (30)
657 -> 720 (67)
657 -> 785 (75)
657 -> 797 (185)
657 -> 815 (190)
657 -> 839 (152)
657 -> 842 (16)
657 -> 973 (9)
658 -> 50 (38)
658 -> 97 (8)
658 -> 203 (186)
658 -> 314 (157)
658 -> 396 (200)
658 -> 501 (89)
658 -> 615 (139)
658 -> 619 (192)
658 -> 702 (125)
658 -> 807 (124)
659 -> 599 (162)
660 -> 514 (120)
661 -> 40 (174)
662 -> 514 (95)
663 -> 442 (91)
664 -> 599 (143)
664 -> 815 (38)
665 -> 383 (74)
665 -> 396 (12)
666 -> 383 (189)
667 -> 767 (190)
668 -> 40 (128)
668 -> 679 (52)
670 -> 619 (162)
670 -> 815 (36)
671 -> 968 (193)
672 -> 37 (60)
672 -> 50 (55)
672 -> 60 (11)
672 -> 64 (16)
672 -> 118 (81)
672 -> 119 (77)
672 -> 130 (45)
672 -> 195 (80)
672 -> 269 (93)
672 -> 299 (21)
672 -> 320 (99)
672 -> 357 (41)
672 -> 369 (14)
672 -> 396 (135)
672 -> 398 (31)
672 -> 497 (32)
672 -> 514 (42)
672 -> 535 (131)
672 -> 620 (76)
672 -> 662 (95)
672 -> 680 (145)
672 -> 701 (34)
672 -> 756 (99)
672 -> 759 (144)
672 -> 840 (96)
672 -> 852 (2)
672 -> 867 (91)
672 -> 887 (156)
672 -> 938 (51)
672 -> 946 (15)
672 -> 967 (55)
672 -> 992 (189)
672 -> 996 (142)
673 -> 599 (89)
674 -> 396 (170)
675 -> 50 (59)
676 -> 40 (2)
676 -> 42 (68)
676 -> 73 (8)
676 -> 306 (44)
676 -> 309 (32)
676 -> 330 (31)
676 -> 366 (27)
676 -> 408 (84)
676 -> 499 (73)
676 -> 506 (73)
676 -> 605 (3)
676 -> 619 (20)
676 -> 624 (21)
676 -> 681 (136)
676 -> 693 (15)
676 -> 725 (58)
676 -> 786 (117)
676 -> 792 (56)
676 -> 806 (112)
676 -> 807 (49)
676 -> 856 (10)
676 -> 883 (157)
676 -> 903 (153)
676 -> 911 (140)
676 -> 974 (123)
676 -> 983 (28)
677 -> 40 (162)
678 -> 619 (191)
679 -> 514 (186)
680 -> 396 (144)
680 -> 514 (1)
681 -> 40 (136)
682 -> 396 (166)
683 -> 599 (198)
684 -> 383 (152)
685 -> 50 (149)
685 -> 514 (8)
686 -> 40 (197)
688 -> 767 (96)
689 -> 442 (168)
690 -> 40 (181)
691 -> 383 (159)
693 -> 917 (15)
694 -> 396 (118)
694 -> 984 (13)
695 -> 396 (173)
696 -> 40 (181)
696 -> 619 (7)
697 -> 50 (131)
698 -> 514 (169)
700 -> 50 (125)
701 -> 514 (34)
702 -> 767 (160)
703 -> 396 (148)
704 -> 50 (189)
705 -> 442 (114)
706 -> 767 (124)
706 -> 791 (45)
708 -> 514 (92)
709 -> 40 (192)
710 -> 514 (59)
711 -> 442 (175)
712 -> 396 (151)
714 -> 619 (197)
715 -> 396 (102)
715 -> 815 (30)
716 -> 50 (150)
717 -> 40 (198)
718 -> 87 (87)
719 -> 563 (18)
720 -> 383 (139)
721 -> 50 (153)
721 -> 383 (31)
722 -> 40 (120)
722 -> 50 (31)
723 -> 815 (172)
724 -> 815 (151)
725 -> 599 (182)
726 -> 224 (38)
728 -> 50 (134)
728 -> 767 (38)
729 -> 396 (85)
730 -> 514 (116)
730 -> 619 (79)
731 -> 66 (22)
731 -> 767 (74)
732 -> 599 (171)
733 -> 40 (114)
734 -> 815 (164)
736 -> 396 (77)
737 -> 40 (106)
738 -> 767 (156)
739 -> 383 (168)
740 -> 383 (100)
742 -> 275 (4)
742 -> 619 (140)
743 -> 767 (133)
744 -> 50 (140)
746 -> 383 (162)
747 -> 40 (181)
748 -> 50 (161)
748 -> 396 (29)
749 -> 50 (196)
750 -> 514 (157)
751 -> 548 (130)
752 -> 853 (182)
753 -> 50 (76)
753 -> 767 (91)
754 -> 50 (169)
754 -> 80 (19)
754 -> 88 (139)
754 -> 119 (113)
754 -> 122 (107)
754 -> 159 (75)
754 -> 200 (14)
754 -> 407 (99)
754 -> 491 (74)
754 -> 581 (127)
754 -> 599 (111)
754 -> 661 (14)
754 -> 710 (59)
754 -> 716 (150)
754 -> 740 (100)
754 -> 767 (183)
754 -> 789 (78)
754 -> 799 (81)
754 -> 815 (7)
754 -> 978 (42)
755 -> 514 (198)
756 -> 442 (99)
757 -> 396 (89)
759 -> 815 (144)
762 -> 396 (57)
762 -> 442 (57)
764 -> 599 (199)
765 -> 383 (144)
766 -> 815 (200)
768 -> 619 (190)
769 -> 50 (162)
770 -> 619 (172)
771 -> 50 (78)
771 -> 239 (17)
771 -> 643 (29)
771 -> 813 (10)
772 -> 599 (198)
773 -> 40 (154)
774 -> 514 (50)
775 -> 396 (200)
777 -> 815 (96)
778 -> 619 (113)
779 -> 445 (44)
780 -> 619 (166)
781 -> 383 (101)
781 -> 619 (62)
782 -> 40 (137)
782 -> 50 (49)
783 -> 40 (155)
785 -> 40 (75)
786 -> 383 (63)
786 -> 599 (54)
787 -> 767 (32)
788 -> 383 (194)
789 -> 619 (78)
791 -> 375 (95)
792 -> 383 (143)
793 -> 815 (141)
794 -> 767 (166)
795 -> 67 (44)
795 -> 104 (90)
795 -> 133 (10)
795 -> 185 (64)
795 -> 219 (109)
795 -> 345 (6)
795 -> 368 (19)
795 -> 400 (29)
795 -> 514 (175)
795 -> 576 (62)
795 -> 607 (29)
795 -> 718 (87)
795 -> 734 (164)
795 -> 746 (36)
795 -> 766 (84)
795 -> 820 (2)
795 -> 832 (45)
795 -> 895 (39)
795 -> 900 (102)
795 -> 930 (73)
795 -> 933 (20)
795 -> 995 (82)
796 -> 45 (23)
796 -> 107 (47)
796 -> 262 (108)
796 -> 454 (1)
796 -> 455 (184)
796 -> 517 (194)
796 -> 558 (31)
796 -> 573 (159)
796 -> 610 (100)
796 -> 623 (40)
796 -> 636 (171)
796 -> 698 (77)
796 -> 712 (131)
796 -> 721 (184)
796 -> 731 (96)
796 -> 787 (32)
796 -> 808 (2)
796 -> 821 (183)
796 -> 846 (195)
796 -> 897 (163)
796 -> 939 (147)
796 -> 979 (191)
797 -> 383 (144)
797 -> 619 (41)
799 -> 514 (81)
800 -> 619 (181)
801 -> 50 (82)
802 -> 767 (170)
803 -> 442 (87)
804 -> 815 (153)
805 -> 815 (170)
806 -> 40 (85)
806 -> 383 (27)
807 -> 396 (192)
808 -> 619 (116)
809 -> 226 (74)
809 -> 424 (121)
809 -> 514 (64)
809 -> 526 (46)
809 -> 618 (72)
809 -> 647 (13)
809 -> 648 (190)
809 -> 732 (14)
809 -> 744 (140)
809 -> 794 (23)
809 -> 805 (170)
809 -> 950 (200)
810 -> 383 (169)
811 -> 383 (179)
812 -> 396 (135)
812 -> 514 (185)
812 -> 519 (115)
812 -> 651 (142)
812 -> 653 (186)
812 -> 728 (172)
812 -> 770 (172)
812 -> 815 (121)
812 -> 825 (1)
812 -> 833 (144)
812 -> 926 (170)
813 -> 514 (169)
814 -> 833 (44)
816 -> 50 (197)
818 -> 514 (133)
818 -> 984 (7)
819 -> 383 (106)
819 -> 619 (56)
820 -> 396 (189)
821 -> 50 (150)
821 -> 383 (33)
822 -> 383 (127)
823 -> 383 (163)
824 -> 396 (157)
825 -> 383 (153)
826 -> 40 (96)
826 -> 619 (80)
827 -> 514 (147)
828 -> 40 (11)
828 -> 394 (59)
828 -> 762 (114)
828 -> 841 (72)
828 -> 898 (65)
828 -> 917 (162)
828 -> 948 (13)
828 -> 959 (114)
828 -> 988 (120)
829 -> 599 (147)
830 -> 514 (164)
831 -> 599 (56)
832 -> 619 (183)
833 -> 767 (188)
834 -> 383 (88)
835 -> 815 (98)
836 -> 767 (134)
837 -> 619 (146)
838 -> 815 (182)
839 -> 396 (110)
839 -> 514 (42)
840 -> 619 (173)
841 -> 40 (72)
842 -> 514 (189)
843 -> 50 (130)
843 -> 815 (50)
844 -> 383 (183)
844 -> 396 (16)
846 -> 40 (163)
846 -> 599 (32)
848 -> 442 (92)
848 -> 583 (23)
848 -> 614 (6)
848 -> 643 (27)
848 -> 702 (27)
849 -> 396 (138)
850 -> 50 (110)
851 -> 50 (78)
851 -> 599 (99)
852 -> 619 (193)
853 -> 40 (170)
853 -> 50 (12)
856 -> 627 (10)
857 -> 514 (191)
858 -> 346 (14)
858 -> 815 (165)
859 -> 599 (110)
859 -> 603 (8)
861 -> 40 (125)
862 -> 40 (138)
863 -> 383 (136)
864 -> 442 (121)
867 -> 396 (91)
868 -> 383 (161)
868 -> 396 (1)
869 -> 815 (178)
870 -> 767 (162)
871 -> 442 (110)
872 -> 40 (60)
873 -> 40 (143)
874 -> 396 (165)
876 -> 918 (162)
877 -> 767 (111)
878 -> 542 (163)
878 -> 638 (43)
878 -> 709 (146)
879 -> 442 (197)
881 -> 909 (31)
882 -> 303 (111)
882 -> 383 (149)
882 -> 396 (138)
882 -> 442 (173)
882 -> 443 (39)
882 -> 514 (146)
882 -> 519 (31)
882 -> 599 (133)
882 -> 671 (106)
883 -> 514 (199)
884 -> 599 (157)
885 -> 199 (194)
885 -> 320 (5)
885 -> 442 (184)
885 -> 498 (26)
885 -> 514 (102)
885 -> 610 (67)
885 -> 719 (18)
885 -> 768 (36)
885 -> 769 (126)
885 -> 782 (186)
885 -> 815 (128)
885 -> 881 (31)
885 -> 913 (103)
885 -> 920 (15)
885 -> 928 (179)
885 -> 940 (57)
885 -> 955 (159)
886 -> 815 (189)
887 -> 383 (156)
888 -> 101 (27)
888 -> 442 (143)
888 -> 599 (138)
888 -> 619 (160)
888 -> 695 (138)
888 -> 767 (68)
889 -> 619 (169)
890 -> 514 (159)
891 -> 40 (177)
891 -> 383 (18)
892 -> 50 (130)
893 -> 514 (80)
894 -> 383 (67)
894 -> 387 (125)
894 -> 520 (3)
894 -> 599 (156)
894 -> 619 (54)
894 -> 637 (1)
894 -> 802 (121)
895 -> 514 (144)
897 -> 40 (114)
897 -> 383 (49)
898 -> 749 (65)
899 -> 50 (123)
900 -> 514 (102)
901 -> 514 (161)
902 -> 40 (175)
902 -> 396 (21)
903 -> 383 (153)
904 -> 886 (38)
905 -> 50 (185)
906 -> 383 (117)
907 -> 767 (199)
908 -> 40 (117)
908 -> 50 (25)
909 -> 767 (159)
910 -> 767 (166)
911 -> 815 (140)
912 -> 50 (147)
912 -> 495 (44)
913 -> 40 (103)
914 -> 50 (121)
915 -> 442 (157)
915 -> 840 (29)
917 -> 396 (177)
918 -> 619 (162)
919 -> 40 (106)
919 -> 767 (66)
920 -> 105 (15)
921 -> 815 (126)
922 -> 40 (83)
922 -> 383 (136)
922 -> 553 (17)
922 -> 772 (42)
922 -> 827 (48)
922 -> 919 (172)
923 -> 815 (149)
924 -> 514 (168)
924 -> 815 (9)
925 -> 396 (118)
926 -> 383 (183)
928 -> 767 (200)
929 -> 569 (16)
929 -> 813 (3)
930 -> 40 (73)
931 -> 514 (194)
932 -> 162 (52)
932 -> 468 (47)
932 -> 575 (47)
933 -> 815 (183)
934 -> 209 (36)
934 -> 242 (16)
934 -> 491 (98)
934 -> 518 (91)
934 -> 542 (34)
934 -> 656 (72)
934 -> 815 (29)
934 -> 844 (199)
934 -> 982 (175)
934 -> 986 (187)
935 -> 65 (69)
935 -> 314 (35)
935 -> 453 (191)
935 -> 514 (51)
935 -> 650 (41)
935 -> 737 (106)
935 -> 749 (131)
935 -> 893 (80)
935 -> 997 (153)
936 -> 545 (47)
937 -> 40 (115)
937 -> 442 (178)
937 -> 599 (72)
937 -> 619 (88)
937 -> 691 (159)
937 -> 767 (102)
937 -> 957 (162)
938 -> 50 (51)
939 -> 40 (124)
939 -> 599 (23)
940 -> 767 (57)
941 -> 383 (131)
941 -> 679 (15)
942 -> 396 (146)
942 -> 514 (46)
943 -> 50 (118)
943 -> 383 (77)
944 -> 312 (36)
945 -> 50 (142)
945 -> 383 (52)
946 -> 502 (3)
946 -> 603 (12)
948 -> 383 (194)
949 -> 40 (108)
949 -> 619 (75)
950 -> 599 (90)
950 -> 619 (110)
951 -> 619 (110)
952 -> 815 (156)
953 -> 815 (132)
954 -> 396 (168)
954 -> 619 (7)
955 -> 383 (189)
956 -> 514 (170)
957 -> 599 (198)
959 -> 50 (151)
960 -> 383 (73)
961 -> 815 (182)
962 -> 396 (138)
962 -> 956 (13)
963 -> 50 (116)
964 -> 514 (160)
965 -> 599 (66)
966 -> 383 (149)
967 -> 514 (55)
968 -> 514 (192)
968 -> 619 (1)
969 -> 414 (130)
970 -> 40 (198)
971 -> 396 (142)
971 -> 764 (18)
973 -> 961 (106)
974 -> 396 (123)
975 -> 82 (16)
976 -> 541 (35)
978 -> 599 (178)
979 -> 40 (165)
979 -> 50 (26)
980 -> 679 (27)
981 -> 514 (110)
982 -> 396 (175)
983 -> 396 (200)
984 -> 815 (161)
985 -> 40 (171)
986 -> 396 (142)
986 -> 767 (45)
987 -> 50 (127)
988 -> 599 (120)
989 -> 188 (33)
989 -> 587 (182)
989 -> 599 (81)
989 -> 709 (46)
989 -> 952 (156)
990 -> 383 (186)
991 -> 135 (2)
991 -> 767 (168)
991 -> 807 (4)
992 -> 383 (183)
992 -> 815 (6)
993 -> 40 (156)
994 -> 339 (45)
994 -> 514 (131)
994 -> 599 (83)
994 -> 767 (93)
994 -> 945 (194)
995 -> 383 (82)
996 -> 815 (142)
997 -> 40 (100)
997 -> 599 (53)
998 -> 548 (65)
999 -> 283 (13)
Fluxo: 125691
Arestas removidas: 81478

--Rotas do 2ยบ turno-----------------------------
0 -> 767 (149)
1 -> 599 (193)
2 -> 61 (200)
3 -> 660 (119)
3 -> 690 (78)
5 -> 383 (92)
5 -> 599 (36)
6 -> 550 (12)
7 -> 50 (151)
8 -> 40 (163)
8 -> 767 (25)
9 -> 486 (3)
9 -> 619 (161)
10 -> 471 (98)
10 -> 976 (10)
11 -> 40 (154)
11 -> 396 (34)
12 -> 40 (138)
12 -> 815 (44)
13 -> 743 (37)
13 -> 767 (141)
14 -> 396 (171)
15 -> 247 (11)
15 -> 824 (47)
15 -> 836 (91)
15 -> 921 (40)
16 -> 877 (110)
17 -> 50 (83)
17 -> 396 (63)
18 -> 50 (41)
19 -> 40 (116)
20 -> 767 (176)
22 -> 137 (148)
22 -> 456 (26)
23 -> 619 (195)
25 -> 396 (163)
26 -> 815 (137)
27 -> 383 (152)
28 -> 393 (34)
28 -> 475 (12)
28 -> 810 (134)
30 -> 599 (97)
30 -> 767 (96)
31 -> 40 (194)
32 -> 50 (161)
33 -> 383 (75)
34 -> 17 (146)
34 -> 220 (38)
35 -> 815 (95)
37 -> 599 (172)
38 -> 74 (155)
38 -> 99 (72)
39 -> 40 (185)
41 -> 396 (83)
41 -> 616 (101)
42 -> 599 (165)
45 -> 383 (180)
46 -> 372 (81)
46 -> 398 (8)
47 -> 50 (18)
49 -> 396 (157)
51 -> 40 (161)
51 -> 396 (22)
52 -> 701 (9)
52 -> 815 (166)
53 -> 850 (151)
54 -> 40 (181)
55 -> 396 (152)
58 -> 8 (188)
59 -> 599 (130)
60 -> 69 (193)
61 -> 50 (139)
61 -> 186 (39)
61 -> 991 (22)
62 -> 383 (152)
63 -> 767 (143)
64 -> 431 (39)
64 -> 599 (155)
65 -> 40 (159)
66 -> 619 (175)
67 -> 619 (191)
69 -> 703 (37)
69 -> 857 (137)
69 -> 873 (12)
69 -> 990 (7)
70 -> 767 (164)
71 -> 767 (81)
71 -> 815 (88)
73 -> 514 (162)
74 -> 40 (155)
75 -> 40 (106)
76 -> 40 (97)
76 -> 873 (17)
77 -> 40 (178)
77 -> 767 (15)
78 -> 619 (192)
79 -> 396 (168)
80 -> 130 (164)
83 -> 396 (189)
84 -> 40 (192)
85 -> 514 (92)
86 -> 396 (184)
88 -> 514 (139)
88 -> 948 (11)
90 -> 248 (18)
90 -> 755 (80)
90 -> 768 (90)
91 -> 619 (164)
92 -> 45 (110)
94 -> 815 (163)
95 -> 350 (150)
97 -> 383 (157)
98 -> 383 (190)
99 -> 50 (72)
100 -> 396 (190)
101 -> 599 (42)
102 -> 396 (104)
103 -> 690 (20)
103 -> 747 (135)
103 -> 822 (17)
104 -> 767 (194)
105 -> 40 (124)
107 -> 396 (186)
108 -> 719 (136)
109 -> 619 (142)
110 -> 235 (160)
111 -> 50 (168)
111 -> 815 (13)
112 -> 396 (96)
113 -> 619 (180)
114 -> 514 (125)
115 -> 599 (89)
115 -> 898 (10)
116 -> 18 (41)
116 -> 767 (110)
118 -> 396 (183)
119 -> 50 (190)
120 -> 383 (131)
122 -> 599 (107)
122 -> 963 (52)
123 -> 514 (197)
125 -> 11 (188)
125 -> 63 (143)
125 -> 94 (163)
125 -> 98 (140)
125 -> 204 (127)
125 -> 214 (135)
125 -> 301 (171)
125 -> 310 (130)
125 -> 327 (157)
125 -> 343 (97)
125 -> 599 (190)
126 -> 447 (39)
127 -> 40 (2)
129 -> 50 (183)
130 -> 50 (147)
130 -> 832 (17)
132 -> 599 (85)
133 -> 40 (96)
133 -> 626 (71)
134 -> 383 (152)
135 -> 127 (2)
136 -> 456 (68)
137 -> 40 (153)
138 -> 297 (19)
138 -> 767 (170)
139 -> 640 (58)
139 -> 736 (20)
141 -> 801 (117)
142 -> 619 (100)
143 -> 599 (135)
144 -> 767 (102)
144 -> 815 (93)
145 -> 365 (23)
145 -> 767 (123)
148 -> 5 (128)
148 -> 229 (183)
148 -> 396 (126)
149 -> 464 (38)
149 -> 520 (14)
150 -> 383 (165)
151 -> 733 (109)
151 -> 914 (79)
153 -> 70 (164)
153 -> 77 (193)
153 -> 113 (180)
153 -> 129 (183)
153 -> 177 (200)
153 -> 221 (157)
153 -> 231 (148)
153 -> 284 (189)
153 -> 357 (146)
153 -> 370 (161)
153 -> 446 (158)
153 -> 503 (188)
153 -> 504 (194)
153 -> 543 (193)
154 -> 271 (29)
154 -> 485 (126)
155 -> 40 (63)
155 -> 420 (22)
156 -> 514 (169)
156 -> 619 (24)
157 -> 383 (136)
159 -> 282 (5)
159 -> 396 (75)
160 -> 668 (107)
161 -> 45 (70)
161 -> 551 (29)
162 -> 396 (127)
164 -> 794 (181)
165 -> 514 (160)
166 -> 619 (195)
168 -> 7 (151)
168 -> 14 (171)
168 -> 79 (168)
169 -> 50 (96)
171 -> 514 (133)
174 -> 1 (169)
174 -> 26 (137)
174 -> 71 (169)
174 -> 105 (124)
174 -> 111 (181)
174 -> 218 (172)
174 -> 249 (169)
174 -> 328 (178)
174 -> 340 (125)
174 -> 382 (149)
174 -> 418 (132)
174 -> 460 (157)
174 -> 539 (166)
174 -> 546 (127)
174 -> 559 (181)
174 -> 641 (149)
174 -> 685 (157)
174 -> 730 (195)
174 -> 767 (193)
174 -> 815 (196)
175 -> 239 (95)
175 -> 449 (14)
175 -> 619 (67)
176 -> 40 (155)
176 -> 514 (17)
177 -> 341 (45)
177 -> 815 (155)
180 -> 50 (93)
180 -> 857 (36)
181 -> 337 (101)
181 -> 803 (26)
182 -> 617 (176)
183 -> 383 (112)
184 -> 738 (71)
184 -> 836 (43)
184 -> 938 (2)
184 -> 964 (73)
184 -> 970 (8)
185 -> 383 (178)
186 -> 767 (155)
187 -> 50 (95)
187 -> 608 (38)
187 -> 679 (53)
188 -> 619 (171)
189 -> 299 (37)
189 -> 562 (20)
189 -> 640 (57)
189 -> 692 (42)
189 -> 758 (23)
190 -> 396 (162)
191 -> 40 (124)
192 -> 526 (3)
192 -> 720 (1)
193 -> 225 (121)
193 -> 990 (64)
194 -> 815 (133)
195 -> 599 (197)
197 -> 628 (50)
197 -> 813 (10)
198 -> 356 (77)
198 -> 785 (75)
199 -> 50 (109)
199 -> 815 (85)
200 -> 599 (185)
201 -> 396 (93)
201 -> 987 (6)
203 -> 514 (174)
203 -> 599 (12)
204 -> 40 (153)
205 -> 144 (195)
206 -> 643 (91)
207 -> 40 (173)
209 -> 626 (84)
209 -> 627 (84)
211 -> 186 (62)
212 -> 55 (152)
213 -> 50 (133)
213 -> 307 (15)
214 -> 50 (135)
216 -> 514 (101)
217 -> 791 (74)
218 -> 396 (172)
219 -> 353 (62)
219 -> 599 (109)
220 -> 396 (38)
221 -> 383 (126)
221 -> 767 (31)
222 -> 383 (177)
223 -> 40 (183)
224 -> 815 (194)
225 -> 383 (121)
226 -> 216 (101)
226 -> 419 (86)
227 -> 505 (160)
229 -> 396 (159)
229 -> 767 (24)
230 -> 815 (148)
231 -> 514 (148)
232 -> 815 (59)
234 -> 420 (20)
234 -> 598 (62)
235 -> 514 (160)
236 -> 291 (105)
238 -> 190 (162)
238 -> 905 (24)
239 -> 599 (157)
240 -> 50 (176)
241 -> 383 (141)
242 -> 95 (150)
243 -> 50 (184)
243 -> 981 (5)
244 -> 889 (1)
244 -> 923 (13)
245 -> 86 (151)
245 -> 91 (129)
245 -> 116 (151)
245 -> 191 (124)
245 -> 267 (168)
245 -> 286 (118)
245 -> 287 (118)
245 -> 316 (189)
245 -> 319 (162)
245 -> 333 (189)
245 -> 374 (184)
245 -> 396 (175)
245 -> 423 (190)
245 -> 433 (132)
245 -> 435 (131)
245 -> 484 (197)
245 -> 557 (195)
245 -> 561 (164)
245 -> 815 (193)
246 -> 20 (167)
246 -> 187 (186)
246 -> 347 (144)
246 -> 396 (164)
246 -> 429 (156)
246 -> 524 (200)
246 -> 565 (146)
246 -> 656 (120)
246 -> 677 (162)
246 -> 682 (166)
246 -> 683 (185)
246 -> 697 (131)
246 -> 706 (169)
246 -> 715 (132)
246 -> 722 (151)
246 -> 815 (110)
246 -> 829 (147)
246 -> 912 (165)
247 -> 849 (17)
248 -> 47 (18)
249 -> 599 (169)
250 -> 902 (196)
251 -> 767 (196)
252 -> 30 (193)
252 -> 39 (130)
252 -> 156 (193)
252 -> 183 (112)
252 -> 188 (138)
252 -> 392 (119)
252 -> 441 (143)
252 -> 473 (199)
252 -> 502 (131)
252 -> 523 (183)
252 -> 564 (184)
252 -> 590 (177)
252 -> 767 (105)
253 -> 619 (140)
254 -> 40 (60)
254 -> 478 (16)
254 -> 723 (43)
256 -> 622 (87)
257 -> 50 (198)
259 -> 372 (17)
259 -> 639 (2)
259 -> 755 (118)
260 -> 40 (184)
262 -> 50 (108)
262 -> 778 (79)
265 -> 619 (1)
266 -> 383 (199)
267 -> 383 (168)
268 -> 584 (3)
268 -> 815 (44)
268 -> 822 (27)
269 -> 599 (93)
269 -> 608 (37)
269 -> 616 (26)
270 -> 767 (169)
271 -> 619 (78)
272 -> 507 (120)
272 -> 752 (73)
273 -> 599 (19)
274 -> 40 (180)
276 -> 417 (193)
278 -> 422 (40)
278 -> 628 (52)
279 -> 599 (190)
279 -> 815 (4)
280 -> 66 (175)
280 -> 104 (104)
280 -> 157 (136)
280 -> 166 (161)
280 -> 171 (133)
280 -> 176 (172)
280 -> 240 (173)
280 -> 241 (141)
280 -> 306 (154)
280 -> 366 (169)
280 -> 402 (97)
280 -> 416 (134)
280 -> 470 (115)
280 -> 531 (169)
280 -> 534 (124)
280 -> 558 (137)
280 -> 575 (78)
280 -> 601 (182)
280 -> 670 (198)
280 -> 819 (162)
281 -> 396 (146)
282 -> 132 (5)
284 -> 619 (133)
284 -> 815 (56)
286 -> 619 (118)
287 -> 40 (118)
290 -> 50 (112)
290 -> 800 (67)
291 -> 40 (96)
291 -> 224 (9)
292 -> 667 (49)
293 -> 292 (49)
293 -> 763 (38)
293 -> 842 (96)
294 -> 619 (76)
295 -> 456 (31)
295 -> 598 (2)
296 -> 40 (24)
297 -> 599 (126)
299 -> 40 (175)
301 -> 396 (167)
301 -> 599 (4)
302 -> 321 (72)
302 -> 779 (12)
302 -> 815 (82)
303 -> 396 (168)
304 -> 599 (4)
305 -> 297 (23)
305 -> 659 (32)
305 -> 695 (69)
306 -> 767 (198)
307 -> 132 (14)
307 -> 717 (1)
308 -> 50 (92)
308 -> 383 (88)
309 -> 50 (191)
310 -> 514 (130)
312 -> 599 (114)
313 -> 514 (116)
313 -> 599 (63)
314 -> 599 (192)
314 -> 976 (6)
315 -> 514 (128)
316 -> 767 (189)
319 -> 50 (151)
319 -> 599 (11)
320 -> 815 (190)
321 -> 383 (153)
322 -> 514 (167)
322 -> 873 (12)
323 -> 40 (179)
327 -> 40 (157)
328 -> 396 (104)
328 -> 599 (74)
329 -> 485 (3)
330 -> 50 (189)
331 -> 990 (112)
333 -> 50 (174)
333 -> 383 (15)
336 -> 134 (152)
336 -> 138 (189)
336 -> 230 (126)
336 -> 425 (105)
336 -> 436 (129)
336 -> 442 (190)
336 -> 457 (154)
336 -> 465 (161)
336 -> 513 (127)
336 -> 538 (187)
336 -> 547 (117)
336 -> 592 (95)
336 -> 686 (172)
336 -> 742 (145)
336 -> 767 (162)
336 -> 815 (142)
336 -> 923 (135)
337 -> 383 (101)
338 -> 12 (182)
338 -> 355 (60)
338 -> 514 (200)
338 -> 815 (129)
339 -> 135 (2)
339 -> 222 (177)
340 -> 619 (125)
341 -> 383 (70)
343 -> 396 (97)
344 -> 599 (182)
345 -> 305 (124)
345 -> 619 (59)
346 -> 599 (100)
347 -> 396 (144)
349 -> 478 (26)
349 -> 619 (117)
349 -> 800 (12)
350 -> 40 (150)
351 -> 621 (183)
352 -> 50 (138)
353 -> 40 (95)
354 -> 599 (83)
355 -> 514 (60)
356 -> 186 (54)
356 -> 632 (12)
356 -> 650 (11)
357 -> 50 (146)
359 -> 67 (38)
359 -> 767 (89)
360 -> 383 (132)
360 -> 857 (18)
360 -> 963 (8)
364 -> 150 (17)
364 -> 352 (15)
364 -> 622 (106)
364 -> 746 (9)
365 -> 667 (131)
366 -> 767 (196)
367 -> 50 (79)
367 -> 771 (29)
368 -> 514 (136)
368 -> 627 (61)
369 -> 40 (157)
370 -> 50 (114)
370 -> 599 (47)
371 -> 588 (117)
372 -> 514 (98)
373 -> 514 (108)
374 -> 40 (198)
375 -> 396 (119)
376 -> 162 (75)
376 -> 207 (173)
376 -> 253 (140)
376 -> 313 (179)
376 -> 391 (168)
376 -> 472 (106)
376 -> 599 (108)
376 -> 602 (188)
376 -> 603 (130)
376 -> 632 (171)
376 -> 729 (85)
376 -> 815 (136)
376 -> 816 (163)
377 -> 85 (92)
377 -> 303 (32)
377 -> 344 (13)
377 -> 629 (2)
378 -> 100 (161)
378 -> 112 (96)
378 -> 143 (135)
378 -> 312 (114)
378 -> 349 (155)
378 -> 448 (165)
378 -> 489 (96)
378 -> 556 (176)
378 -> 631 (164)
378 -> 661 (160)
378 -> 664 (181)
378 -> 696 (188)
378 -> 753 (167)
378 -> 781 (163)
379 -> 396 (136)
379 -> 637 (15)
380 -> 396 (46)
381 -> 40 (127)
381 -> 861 (21)
382 -> 396 (110)
382 -> 599 (39)
384 -> 659 (130)
384 -> 905 (50)
387 -> 619 (125)
387 -> 816 (6)
390 -> 520 (86)
390 -> 838 (94)
390 -> 905 (13)
391 -> 50 (168)
392 -> 50 (195)
393 -> 514 (185)
394 -> 383 (127)
395 -> 550 (10)
398 -> 404 (2)
398 -> 616 (6)
399 -> 303 (136)
400 -> 396 (187)
401 -> 565 (30)
401 -> 925 (18)
402 -> 50 (97)
403 -> 84 (115)
403 -> 396 (65)
404 -> 619 (184)
406 -> 443 (89)
407 -> 514 (99)
408 -> 553 (41)
408 -> 599 (84)
409 -> 599 (109)
410 -> 496 (80)
410 -> 773 (118)
411 -> 65 (15)
411 -> 395 (10)
411 -> 724 (8)
411 -> 862 (47)
411 -> 938 (49)
411 -> 965 (66)
416 -> 40 (114)
416 -> 767 (20)
417 -> 767 (193)
418 -> 396 (132)
419 -> 40 (152)
420 -> 815 (92)
422 -> 40 (144)
423 -> 50 (190)
424 -> 40 (121)
424 -> 132 (55)
425 -> 40 (105)
426 -> 619 (66)
428 -> 40 (197)
429 -> 40 (156)
431 -> 815 (119)
432 -> 619 (168)
432 -> 963 (1)
433 -> 50 (127)
433 -> 630 (5)
434 -> 599 (111)
435 -> 815 (195)
436 -> 50 (129)
437 -> 195 (63)
437 -> 536 (6)
437 -> 569 (75)
439 -> 251 (77)
439 -> 514 (83)
441 -> 619 (178)
442 -> 0 (149)
443 -> 383 (199)
445 -> 619 (12)
446 -> 40 (158)
447 -> 40 (170)
448 -> 40 (146)
448 -> 273 (19)
449 -> 869 (9)
449 -> 899 (5)
450 -> 815 (179)
451 -> 40 (124)
451 -> 724 (132)
451 -> 738 (85)
451 -> 815 (96)
453 -> 396 (124)
453 -> 514 (67)
454 -> 224 (29)
454 -> 599 (137)
455 -> 383 (178)
455 -> 619 (6)
456 -> 396 (157)
457 -> 40 (154)
458 -> 40 (180)
458 -> 514 (17)
459 -> 109 (142)
459 -> 217 (74)
459 -> 308 (180)
459 -> 619 (121)
459 -> 666 (122)
460 -> 815 (157)
461 -> 383 (182)
463 -> 519 (31)
463 -> 553 (135)
464 -> 767 (199)
465 -> 40 (70)
465 -> 396 (91)
466 -> 514 (129)
466 -> 644 (12)
467 -> 274 (117)
467 -> 881 (70)
468 -> 50 (143)
469 -> 23 (131)
469 -> 25 (101)
469 -> 51 (183)
469 -> 78 (183)
469 -> 260 (169)
469 -> 464 (161)
469 -> 492 (176)
469 -> 540 (142)
469 -> 584 (158)
469 -> 614 (134)
469 -> 633 (193)
469 -> 649 (161)
469 -> 684 (129)
469 -> 748 (190)
469 -> 924 (170)
470 -> 40 (115)
471 -> 50 (98)
472 -> 396 (134)
473 -> 40 (140)
473 -> 599 (59)
474 -> 396 (71)
475 -> 703 (18)
477 -> 514 (104)
478 -> 383 (151)
479 -> 204 (26)
479 -> 537 (24)
480 -> 251 (119)
481 -> 783 (45)
481 -> 818 (19)
484 -> 40 (191)
484 -> 599 (6)
485 -> 815 (173)
486 -> 823 (74)
489 -> 40 (96)
491 -> 54 (125)
491 -> 265 (1)
492 -> 50 (176)
493 -> 50 (181)
494 -> 9 (164)
494 -> 53 (112)
494 -> 62 (152)
494 -> 120 (131)
494 -> 155 (85)
494 -> 201 (99)
494 -> 213 (148)
494 -> 266 (126)
494 -> 302 (166)
494 -> 315 (91)
494 -> 321 (81)
494 -> 323 (177)
494 -> 461 (182)
494 -> 466 (141)
494 -> 493 (138)
494 -> 567 (161)
494 -> 613 (144)
494 -> 625 (137)
494 -> 655 (99)
494 -> 777 (96)
494 -> 811 (151)
494 -> 835 (177)
494 -> 863 (187)
494 -> 868 (161)
494 -> 874 (189)
494 -> 901 (129)
494 -> 907 (141)
494 -> 910 (166)
494 -> 933 (163)
494 -> 949 (183)
494 -> 962 (151)
495 -> 711 (18)
496 -> 50 (86)
497 -> 83 (129)
498 -> 136 (37)
498 -> 396 (155)
499 -> 40 (171)
501 -> 383 (62)
502 -> 514 (131)
503 -> 40 (115)
503 -> 599 (73)
504 -> 50 (139)
504 -> 711 (55)
505 -> 619 (119)
505 -> 643 (11)
505 -> 650 (20)
505 -> 667 (10)
506 -> 618 (90)
506 -> 761 (3)
506 -> 767 (73)
506 -> 877 (1)
507 -> 683 (6)
507 -> 838 (19)
507 -> 861 (95)
508 -> 40 (157)
508 -> 771 (13)
509 -> 694 (135)
510 -> 619 (189)
511 -> 239 (62)
511 -> 609 (96)
511 -> 886 (8)
512 -> 31 (161)
512 -> 32 (133)
512 -> 75 (106)
512 -> 76 (114)
512 -> 180 (129)
512 -> 243 (189)
512 -> 359 (127)
512 -> 367 (108)
512 -> 383 (82)
512 -> 428 (138)
512 -> 432 (169)
512 -> 450 (155)
512 -> 458 (197)
512 -> 477 (103)
512 -> 508 (170)
512 -> 522 (165)
512 -> 579 (128)
512 -> 604 (124)
512 -> 708 (93)
512 -> 815 (115)
512 -> 843 (180)
512 -> 851 (177)
512 -> 889 (167)
512 -> 890 (159)
512 -> 908 (142)
512 -> 954 (175)
512 -> 966 (149)
513 -> 40 (93)
513 -> 223 (34)
515 -> 295 (33)
515 -> 714 (6)
515 -> 788 (100)
516 -> 767 (121)
517 -> 50 (194)
517 -> 760 (4)
518 -> 346 (93)
518 -> 420 (10)
518 -> 767 (91)
519 -> 514 (146)
520 -> 40 (100)
522 -> 514 (119)
522 -> 870 (46)
523 -> 767 (183)
524 -> 281 (3)
524 -> 599 (167)
524 -> 983 (30)
525 -> 599 (159)
526 -> 514 (123)
528 -> 142 (5)
528 -> 550 (55)
528 -> 766 (42)
528 -> 849 (68)
530 -> 800 (18)
531 -> 514 (169)
532 -> 514 (73)
534 -> 383 (124)
535 -> 59 (48)
535 -> 396 (106)
536 -> 807 (109)
537 -> 619 (24)
538 -> 50 (172)
538 -> 767 (15)
539 -> 514 (136)
539 -> 619 (30)
540 -> 396 (97)
540 -> 514 (45)
542 -> 50 (197)
543 -> 599 (165)
543 -> 619 (28)
544 -> 383 (105)
546 -> 815 (127)
547 -> 447 (6)
547 -> 496 (2)
547 -> 551 (78)
547 -> 818 (31)
549 -> 422 (57)
549 -> 485 (3)
549 -> 746 (15)
549 -> 757 (86)
549 -> 783 (36)
550 -> 50 (168)
551 -> 383 (107)
552 -> 479 (50)
552 -> 501 (62)
553 -> 599 (185)
554 -> 530 (15)
554 -> 619 (184)
556 -> 396 (100)
556 -> 767 (76)
557 -> 599 (170)
557 -> 687 (25)
558 -> 599 (168)
559 -> 619 (181)
561 -> 383 (144)
561 -> 514 (20)
562 -> 616 (15)
562 -> 637 (5)
563 -> 50 (128)
564 -> 40 (147)
564 -> 581 (37)
565 -> 767 (176)
566 -> 150 (44)
566 -> 767 (90)
567 -> 40 (149)
567 -> 619 (12)
568 -> 634 (188)
569 -> 619 (179)
570 -> 486 (71)
570 -> 871 (83)
572 -> 91 (35)
572 -> 247 (6)
572 -> 619 (134)
573 -> 767 (159)
575 -> 396 (136)
576 -> 393 (119)
576 -> 583 (39)
577 -> 618 (6)
577 -> 714 (153)
579 -> 50 (128)
580 -> 599 (181)
581 -> 599 (164)
583 -> 396 (92)
584 -> 383 (161)
585 -> 514 (177)
587 -> 50 (162)
587 -> 767 (20)
588 -> 767 (156)
589 -> 599 (29)
590 -> 619 (172)
590 -> 745 (5)
591 -> 472 (28)
591 -> 516 (121)
592 -> 383 (199)
593 -> 192 (4)
593 -> 419 (66)
593 -> 767 (71)
594 -> 837 (160)
595 -> 383 (102)
595 -> 600 (75)
596 -> 34 (184)
598 -> 396 (73)
600 -> 383 (156)
601 -> 619 (182)
602 -> 599 (141)
602 -> 619 (47)
603 -> 50 (144)
604 -> 396 (120)
604 -> 823 (4)
605 -> 352 (23)
605 -> 396 (174)
605 -> 875 (2)
606 -> 815 (146)
606 -> 971 (21)
607 -> 37 (12)
607 -> 50 (131)
607 -> 346 (7)
608 -> 767 (113)
609 -> 396 (96)
610 -> 815 (167)
612 -> 767 (3)
613 -> 50 (115)
613 -> 589 (29)
614 -> 40 (134)
615 -> 396 (139)
616 -> 767 (148)
617 -> 50 (148)
617 -> 870 (28)
618 -> 815 (193)
620 -> 257 (67)
620 -> 961 (33)
621 -> 380 (46)
621 -> 514 (137)
622 -> 40 (193)
623 -> 383 (141)
623 -> 544 (59)
624 -> 767 (107)
625 -> 608 (38)
625 -> 619 (99)
626 -> 50 (155)
627 -> 815 (145)
628 -> 40 (102)
629 -> 514 (22)
630 -> 703 (5)
631 -> 599 (155)
631 -> 773 (9)
632 -> 767 (183)
633 -> 40 (120)
633 -> 50 (73)
634 -> 514 (181)
634 -> 993 (7)
636 -> 383 (124)
636 -> 767 (47)
637 -> 815 (200)
638 -> 383 (185)
639 -> 838 (69)
640 -> 599 (115)
641 -> 383 (124)
641 -> 514 (25)
643 -> 514 (157)
644 -> 6 (12)
645 -> 765 (108)
647 -> 354 (69)
647 -> 474 (71)
647 -> 600 (21)
648 -> 767 (176)
648 -> 815 (14)
649 -> 514 (157)
649 -> 767 (4)
650 -> 619 (199)
651 -> 396 (142)
652 -> 481 (64)
652 -> 569 (104)
653 -> 50 (158)
653 -> 767 (28)
654 -> 49 (40)
654 -> 800 (44)
655 -> 393 (32)
655 -> 396 (67)
656 -> 815 (192)
657 -> 2 (178)
657 -> 22 (174)
657 -> 86 (33)
657 -> 123 (133)
657 -> 194 (133)
657 -> 279 (194)
657 -> 403 (180)
657 -> 439 (160)
657 -> 442 (200)
657 -> 606 (167)
657 -> 720 (100)
657 -> 797 (185)
657 -> 815 (190)
657 -> 839 (152)
657 -> 842 (93)
657 -> 951 (86)
658 -> 97 (157)
658 -> 203 (186)
658 -> 396 (200)
658 -> 615 (139)
658 -> 619 (192)
658 -> 702 (61)
659 -> 599 (162)
660 -> 514 (120)
661 -> 40 (174)
662 -> 514 (95)
662 -> 764 (51)
664 -> 599 (143)
664 -> 815 (38)
666 -> 383 (189)
667 -> 767 (190)
668 -> 40 (128)
669 -> 830 (48)
669 -> 872 (20)
670 -> 619 (162)
670 -> 815 (36)
672 -> 37 (160)
672 -> 50 (55)
672 -> 60 (82)
672 -> 64 (194)
672 -> 118 (114)
672 -> 119 (77)
672 -> 149 (52)
672 -> 195 (134)
672 -> 269 (156)
672 -> 320 (99)
672 -> 396 (135)
672 -> 535 (154)
672 -> 620 (100)
672 -> 662 (146)
672 -> 680 (145)
672 -> 750 (175)
672 -> 759 (144)
672 -> 798 (176)
672 -> 840 (96)
672 -> 852 (111)
672 -> 867 (140)
672 -> 887 (177)
672 -> 967 (69)
672 -> 992 (189)
672 -> 996 (142)
676 -> 73 (84)
676 -> 164 (110)
676 -> 198 (152)
676 -> 236 (105)
676 -> 309 (187)
676 -> 408 (125)
676 -> 451 (175)
676 -> 480 (119)
676 -> 499 (171)
676 -> 624 (107)
676 -> 681 (192)
676 -> 780 (174)
676 -> 786 (117)
676 -> 788 (94)
676 -> 792 (115)
676 -> 806 (112)
676 -> 856 (160)
676 -> 883 (157)
676 -> 903 (153)
676 -> 911 (140)
676 -> 929 (178)
676 -> 974 (186)
676 -> 983 (126)
677 -> 40 (162)
678 -> 619 (191)
679 -> 514 (53)
680 -> 396 (144)
680 -> 514 (1)
681 -> 40 (136)
681 -> 54 (56)
682 -> 396 (166)
683 -> 599 (191)
684 -> 383 (152)
685 -> 50 (149)
685 -> 514 (8)
686 -> 40 (177)
687 -> 341 (25)
689 -> 224 (17)
689 -> 304 (4)
690 -> 40 (181)
691 -> 383 (159)
691 -> 743 (23)
692 -> 525 (159)
694 -> 396 (118)
694 -> 447 (13)
694 -> 526 (4)
695 -> 396 (69)
696 -> 40 (181)
696 -> 619 (7)
697 -> 50 (131)
698 -> 514 (169)
699 -> 456 (12)
700 -> 50 (125)
700 -> 747 (46)
701 -> 230 (9)
702 -> 767 (61)
703 -> 396 (134)
706 -> 767 (124)
706 -> 791 (45)
708 -> 514 (92)
708 -> 889 (1)
709 -> 40 (192)
711 -> 532 (73)
712 -> 396 (131)
713 -> 592 (72)
713 -> 643 (55)
714 -> 619 (197)
715 -> 396 (102)
715 -> 815 (30)
716 -> 50 (150)
716 -> 810 (35)
717 -> 40 (39)
718 -> 35 (95)
718 -> 224 (91)
719 -> 526 (1)
719 -> 563 (128)
719 -> 757 (3)
719 -> 771 (4)
720 -> 383 (139)
721 -> 50 (153)
721 -> 383 (31)
722 -> 40 (120)
722 -> 50 (31)
723 -> 815 (78)
724 -> 815 (151)
725 -> 599 (182)
726 -> 450 (11)
726 -> 544 (46)
726 -> 666 (67)
726 -> 813 (18)
727 -> 166 (13)
727 -> 257 (105)
728 -> 50 (134)
728 -> 767 (38)
729 -> 396 (85)
730 -> 514 (116)
730 -> 619 (79)
731 -> 232 (59)
731 -> 583 (53)
731 -> 767 (74)
732 -> 599 (128)
733 -> 40 (114)
734 -> 815 (164)
735 -> 169 (81)
736 -> 396 (77)
737 -> 40 (106)
737 -> 668 (21)
737 -> 724 (11)
738 -> 767 (156)
739 -> 383 (168)
740 -> 383 (100)
741 -> 478 (109)
742 -> 619 (140)
742 -> 862 (5)
743 -> 767 (60)
744 -> 50 (140)
744 -> 296 (24)
745 -> 686 (5)
746 -> 383 (162)
747 -> 40 (181)
748 -> 50 (161)
748 -> 396 (29)
749 -> 50 (131)
750 -> 354 (14)
750 -> 496 (4)
750 -> 514 (157)
752 -> 825 (13)
752 -> 853 (60)
753 -> 50 (76)
753 -> 767 (91)
754 -> 50 (169)
754 -> 58 (180)
754 -> 80 (160)
754 -> 88 (150)
754 -> 92 (110)
754 -> 114 (125)
754 -> 119 (113)
754 -> 122 (159)
754 -> 153 (177)
754 -> 159 (80)
754 -> 193 (185)
754 -> 200 (153)
754 -> 238 (186)
754 -> 245 (86)
754 -> 376 (119)
754 -> 407 (99)
754 -> 410 (198)
754 -> 459 (18)
754 -> 467 (187)
754 -> 497 (129)
754 -> 581 (127)
754 -> 599 (111)
754 -> 654 (84)
754 -> 661 (14)
754 -> 716 (185)
754 -> 735 (81)
754 -> 740 (100)
754 -> 767 (183)
754 -> 789 (194)
754 -> 799 (169)
754 -> 815 (7)
754 -> 847 (89)
754 -> 931 (180)
755 -> 514 (198)
757 -> 396 (89)
758 -> 374 (14)
758 -> 598 (9)
759 -> 815 (144)
760 -> 948 (4)
761 -> 804 (110)
762 -> 281 (75)
762 -> 396 (57)
763 -> 800 (38)
764 -> 599 (92)
765 -> 383 (108)
766 -> 815 (200)
768 -> 619 (190)
769 -> 50 (126)
770 -> 619 (172)
771 -> 50 (46)
772 -> 599 (188)
773 -> 40 (127)
775 -> 396 (200)
777 -> 815 (96)
778 -> 619 (79)
779 -> 445 (12)
780 -> 619 (166)
780 -> 873 (8)
781 -> 383 (101)
781 -> 619 (62)
782 -> 40 (137)
782 -> 50 (49)
783 -> 40 (81)
784 -> 353 (33)
784 -> 600 (60)
785 -> 40 (75)
786 -> 383 (63)
786 -> 599 (54)
788 -> 383 (194)
789 -> 84 (77)
789 -> 126 (39)
789 -> 619 (78)
791 -> 375 (119)
792 -> 383 (143)
793 -> 553 (9)
793 -> 714 (38)
793 -> 815 (141)
794 -> 169 (15)
794 -> 767 (166)
795 -> 52 (175)
795 -> 67 (124)
795 -> 104 (90)
795 -> 161 (99)
795 -> 185 (135)
795 -> 219 (171)
795 -> 252 (183)
795 -> 368 (197)
795 -> 400 (161)
795 -> 514 (175)
795 -> 536 (103)
795 -> 576 (158)
795 -> 718 (186)
795 -> 734 (164)
795 -> 746 (110)
795 -> 766 (129)
795 -> 820 (189)
795 -> 832 (55)
795 -> 895 (145)
795 -> 900 (102)
795 -> 930 (200)
795 -> 933 (20)
795 -> 995 (108)
796 -> 262 (187)
796 -> 454 (166)
796 -> 455 (184)
796 -> 517 (198)
796 -> 573 (159)
796 -> 610 (100)
796 -> 636 (171)
796 -> 698 (144)
796 -> 712 (131)
796 -> 721 (184)
796 -> 731 (186)
796 -> 821 (183)
796 -> 846 (195)
796 -> 897 (163)
796 -> 939 (147)
796 -> 979 (191)
797 -> 383 (144)
797 -> 619 (41)
798 -> 19 (116)
798 -> 83 (60)
799 -> 344 (169)
800 -> 619 (181)
801 -> 50 (82)
801 -> 137 (5)
801 -> 244 (14)
801 -> 443 (7)
801 -> 864 (9)
802 -> 767 (121)
803 -> 257 (26)
804 -> 815 (153)
805 -> 815 (170)
806 -> 40 (85)
806 -> 383 (27)
807 -> 396 (109)
808 -> 619 (116)
808 -> 746 (28)
809 -> 27 (95)
809 -> 28 (180)
809 -> 32 (28)
809 -> 182 (138)
809 -> 226 (187)
809 -> 424 (176)
809 -> 526 (115)
809 -> 618 (94)
809 -> 647 (161)
809 -> 648 (190)
809 -> 732 (128)
809 -> 739 (102)
809 -> 744 (164)
809 -> 805 (170)
809 -> 855 (154)
809 -> 950 (200)
809 -> 953 (159)
810 -> 383 (169)
811 -> 383 (179)
812 -> 10 (108)
812 -> 46 (89)
812 -> 60 (111)
812 -> 164 (71)
812 -> 246 (142)
812 -> 260 (15)
812 -> 323 (2)
812 -> 351 (166)
812 -> 390 (193)
812 -> 396 (135)
812 -> 463 (166)
812 -> 509 (135)
812 -> 514 (185)
812 -> 519 (115)
812 -> 568 (183)
812 -> 651 (142)
812 -> 653 (186)
812 -> 728 (172)
812 -> 770 (172)
812 -> 784 (93)
812 -> 808 (144)
812 -> 815 (121)
812 -> 825 (140)
812 -> 833 (144)
812 -> 926 (170)
812 -> 944 (179)
812 -> 951 (24)
812 -> 960 (172)
812 -> 998 (171)
813 -> 514 (28)
816 -> 50 (169)
818 -> 514 (118)
819 -> 383 (106)
819 -> 619 (56)
820 -> 396 (189)
821 -> 50 (150)
821 -> 383 (33)
822 -> 383 (93)
823 -> 383 (163)
824 -> 396 (157)
825 -> 383 (153)
827 -> 224 (48)
827 -> 514 (147)
828 -> 1 (24)
828 -> 200 (32)
828 -> 227 (150)
828 -> 315 (37)
828 -> 322 (179)
828 -> 351 (17)
828 -> 394 (110)
828 -> 399 (136)
828 -> 469 (191)
828 -> 594 (155)
828 -> 762 (132)
828 -> 841 (173)
828 -> 845 (187)
828 -> 854 (178)
828 -> 917 (162)
828 -> 948 (165)
828 -> 958 (154)
828 -> 959 (114)
828 -> 972 (72)
828 -> 988 (160)
829 -> 599 (147)
830 -> 514 (48)
831 -> 530 (3)
831 -> 588 (39)
831 -> 599 (56)
831 -> 689 (21)
831 -> 699 (12)
832 -> 619 (183)
833 -> 767 (144)
835 -> 426 (66)
835 -> 450 (13)
835 -> 815 (98)
836 -> 767 (134)
837 -> 603 (14)
837 -> 619 (146)
838 -> 815 (182)
839 -> 396 (110)
839 -> 514 (42)
840 -> 619 (96)
841 -> 40 (72)
841 -> 320 (91)
841 -> 959 (10)
842 -> 514 (189)
843 -> 50 (130)
843 -> 815 (50)
844 -> 383 (183)
845 -> 223 (75)
845 -> 447 (112)
846 -> 40 (163)
846 -> 599 (32)
847 -> 650 (89)
849 -> 396 (133)
850 -> 50 (110)
850 -> 230 (13)
850 -> 485 (15)
850 -> 650 (3)
850 -> 703 (10)
851 -> 50 (78)
851 -> 599 (99)
852 -> 619 (190)
853 -> 40 (60)
854 -> 136 (31)
854 -> 329 (3)
854 -> 431 (80)
854 -> 901 (32)
854 -> 983 (32)
855 -> 441 (35)
855 -> 678 (91)
855 -> 684 (23)
855 -> 733 (5)
856 -> 165 (160)
857 -> 514 (191)
859 -> 422 (33)
859 -> 599 (110)
860 -> 468 (133)
860 -> 690 (10)
861 -> 40 (116)
862 -> 40 (61)
863 -> 27 (51)
863 -> 383 (136)
864 -> 862 (9)
867 -> 271 (49)
867 -> 396 (91)
868 -> 383 (161)
869 -> 815 (173)
870 -> 767 (74)
871 -> 477 (1)
871 -> 720 (38)
871 -> 804 (43)
871 -> 923 (1)
872 -> 629 (20)
873 -> 40 (49)
874 -> 27 (6)
874 -> 49 (18)
874 -> 396 (165)
875 -> 800 (2)
877 -> 767 (111)
878 -> 31 (33)
878 -> 49 (99)
878 -> 53 (39)
878 -> 78 (9)
878 -> 108 (86)
878 -> 125 (136)
878 -> 133 (167)
878 -> 139 (78)
878 -> 141 (117)
878 -> 154 (155)
878 -> 182 (38)
878 -> 276 (154)
878 -> 360 (158)
878 -> 381 (148)
878 -> 406 (89)
878 -> 494 (25)
878 -> 542 (163)
878 -> 596 (136)
878 -> 638 (112)
878 -> 652 (168)
878 -> 658 (194)
878 -> 692 (69)
878 -> 709 (146)
878 -> 869 (164)
878 -> 882 (183)
878 -> 921 (86)
880 -> 373 (108)
880 -> 592 (32)
881 -> 132 (8)
881 -> 485 (24)
881 -> 717 (38)
882 -> 383 (149)
882 -> 396 (138)
882 -> 514 (146)
882 -> 599 (133)
882 -> 970 (115)
883 -> 514 (157)
884 -> 599 (157)
884 -> 766 (29)
885 -> 2 (22)
885 -> 13 (178)
885 -> 42 (165)
885 -> 100 (29)
885 -> 107 (139)
885 -> 123 (64)
885 -> 145 (146)
885 -> 181 (127)
885 -> 199 (194)
885 -> 205 (195)
885 -> 212 (152)
885 -> 266 (73)
885 -> 293 (183)
885 -> 299 (138)
885 -> 336 (116)
885 -> 369 (102)
885 -> 442 (34)
885 -> 498 (192)
885 -> 514 (102)
885 -> 552 (112)
885 -> 568 (5)
885 -> 572 (175)
885 -> 593 (141)
885 -> 610 (67)
885 -> 639 (67)
885 -> 768 (100)
885 -> 769 (126)
885 -> 782 (186)
885 -> 815 (128)
885 -> 913 (106)
885 -> 916 (55)
885 -> 928 (179)
885 -> 940 (57)
885 -> 955 (159)
886 -> 815 (8)
887 -> 166 (21)
887 -> 383 (156)
888 -> 101 (42)
888 -> 599 (138)
888 -> 619 (160)
889 -> 619 (169)
890 -> 514 (159)
892 -> 50 (130)
892 -> 822 (25)
893 -> 428 (59)
893 -> 485 (2)
893 -> 514 (80)
894 -> 41 (184)
894 -> 118 (69)
894 -> 151 (188)
894 -> 160 (107)
894 -> 227 (10)
894 -> 276 (39)
894 -> 290 (179)
894 -> 330 (129)
894 -> 383 (67)
894 -> 387 (131)
894 -> 566 (134)
894 -> 594 (5)
894 -> 599 (156)
894 -> 619 (54)
894 -> 700 (171)
894 -> 725 (146)
894 -> 727 (118)
894 -> 802 (121)
894 -> 880 (140)
894 -> 896 (88)
895 -> 514 (144)
895 -> 660 (1)
896 -> 435 (64)
896 -> 822 (24)
897 -> 40 (114)
897 -> 383 (49)
898 -> 468 (10)
899 -> 50 (5)
900 -> 514 (102)
901 -> 514 (161)
902 -> 40 (175)
902 -> 396 (21)
903 -> 383 (153)
905 -> 50 (163)
906 -> 59 (16)
906 -> 383 (117)
906 -> 580 (1)
906 -> 849 (48)
907 -> 767 (199)
908 -> 40 (117)
908 -> 50 (25)
910 -> 767 (166)
911 -> 815 (140)
912 -> 50 (147)
912 -> 495 (18)
913 -> 40 (103)
913 -> 132 (3)
914 -> 50 (79)
916 -> 281 (41)
916 -> 422 (14)
917 -> 396 (162)
919 -> 40 (106)
919 -> 767 (66)
921 -> 815 (126)
922 -> 3 (197)
922 -> 40 (83)
922 -> 175 (176)
922 -> 270 (127)
922 -> 383 (136)
922 -> 554 (199)
922 -> 585 (138)
922 -> 772 (160)
922 -> 775 (120)
922 -> 793 (188)
922 -> 827 (195)
922 -> 919 (172)
922 -> 964 (87)
923 -> 815 (149)
924 -> 514 (168)
924 -> 815 (2)
925 -> 396 (44)
926 -> 383 (170)
927 -> 475 (6)
927 -> 698 (25)
927 -> 905 (76)
928 -> 767 (179)
929 -> 102 (104)
929 -> 223 (74)
930 -> 40 (73)
930 -> 185 (43)
930 -> 297 (84)
931 -> 514 (194)
932 -> 575 (58)
932 -> 764 (41)
932 -> 792 (28)
932 -> 985 (47)
933 -> 815 (183)
934 -> 16 (110)
934 -> 107 (47)
934 -> 142 (30)
934 -> 150 (104)
934 -> 209 (168)
934 -> 242 (143)
934 -> 278 (92)
934 -> 371 (117)
934 -> 378 (40)
934 -> 394 (17)
934 -> 409 (109)
934 -> 437 (144)
934 -> 491 (126)
934 -> 511 (166)
934 -> 518 (194)
934 -> 542 (34)
934 -> 596 (48)
934 -> 607 (150)
934 -> 656 (72)
934 -> 692 (48)
934 -> 761 (107)
934 -> 811 (28)
934 -> 815 (29)
934 -> 844 (183)
934 -> 860 (143)
934 -> 884 (186)
934 -> 931 (14)
934 -> 982 (175)
934 -> 986 (187)
935 -> 20 (9)
935 -> 65 (144)
935 -> 73 (78)
935 -> 80 (4)
935 -> 98 (50)
935 -> 103 (172)
935 -> 108 (50)
935 -> 142 (65)
935 -> 234 (82)
935 -> 240 (3)
935 -> 259 (137)
935 -> 272 (193)
935 -> 314 (198)
935 -> 331 (112)
935 -> 352 (100)
935 -> 366 (27)
935 -> 369 (55)
935 -> 453 (191)
935 -> 493 (43)
935 -> 506 (167)
935 -> 510 (189)
935 -> 514 (51)
935 -> 558 (31)
935 -> 570 (154)
935 -> 623 (200)
935 -> 650 (76)
935 -> 725 (36)
935 -> 726 (142)
935 -> 737 (138)
935 -> 741 (109)
935 -> 749 (131)
935 -> 796 (38)
935 -> 892 (155)
935 -> 893 (141)
935 -> 907 (58)
935 -> 978 (181)
935 -> 997 (153)
937 -> 15 (189)
937 -> 25 (62)
937 -> 33 (66)
937 -> 40 (115)
937 -> 58 (8)
937 -> 59 (66)
937 -> 90 (188)
937 -> 148 (96)
937 -> 168 (172)
937 -> 174 (76)
937 -> 184 (197)
937 -> 189 (179)
937 -> 211 (62)
937 -> 250 (106)
937 -> 256 (87)
937 -> 270 (42)
937 -> 309 (4)
937 -> 330 (60)
937 -> 345 (183)
937 -> 364 (147)
937 -> 365 (108)
937 -> 384 (180)
937 -> 400 (26)
937 -> 404 (182)
937 -> 577 (159)
937 -> 591 (149)
937 -> 595 (177)
937 -> 599 (72)
937 -> 619 (88)
937 -> 691 (182)
937 -> 713 (127)
937 -> 767 (102)
937 -> 824 (110)
937 -> 859 (143)
937 -> 957 (162)
938 -> 50 (51)
939 -> 40 (124)
939 -> 599 (23)
940 -> 767 (57)
941 -> 383 (70)
944 -> 280 (55)
944 -> 645 (45)
944 -> 678 (79)
945 -> 50 (142)
945 -> 383 (52)
946 -> 33 (9)
946 -> 294 (62)
946 -> 736 (57)
946 -> 818 (68)
948 -> 383 (180)
949 -> 40 (108)
949 -> 619 (75)
950 -> 599 (90)
950 -> 619 (110)
951 -> 619 (110)
952 -> 612 (3)
952 -> 815 (156)
953 -> 281 (27)
953 -> 815 (132)
954 -> 396 (168)
954 -> 619 (7)
955 -> 383 (159)
956 -> 514 (13)
957 -> 599 (162)
958 -> 550 (91)
958 -> 723 (35)
958 -> 772 (28)
959 -> 50 (124)
960 -> 67 (29)
960 -> 690 (73)
960 -> 941 (70)
961 -> 815 (33)
962 -> 396 (138)
962 -> 956 (13)
963 -> 50 (61)
964 -> 514 (160)
965 -> 599 (66)
966 -> 383 (149)
967 -> 294 (14)
967 -> 514 (55)
970 -> 40 (123)
971 -> 396 (21)
972 -> 162 (52)
972 -> 456 (20)
974 -> 274 (63)
974 -> 396 (123)
976 -> 823 (16)
978 -> 599 (178)
978 -> 618 (3)
979 -> 40 (165)
979 -> 50 (26)
981 -> 514 (84)
982 -> 396 (175)
983 -> 396 (188)
985 -> 40 (47)
986 -> 396 (142)
986 -> 767 (45)
987 -> 50 (6)
988 -> 420 (40)
988 -> 599 (120)
989 -> 23 (64)
989 -> 188 (33)
989 -> 254 (119)
989 -> 306 (44)
989 -> 377 (139)
989 -> 379 (151)
989 -> 392 (76)
989 -> 443 (103)
989 -> 528 (170)
989 -> 549 (197)
989 -> 580 (180)
989 -> 585 (39)
989 -> 587 (182)
989 -> 599 (81)
989 -> 605 (199)
989 -> 645 (63)
989 -> 678 (21)
989 -> 703 (64)
989 -> 709 (46)
989 -> 775 (80)
989 -> 932 (174)
989 -> 946 (196)
989 -> 952 (159)
990 -> 383 (183)
991 -> 767 (22)
992 -> 383 (183)
992 -> 815 (6)
993 -> 40 (7)
994 -> 39 (55)
994 -> 110 (160)
994 -> 115 (99)
994 -> 206 (91)
994 -> 242 (7)
994 -> 250 (90)
994 -> 268 (74)
994 -> 339 (179)
994 -> 401 (48)
994 -> 411 (195)
994 -> 512 (93)
994 -> 514 (131)
994 -> 515 (139)
994 -> 599 (83)
994 -> 637 (180)
994 -> 638 (73)
994 -> 669 (68)
994 -> 739 (66)
994 -> 767 (93)
994 -> 823 (69)
994 -> 831 (131)
994 -> 832 (111)
994 -> 852 (79)
994 -> 888 (200)
994 -> 906 (182)
994 -> 927 (107)
994 -> 945 (194)
994 -> 981 (79)
995 -> 383 (82)
995 -> 925 (26)
996 -> 815 (142)
997 -> 40 (100)
997 -> 599 (53)
998 -> 197 (60)
998 -> 434 (111)
Fluxo: 93031
Arestas removidas: 101803

--Rotas do 3ยบ turno-----------------------------
1 -> 599 (183)
5 -> 383 (14)
7 -> 50 (151)
8 -> 40 (163)
8 -> 767 (5)
9 -> 619 (161)
10 -> 471 (98)
13 -> 767 (141)
15 -> 94 (163)
15 -> 302 (26)
17 -> 50 (83)
19 -> 40 (116)
20 -> 767 (90)
23 -> 619 (187)
25 -> 396 (144)
27 -> 383 (152)
30 -> 599 (78)
31 -> 40 (90)
32 -> 50 (41)
33 -> 383 (75)
34 -> 17 (83)
35 -> 815 (95)
37 -> 599 (172)
39 -> 40 (113)
41 -> 396 (83)
41 -> 616 (101)
42 -> 599 (165)
45 -> 383 (180)
46 -> 302 (25)
46 -> 372 (64)
49 -> 396 (99)
52 -> 731 (9)
52 -> 815 (166)
53 -> 850 (120)
58 -> 8 (168)
59 -> 599 (81)
60 -> 78 (116)
61 -> 50 (139)
64 -> 599 (155)
65 -> 40 (148)
67 -> 619 (191)
73 -> 514 (162)
76 -> 40 (97)
78 -> 619 (192)
79 -> 815 (21)
80 -> 130 (147)
84 -> 40 (181)
85 -> 514 (92)
86 -> 396 (148)
88 -> 514 (139)
90 -> 450 (13)
90 -> 522 (119)
90 -> 662 (35)
90 -> 681 (21)
91 -> 619 (20)
94 -> 815 (163)
98 -> 383 (142)
100 -> 396 (173)
103 -> 27 (37)
103 -> 120 (120)
103 -> 223 (15)
104 -> 767 (155)
107 -> 396 (186)
108 -> 719 (86)
110 -> 235 (26)
114 -> 514 (125)
115 -> 599 (89)
118 -> 396 (73)
119 -> 50 (172)
120 -> 383 (131)
122 -> 599 (107)
123 -> 514 (197)
125 -> 599 (136)
130 -> 50 (147)
132 -> 599 (3)
133 -> 40 (96)
133 -> 45 (71)
137 -> 40 (35)
138 -> 767 (170)
139 -> 84 (78)
141 -> 801 (117)
142 -> 619 (100)
145 -> 767 (123)
148 -> 5 (14)
148 -> 396 (126)
150 -> 383 (165)
151 -> 733 (114)
151 -> 914 (74)
154 -> 27 (6)
154 -> 45 (10)
154 -> 120 (6)
154 -> 187 (95)
154 -> 271 (38)
155 -> 40 (63)
159 -> 396 (75)
160 -> 225 (1)
160 -> 367 (2)
160 -> 402 (97)
160 -> 432 (7)
161 -> 45 (99)
164 -> 794 (181)
166 -> 619 (195)
168 -> 7 (151)
168 -> 79 (21)
174 -> 767 (170)
175 -> 619 (67)
180 -> 50 (93)
182 -> 617 (150)
184 -> 223 (14)
184 -> 271 (31)
184 -> 426 (66)
184 -> 508 (86)
185 -> 383 (173)
186 -> 767 (28)
187 -> 50 (95)
188 -> 619 (143)
189 -> 299 (37)
189 -> 640 (115)
189 -> 901 (27)
194 -> 815 (133)
195 -> 599 (197)
199 -> 50 (109)
199 -> 815 (85)
200 -> 599 (185)
211 -> 84 (34)
211 -> 186 (28)
213 -> 50 (133)
219 -> 274 (62)
219 -> 599 (109)
223 -> 40 (97)
224 -> 815 (91)
225 -> 383 (121)
227 -> 505 (119)
234 -> 271 (9)
234 -> 353 (73)
235 -> 514 (26)
239 -> 599 (56)
240 -> 50 (125)
241 -> 383 (141)
243 -> 50 (6)
245 -> 396 (173)
246 -> 396 (159)
250 -> 902 (106)
251 -> 767 (165)
252 -> 30 (78)
252 -> 767 (105)
254 -> 40 (60)
254 -> 431 (59)
256 -> 37 (42)
256 -> 239 (45)
259 -> 372 (34)
259 -> 742 (103)
260 -> 40 (171)
262 -> 50 (108)
266 -> 383 (132)
268 -> 815 (44)
269 -> 599 (93)
270 -> 767 (169)
271 -> 619 (78)
274 -> 40 (180)
276 -> 417 (193)
279 -> 599 (45)
290 -> 50 (112)
290 -> 432 (67)
291 -> 40 (80)
299 -> 40 (175)
302 -> 815 (51)
306 -> 767 (92)
309 -> 50 (191)
314 -> 274 (6)
314 -> 599 (192)
315 -> 514 (101)
321 -> 383 (44)
322 -> 514 (167)
323 -> 40 (160)
330 -> 50 (189)
331 -> 195 (112)
336 -> 767 (116)
345 -> 213 (18)
345 -> 424 (75)
345 -> 433 (27)
345 -> 513 (4)
345 -> 619 (59)
351 -> 621 (137)
352 -> 50 (138)
353 -> 40 (95)
354 -> 599 (83)
360 -> 19 (26)
360 -> 383 (132)
364 -> 27 (13)
364 -> 150 (61)
364 -> 269 (34)
364 -> 274 (39)
365 -> 508 (71)
365 -> 524 (37)
366 -> 767 (77)
367 -> 50 (79)
368 -> 514 (136)
368 -> 627 (61)
369 -> 40 (157)
372 -> 514 (98)
373 -> 514 (108)
376 -> 599 (108)
376 -> 815 (11)
377 -> 85 (92)
377 -> 241 (47)
379 -> 213 (34)
379 -> 618 (117)
381 -> 40 (127)
381 -> 138 (21)
384 -> 138 (105)
384 -> 213 (75)
387 -> 19 (1)
387 -> 120 (5)
387 -> 619 (125)
390 -> 64 (155)
390 -> 185 (38)
392 -> 50 (123)
394 -> 383 (127)
400 -> 396 (187)
402 -> 50 (97)
404 -> 619 (182)
405 -> 710 (78)
406 -> 19 (89)
407 -> 514 (99)
408 -> 599 (84)
409 -> 599 (109)
417 -> 767 (193)
419 -> 40 (1)
420 -> 815 (92)
422 -> 40 (16)
424 -> 40 (121)
426 -> 619 (66)
428 -> 40 (16)
431 -> 815 (59)
432 -> 619 (74)
433 -> 50 (27)
443 -> 383 (103)
447 -> 40 (86)
450 -> 815 (37)
451 -> 40 (124)
451 -> 815 (51)
453 -> 396 (124)
453 -> 514 (67)
454 -> 599 (51)
459 -> 619 (98)
463 -> 367 (77)
463 -> 519 (31)
463 -> 553 (58)
471 -> 50 (98)
480 -> 251 (165)
481 -> 132 (3)
493 -> 50 (155)
494 -> 9 (104)
498 -> 396 (155)
499 -> 40 (126)
505 -> 619 (119)
506 -> 166 (94)
506 -> 767 (73)
508 -> 40 (157)
510 -> 619 (189)
512 -> 383 (82)
512 -> 815 (11)
513 -> 40 (60)
518 -> 767 (91)
519 -> 514 (146)
522 -> 514 (119)
524 -> 599 (37)
528 -> 142 (5)
528 -> 166 (68)
528 -> 241 (48)
528 -> 450 (24)
528 -> 550 (25)
536 -> 76 (97)
536 -> 243 (6)
542 -> 50 (197)
544 -> 383 (59)
549 -> 223 (67)
549 -> 354 (21)
549 -> 419 (1)
549 -> 420 (92)
549 -> 422 (16)
550 -> 50 (25)
553 -> 599 (58)
554 -> 619 (184)
558 -> 599 (156)
566 -> 138 (44)
566 -> 767 (90)
568 -> 634 (30)
569 -> 619 (104)
572 -> 619 (134)
576 -> 225 (120)
576 -> 291 (38)
577 -> 269 (24)
577 -> 274 (73)
577 -> 424 (46)
577 -> 428 (16)
580 -> 599 (180)
581 -> 599 (127)
585 -> 514 (154)
587 -> 50 (162)
587 -> 767 (20)
591 -> 37 (21)
591 -> 321 (44)
591 -> 353 (22)
591 -> 354 (62)
592 -> 383 (13)
593 -> 767 (71)
594 -> 837 (146)
595 -> 213 (6)
595 -> 383 (102)
595 -> 513 (56)
595 -> 600 (13)
596 -> 34 (83)
600 -> 383 (13)
605 -> 352 (38)
605 -> 554 (99)
605 -> 877 (60)
607 -> 50 (131)
610 -> 815 (90)
616 -> 767 (101)
617 -> 50 (148)
617 -> 65 (2)
618 -> 815 (117)
621 -> 514 (137)
622 -> 40 (23)
623 -> 383 (141)
623 -> 544 (59)
627 -> 815 (61)
634 -> 514 (30)
637 -> 815 (180)
638 -> 383 (185)
640 -> 599 (115)
650 -> 619 (76)
651 -> 396 (142)
652 -> 481 (3)
652 -> 569 (104)
653 -> 50 (158)
653 -> 767 (28)
656 -> 815 (183)
657 -> 86 (148)
657 -> 123 (133)
657 -> 194 (133)
657 -> 279 (45)
657 -> 815 (190)
658 -> 396 (194)
661 -> 40 (103)
662 -> 514 (35)
672 -> 50 (55)
672 -> 396 (108)
676 -> 73 (84)
676 -> 309 (187)
676 -> 408 (84)
676 -> 451 (175)
676 -> 499 (126)
678 -> 619 (21)
681 -> 40 (21)
691 -> 383 (159)
691 -> 622 (23)
692 -> 84 (69)
700 -> 50 (125)
700 -> 241 (46)
709 -> 40 (192)
710 -> 754 (78)
713 -> 61 (127)
716 -> 50 (127)
718 -> 35 (95)
718 -> 224 (91)
719 -> 447 (86)
725 -> 599 (182)
726 -> 180 (15)
726 -> 195 (85)
726 -> 291 (42)
727 -> 9 (31)
727 -> 67 (67)
727 -> 91 (20)
728 -> 50 (134)
728 -> 767 (38)
731 -> 767 (9)
733 -> 40 (114)
734 -> 815 (164)
737 -> 40 (106)
737 -> 262 (32)
739 -> 383 (148)
741 -> 37 (109)
742 -> 619 (103)
746 -> 383 (110)
749 -> 50 (131)
754 -> 50 (169)
754 -> 88 (139)
754 -> 114 (125)
754 -> 119 (172)
754 -> 122 (107)
754 -> 159 (75)
754 -> 200 (153)
754 -> 245 (173)
754 -> 376 (119)
754 -> 407 (99)
754 -> 459 (98)
754 -> 581 (127)
754 -> 599 (111)
754 -> 661 (103)
754 -> 716 (127)
754 -> 767 (183)
754 -> 815 (7)
762 -> 396 (57)
766 -> 815 (129)
768 -> 619 (28)
770 -> 619 (172)
794 -> 59 (15)
794 -> 767 (166)
795 -> 52 (175)
795 -> 67 (124)
795 -> 104 (155)
795 -> 161 (99)
795 -> 185 (135)
795 -> 219 (171)
795 -> 252 (183)
795 -> 368 (197)
795 -> 400 (161)
795 -> 514 (175)
795 -> 536 (103)
795 -> 576 (158)
795 -> 718 (186)
795 -> 734 (164)
795 -> 746 (110)
795 -> 766 (129)
795 -> 820 (189)
795 -> 832 (55)
795 -> 878 (8)
795 -> 885 (76)
795 -> 895 (145)
795 -> 900 (102)
795 -> 930 (200)
795 -> 933 (179)
795 -> 989 (117)
795 -> 994 (125)
795 -> 995 (108)
796 -> 262 (76)
796 -> 454 (51)
801 -> 50 (82)
801 -> 137 (35)
802 -> 767 (121)
808 -> 619 (116)
809 -> 27 (95)
809 -> 32 (41)
811 -> 383 (109)
812 -> 10 (98)
812 -> 46 (89)
812 -> 60 (116)
812 -> 164 (136)
812 -> 246 (159)
812 -> 260 (171)
812 -> 323 (160)
812 -> 351 (137)
812 -> 390 (193)
812 -> 396 (135)
812 -> 463 (166)
812 -> 514 (185)
812 -> 519 (115)
812 -> 568 (30)
812 -> 651 (142)
812 -> 653 (186)
812 -> 728 (172)
812 -> 770 (172)
812 -> 808 (116)
812 -> 815 (121)
812 -> 825 (140)
812 -> 833 (144)
812 -> 926 (170)
812 -> 951 (74)
820 -> 396 (189)
823 -> 383 (69)
824 -> 61 (12)
824 -> 65 (2)
824 -> 396 (96)
825 -> 383 (140)
828 -> 1 (183)
828 -> 200 (32)
828 -> 315 (101)
828 -> 322 (167)
828 -> 394 (110)
828 -> 762 (57)
828 -> 841 (72)
828 -> 917 (162)
828 -> 948 (41)
831 -> 599 (56)
832 -> 619 (166)
833 -> 767 (144)
837 -> 619 (146)
841 -> 40 (72)
844 -> 383 (183)
850 -> 33 (9)
850 -> 50 (110)
850 -> 223 (1)
852 -> 619 (79)
859 -> 166 (33)
859 -> 599 (110)
869 -> 815 (164)
877 -> 767 (60)
878 -> 31 (90)
878 -> 49 (99)
878 -> 53 (120)
878 -> 78 (76)
878 -> 108 (86)
878 -> 125 (136)
878 -> 133 (167)
878 -> 139 (78)
878 -> 141 (117)
878 -> 154 (155)
878 -> 182 (150)
878 -> 276 (154)
878 -> 360 (158)
878 -> 381 (148)
878 -> 406 (89)
878 -> 494 (104)
878 -> 542 (163)
878 -> 596 (83)
878 -> 638 (112)
878 -> 652 (107)
878 -> 658 (194)
878 -> 672 (163)
878 -> 676 (119)
878 -> 692 (69)
878 -> 709 (146)
878 -> 869 (164)
878 -> 882 (183)
878 -> 921 (86)
878 -> 934 (165)
880 -> 373 (108)
880 -> 592 (13)
882 -> 383 (149)
882 -> 396 (34)
884 -> 599 (157)
885 -> 13 (141)
885 -> 42 (165)
885 -> 100 (173)
885 -> 107 (139)
885 -> 123 (64)
885 -> 145 (123)
885 -> 199 (194)
885 -> 266 (132)
885 -> 299 (138)
885 -> 336 (116)
885 -> 369 (102)
885 -> 498 (155)
885 -> 514 (102)
885 -> 572 (134)
885 -> 593 (71)
885 -> 610 (90)
885 -> 768 (28)
885 -> 815 (128)
888 -> 599 (138)
888 -> 619 (62)
892 -> 50 (130)
892 -> 180 (14)
892 -> 239 (11)
893 -> 269 (35)
893 -> 514 (80)
894 -> 41 (184)
894 -> 118 (73)
894 -> 151 (188)
894 -> 160 (107)
894 -> 227 (119)
894 -> 276 (39)
894 -> 290 (179)
894 -> 330 (129)
894 -> 383 (67)
894 -> 387 (131)
894 -> 480 (165)
894 -> 566 (134)
894 -> 594 (146)
894 -> 599 (156)
894 -> 619 (54)
894 -> 700 (171)
894 -> 725 (146)
894 -> 727 (118)
894 -> 802 (121)
894 -> 880 (121)
895 -> 27 (1)
895 -> 514 (144)
900 -> 514 (102)
901 -> 514 (27)
902 -> 40 (106)
906 -> 383 (117)
907 -> 767 (115)
914 -> 50 (74)
917 -> 396 (162)
921 -> 815 (86)
922 -> 40 (83)
922 -> 175 (67)
922 -> 270 (127)
922 -> 383 (136)
922 -> 554 (85)
926 -> 383 (170)
930 -> 40 (73)
930 -> 155 (63)
930 -> 180 (64)
931 -> 514 (22)
933 -> 815 (179)
934 -> 107 (47)
934 -> 142 (30)
934 -> 150 (104)
934 -> 394 (17)
934 -> 409 (109)
934 -> 518 (91)
934 -> 542 (34)
934 -> 607 (131)
934 -> 656 (183)
934 -> 811 (109)
934 -> 815 (29)
934 -> 844 (183)
934 -> 884 (157)
934 -> 931 (22)
935 -> 20 (90)
935 -> 65 (144)
935 -> 73 (78)
935 -> 80 (147)
935 -> 98 (142)
935 -> 103 (172)
935 -> 142 (65)
935 -> 234 (82)
935 -> 240 (125)
935 -> 259 (137)
935 -> 314 (198)
935 -> 331 (112)
935 -> 352 (100)
935 -> 366 (77)
935 -> 369 (55)
935 -> 453 (191)
935 -> 493 (155)
935 -> 506 (167)
935 -> 510 (189)
935 -> 514 (51)
935 -> 558 (156)
935 -> 623 (200)
935 -> 650 (76)
935 -> 725 (36)
935 -> 726 (142)
935 -> 737 (138)
935 -> 741 (109)
935 -> 749 (131)
935 -> 796 (127)
935 -> 892 (155)
935 -> 893 (115)
935 -> 907 (115)
935 -> 978 (178)
935 -> 997 (153)
937 -> 15 (189)
937 -> 25 (144)
937 -> 33 (66)
937 -> 40 (115)
937 -> 58 (168)
937 -> 59 (66)
937 -> 90 (188)
937 -> 148 (140)
937 -> 164 (45)
937 -> 168 (172)
937 -> 174 (170)
937 -> 184 (197)
937 -> 189 (179)
937 -> 211 (62)
937 -> 250 (106)
937 -> 256 (87)
937 -> 270 (42)
937 -> 309 (4)
937 -> 330 (60)
937 -> 345 (183)
937 -> 364 (147)
937 -> 365 (108)
937 -> 384 (180)
937 -> 400 (26)
937 -> 404 (182)
937 -> 405 (78)
937 -> 577 (159)
937 -> 591 (149)
937 -> 595 (177)
937 -> 599 (72)
937 -> 619 (88)
937 -> 657 (154)
937 -> 691 (182)
937 -> 713 (127)
937 -> 767 (102)
937 -> 824 (110)
937 -> 859 (143)
937 -> 957 (162)
945 -> 50 (142)
945 -> 383 (52)
948 -> 383 (41)
951 -> 619 (74)
952 -> 815 (156)
957 -> 599 (162)
978 -> 599 (178)
981 -> 514 (79)
989 -> 23 (187)
989 -> 188 (143)
989 -> 254 (119)
989 -> 306 (92)
989 -> 377 (139)
989 -> 379 (151)
989 -> 392 (123)
989 -> 443 (103)
989 -> 528 (170)
989 -> 549 (197)
989 -> 580 (180)
989 -> 585 (154)
989 -> 587 (182)
989 -> 599 (81)
989 -> 605 (197)
989 -> 678 (21)
989 -> 709 (46)
989 -> 952 (156)
994 -> 39 (113)
994 -> 110 (26)
994 -> 115 (89)
994 -> 268 (44)
994 -> 512 (93)
994 -> 514 (131)
994 -> 599 (83)
994 -> 637 (180)
994 -> 638 (73)
994 -> 739 (148)
994 -> 767 (93)
994 -> 823 (69)
994 -> 831 (56)
994 -> 832 (111)
994 -> 852 (79)
994 -> 888 (200)
994 -> 906 (117)
994 -> 945 (194)
994 -> 981 (79)
995 -> 9 (26)
995 -> 383 (82)
997 -> 40 (100)
997 -> 599 (53)
Fluxo: 34291
Arestas removidas: 101816

--Rotas do 4ยบ turno-----------------------------
52 -> 815 (166)
67 -> 619 (124)
104 -> 767 (155)
185 -> 383 (135)
219 -> 599 (109)
252 -> 767 (105)
368 -> 514 (136)
734 -> 815 (164)
746 -> 383 (16)
795 -> 52 (166)
795 -> 67 (124)
795 -> 104 (155)
795 -> 185 (135)
795 -> 219 (109)
795 -> 252 (105)
795 -> 368 (136)
795 -> 514 (175)
795 -> 734 (164)
795 -> 746 (16)
Fluxo: 1285
Arestas removidas: 101816

Populaรงรฃo evacuada: 254298 de 254298 UTs
O tempo total para evacuar 100.00% da populaรงรฃo รฉ: 4 unidades de tempo.
