--Rotas do 1ยบ turno-----------------------------
1 -> 509 (145)
1 -> 612 (52)
2 -> 6 (152)
2 -> 10 (99)
2 -> 15 (102)
2 -> 19 (193)
2 -> 21 (179)
2 -> 23 (141)
2 -> 30 (109)
2 -> 32 (117)
2 -> 43 (148)
2 -> 45 (187)
2 -> 51 (172)
2 -> 61 (124)
2 -> 64 (162)
2 -> 81 (141)
2 -> 86 (136)
2 -> 88 (179)
2 -> 92 (179)
2 -> 93 (133)
2 -> 106 (178)
2 -> 116 (107)
2 -> 130 (11)
2 -> 145 (162)
2 -> 201 (193)
2 -> 240 (114)
2 -> 274 (198)
2 -> 348 (168)
2 -> 351 (189)
2 -> 382 (159)
2 -> 395 (130)
2 -> 451 (111)
2 -> 586 (92)
2 -> 629 (130)
2 -> 691 (186)
2 -> 786 (186)
3 -> 569 (149)
5 -> 45 (169)
6 -> 395 (175)
7 -> 45 (155)
7 -> 249 (4)
8 -> 451 (118)
9 -> 569 (160)
10 -> 45 (174)
11 -> 145 (100)
11 -> 249 (70)
12 -> 145 (106)
12 -> 451 (14)
14 -> 45 (197)
15 -> 395 (72)
15 -> 612 (30)
16 -> 45 (125)
16 -> 655 (33)
17 -> 145 (109)
17 -> 451 (4)
18 -> 629 (148)
19 -> 145 (189)
19 -> 509 (4)
20 -> 451 (157)
21 -> 145 (179)
22 -> 3 (149)
22 -> 5 (169)
22 -> 8 (118)
22 -> 10 (75)
22 -> 11 (170)
22 -> 14 (136)
22 -> 23 (19)
22 -> 31 (180)
22 -> 35 (161)
22 -> 41 (160)
22 -> 54 (141)
22 -> 58 (147)
22 -> 62 (198)
22 -> 70 (148)
22 -> 77 (165)
22 -> 99 (91)
22 -> 104 (125)
22 -> 118 (182)
22 -> 119 (116)
22 -> 126 (134)
22 -> 129 (139)
22 -> 134 (191)
22 -> 249 (112)
22 -> 334 (130)
22 -> 395 (125)
22 -> 449 (92)
22 -> 509 (83)
22 -> 519 (156)
22 -> 604 (153)
22 -> 612 (116)
22 -> 621 (103)
22 -> 645 (165)
23 -> 395 (160)
24 -> 315 (18)
24 -> 569 (131)
25 -> 45 (165)
26 -> 249 (159)
26 -> 509 (14)
28 -> 45 (138)
28 -> 249 (15)
29 -> 526 (124)
29 -> 569 (55)
30 -> 145 (171)
31 -> 509 (104)
31 -> 569 (76)
32 -> 45 (139)
33 -> 395 (124)
33 -> 612 (24)
34 -> 451 (139)
34 -> 569 (57)
35 -> 249 (191)
36 -> 509 (98)
37 -> 249 (200)
38 -> 526 (162)
39 -> 45 (132)
39 -> 612 (40)
40 -> 249 (76)
40 -> 509 (96)
41 -> 451 (160)
42 -> 451 (96)
42 -> 629 (53)
43 -> 526 (164)
44 -> 509 (128)
44 -> 629 (69)
46 -> 12 (120)
46 -> 14 (61)
46 -> 17 (113)
46 -> 20 (149)
46 -> 28 (153)
46 -> 29 (179)
46 -> 30 (62)
46 -> 34 (196)
46 -> 35 (30)
46 -> 40 (172)
46 -> 48 (138)
46 -> 55 (165)
46 -> 56 (145)
46 -> 61 (24)
46 -> 67 (197)
46 -> 69 (169)
46 -> 72 (125)
46 -> 89 (196)
46 -> 90 (173)
46 -> 97 (164)
46 -> 99 (53)
46 -> 112 (170)
46 -> 116 (50)
46 -> 124 (132)
46 -> 137 (147)
46 -> 145 (113)
46 -> 154 (180)
46 -> 185 (189)
46 -> 249 (110)
46 -> 269 (106)
46 -> 285 (153)
46 -> 315 (179)
46 -> 370 (112)
46 -> 379 (130)
46 -> 425 (84)
46 -> 450 (136)
46 -> 509 (117)
46 -> 569 (109)
46 -> 618 (85)
46 -> 700 (174)
47 -> 145 (142)
47 -> 629 (55)
48 -> 45 (193)
49 -> 629 (151)
50 -> 145 (184)
50 -> 629 (11)
51 -> 45 (107)
51 -> 145 (65)
52 -> 45 (114)
53 -> 45 (190)
54 -> 509 (157)
55 -> 45 (136)
55 -> 612 (29)
56 -> 45 (168)
57 -> 249 (184)
58 -> 509 (124)
58 -> 526 (23)
59 -> 249 (179)
60 -> 249 (199)
61 -> 249 (148)
62 -> 45 (122)
62 -> 569 (76)
63 -> 509 (105)
64 -> 145 (152)
64 -> 509 (10)
65 -> 526 (132)
65 -> 718 (4)
67 -> 451 (154)
67 -> 569 (43)
68 -> 249 (195)
69 -> 145 (191)
70 -> 45 (148)
71 -> 145 (129)
71 -> 451 (10)
72 -> 451 (191)
73 -> 45 (155)
73 -> 317 (11)
74 -> 6 (23)
74 -> 16 (158)
74 -> 38 (162)
74 -> 44 (197)
74 -> 57 (179)
74 -> 60 (170)
74 -> 65 (136)
74 -> 68 (143)
74 -> 72 (66)
74 -> 78 (135)
74 -> 81 (17)
74 -> 82 (99)
74 -> 83 (181)
74 -> 86 (8)
74 -> 100 (188)
74 -> 102 (180)
74 -> 104 (23)
74 -> 109 (189)
74 -> 110 (131)
74 -> 113 (197)
74 -> 143 (115)
74 -> 145 (195)
74 -> 162 (159)
74 -> 278 (159)
74 -> 320 (115)
74 -> 355 (93)
74 -> 395 (139)
74 -> 451 (118)
74 -> 562 (177)
74 -> 569 (171)
74 -> 600 (154)
74 -> 602 (140)
74 -> 612 (135)
74 -> 705 (133)
74 -> 735 (150)
74 -> 742 (150)
75 -> 7 (159)
75 -> 20 (8)
75 -> 26 (173)
75 -> 33 (148)
75 -> 37 (132)
75 -> 42 (149)
75 -> 53 (190)
75 -> 68 (52)
75 -> 71 (139)
75 -> 82 (77)
75 -> 84 (163)
75 -> 85 (179)
75 -> 95 (173)
75 -> 111 (194)
75 -> 117 (160)
75 -> 121 (113)
75 -> 126 (57)
75 -> 127 (163)
75 -> 129 (17)
75 -> 133 (140)
75 -> 159 (97)
75 -> 179 (181)
75 -> 249 (142)
75 -> 349 (191)
75 -> 361 (184)
75 -> 372 (166)
75 -> 384 (153)
75 -> 451 (152)
75 -> 515 (115)
75 -> 516 (167)
75 -> 612 (102)
75 -> 777 (199)
76 -> 451 (126)
77 -> 45 (137)
77 -> 509 (28)
78 -> 145 (117)
78 -> 612 (18)
79 -> 612 (182)
80 -> 45 (176)
81 -> 45 (158)
82 -> 45 (176)
83 -> 45 (186)
84 -> 45 (132)
84 -> 145 (31)
85 -> 145 (158)
85 -> 451 (21)
86 -> 45 (144)
87 -> 18 (132)
87 -> 36 (98)
87 -> 39 (172)
87 -> 43 (16)
87 -> 45 (141)
87 -> 47 (197)
87 -> 48 (55)
87 -> 52 (114)
87 -> 59 (176)
87 -> 79 (182)
87 -> 83 (5)
87 -> 103 (194)
87 -> 105 (168)
87 -> 128 (153)
87 -> 146 (135)
87 -> 249 (194)
87 -> 327 (157)
87 -> 423 (191)
87 -> 443 (124)
87 -> 509 (128)
87 -> 553 (107)
87 -> 612 (177)
87 -> 625 (119)
87 -> 629 (97)
87 -> 643 (144)
87 -> 726 (151)
87 -> 735 (44)
88 -> 526 (198)
89 -> 145 (184)
89 -> 629 (12)
90 -> 249 (173)
91 -> 509 (196)
92 -> 45 (110)
92 -> 569 (69)
93 -> 145 (133)
94 -> 1 (197)
94 -> 24 (149)
94 -> 650 (138)
95 -> 45 (187)
96 -> 526 (118)
97 -> 45 (109)
97 -> 569 (55)
98 -> 45 (123)
98 -> 76 (126)
98 -> 249 (196)
98 -> 395 (196)
98 -> 581 (109)
98 -> 618 (50)
98 -> 674 (155)
99 -> 249 (144)
100 -> 45 (182)
100 -> 145 (6)
101 -> 145 (170)
101 -> 451 (21)
102 -> 249 (150)
102 -> 509 (30)
103 -> 145 (150)
103 -> 569 (44)
104 -> 45 (148)
105 -> 509 (168)
106 -> 451 (187)
107 -> 45 (181)
107 -> 145 (16)
108 -> 451 (133)
108 -> 629 (18)
109 -> 451 (110)
109 -> 509 (79)
110 -> 145 (187)
111 -> 451 (194)
112 -> 526 (137)
112 -> 612 (33)
113 -> 451 (185)
113 -> 730 (12)
114 -> 32 (22)
114 -> 69 (22)
114 -> 91 (98)
114 -> 107 (197)
114 -> 108 (151)
114 -> 110 (56)
114 -> 115 (180)
114 -> 120 (153)
114 -> 139 (183)
114 -> 141 (187)
114 -> 145 (181)
114 -> 150 (96)
114 -> 160 (151)
114 -> 177 (118)
114 -> 178 (125)
114 -> 184 (178)
114 -> 195 (194)
114 -> 196 (153)
114 -> 200 (152)
114 -> 204 (135)
114 -> 212 (155)
114 -> 234 (149)
114 -> 237 (181)
114 -> 243 (103)
114 -> 271 (179)
114 -> 317 (169)
114 -> 371 (168)
114 -> 378 (142)
114 -> 397 (106)
114 -> 453 (148)
114 -> 478 (177)
114 -> 506 (141)
114 -> 509 (165)
114 -> 526 (115)
114 -> 533 (178)
114 -> 547 (157)
114 -> 563 (155)
114 -> 578 (133)
114 -> 599 (155)
114 -> 616 (154)
114 -> 629 (114)
114 -> 634 (124)
114 -> 637 (138)
114 -> 761 (189)
114 -> 762 (100)
115 -> 509 (180)
116 -> 145 (157)
117 -> 145 (129)
117 -> 509 (31)
118 -> 145 (193)
119 -> 45 (119)
120 -> 451 (190)
121 -> 45 (159)
122 -> 37 (68)
122 -> 101 (191)
122 -> 120 (37)
122 -> 133 (28)
122 -> 143 (67)
122 -> 158 (138)
122 -> 161 (192)
122 -> 168 (132)
122 -> 170 (194)
122 -> 176 (189)
122 -> 181 (134)
122 -> 186 (184)
122 -> 187 (164)
122 -> 196 (25)
122 -> 203 (139)
122 -> 206 (121)
122 -> 209 (167)
122 -> 217 (104)
122 -> 222 (184)
122 -> 231 (122)
122 -> 338 (162)
122 -> 347 (134)
122 -> 369 (118)
122 -> 383 (105)
122 -> 398 (137)
122 -> 444 (131)
122 -> 448 (111)
122 -> 469 (129)
122 -> 491 (168)
122 -> 495 (139)
122 -> 505 (110)
122 -> 526 (163)
122 -> 612 (154)
123 -> 145 (110)
124 -> 509 (163)
125 -> 45 (186)
126 -> 45 (191)
127 -> 451 (127)
127 -> 612 (36)
128 -> 629 (153)
129 -> 45 (156)
130 -> 625 (11)
131 -> 57 (5)
131 -> 119 (3)
131 -> 125 (168)
131 -> 132 (145)
131 -> 140 (175)
131 -> 149 (175)
131 -> 155 (192)
131 -> 159 (22)
131 -> 199 (185)
131 -> 204 (20)
131 -> 206 (75)
131 -> 213 (138)
131 -> 223 (196)
131 -> 226 (190)
131 -> 231 (52)
131 -> 236 (129)
131 -> 239 (148)
131 -> 244 (116)
131 -> 250 (136)
131 -> 251 (171)
131 -> 266 (167)
131 -> 267 (148)
131 -> 268 (196)
131 -> 289 (166)
131 -> 293 (155)
131 -> 299 (165)
131 -> 302 (142)
131 -> 328 (183)
131 -> 332 (172)
131 -> 395 (131)
131 -> 409 (133)
131 -> 452 (104)
131 -> 490 (143)
131 -> 502 (87)
131 -> 564 (179)
131 -> 584 (134)
131 -> 612 (121)
131 -> 624 (135)
131 -> 629 (164)
131 -> 650 (31)
131 -> 668 (139)
131 -> 695 (114)
131 -> 707 (126)
132 -> 45 (139)
132 -> 249 (6)
133 -> 45 (168)
134 -> 395 (156)
134 -> 451 (35)
135 -> 509 (142)
136 -> 9 (160)
136 -> 45 (87)
136 -> 50 (195)
136 -> 56 (23)
136 -> 91 (98)
136 -> 125 (18)
136 -> 138 (173)
136 -> 145 (71)
136 -> 150 (20)
136 -> 162 (29)
136 -> 234 (45)
136 -> 267 (4)
136 -> 269 (93)
136 -> 302 (55)
136 -> 431 (166)
136 -> 451 (85)
136 -> 507 (173)
136 -> 569 (80)
136 -> 591 (113)
136 -> 652 (186)
136 -> 655 (127)
137 -> 612 (147)
138 -> 45 (137)
138 -> 451 (36)
139 -> 249 (164)
139 -> 612 (19)
140 -> 569 (146)
140 -> 629 (29)
141 -> 249 (137)
141 -> 509 (50)
142 -> 569 (169)
142 -> 629 (27)
143 -> 451 (182)
144 -> 45 (143)
144 -> 60 (29)
144 -> 123 (110)
144 -> 152 (110)
144 -> 157 (190)
144 -> 173 (145)
144 -> 180 (159)
144 -> 181 (22)
144 -> 205 (172)
144 -> 210 (191)
144 -> 211 (115)
144 -> 220 (115)
144 -> 241 (111)
144 -> 249 (120)
144 -> 252 (149)
144 -> 258 (158)
144 -> 263 (189)
144 -> 264 (198)
144 -> 284 (191)
144 -> 297 (176)
144 -> 311 (126)
144 -> 346 (137)
144 -> 364 (128)
144 -> 389 (182)
144 -> 473 (183)
144 -> 497 (139)
144 -> 499 (123)
144 -> 509 (145)
144 -> 514 (131)
144 -> 526 (117)
144 -> 532 (156)
144 -> 548 (156)
144 -> 559 (129)
144 -> 573 (130)
144 -> 588 (163)
144 -> 619 (115)
144 -> 629 (139)
144 -> 635 (180)
144 -> 656 (123)
144 -> 664 (200)
144 -> 686 (134)
144 -> 692 (182)
144 -> 702 (158)
144 -> 783 (163)
146 -> 45 (135)
147 -> 145 (185)
148 -> 45 (86)
148 -> 142 (196)
148 -> 145 (150)
148 -> 172 (170)
148 -> 190 (166)
148 -> 207 (170)
148 -> 249 (129)
148 -> 509 (123)
148 -> 607 (148)
148 -> 621 (38)
148 -> 629 (169)
148 -> 766 (134)
149 -> 249 (170)
149 -> 509 (5)
150 -> 45 (116)
151 -> 45 (177)
151 -> 158 (62)
151 -> 191 (183)
151 -> 197 (104)
151 -> 198 (115)
151 -> 238 (146)
151 -> 243 (51)
151 -> 260 (136)
151 -> 282 (174)
151 -> 290 (146)
151 -> 303 (136)
151 -> 336 (67)
151 -> 354 (178)
151 -> 375 (109)
151 -> 385 (198)
151 -> 395 (198)
151 -> 402 (174)
151 -> 526 (130)
151 -> 591 (65)
151 -> 593 (138)
151 -> 688 (157)
151 -> 724 (115)
151 -> 754 (161)
152 -> 451 (163)
154 -> 451 (180)
155 -> 145 (192)
156 -> 45 (134)
156 -> 451 (30)
157 -> 145 (172)
157 -> 451 (18)
158 -> 249 (200)
159 -> 612 (119)
160 -> 249 (118)
160 -> 554 (33)
161 -> 509 (128)
161 -> 612 (64)
162 -> 45 (188)
163 -> 249 (177)
164 -> 80 (170)
164 -> 145 (125)
164 -> 152 (53)
164 -> 183 (147)
164 -> 214 (176)
164 -> 220 (61)
164 -> 233 (183)
164 -> 246 (194)
164 -> 253 (180)
164 -> 270 (134)
164 -> 293 (36)
164 -> 298 (139)
164 -> 329 (169)
164 -> 437 (9)
164 -> 451 (135)
164 -> 493 (97)
164 -> 503 (150)
164 -> 526 (112)
164 -> 590 (106)
164 -> 663 (172)
164 -> 681 (143)
164 -> 707 (61)
164 -> 731 (99)
164 -> 732 (117)
164 -> 744 (173)
165 -> 145 (149)
165 -> 509 (41)
167 -> 451 (82)
168 -> 249 (103)
168 -> 629 (29)
169 -> 45 (168)
169 -> 145 (30)
170 -> 45 (164)
170 -> 249 (30)
171 -> 145 (197)
172 -> 451 (170)
173 -> 145 (145)
174 -> 629 (190)
175 -> 165 (190)
175 -> 169 (198)
175 -> 189 (188)
175 -> 192 (197)
175 -> 194 (140)
175 -> 198 (49)
175 -> 203 (31)
175 -> 208 (160)
175 -> 249 (81)
175 -> 300 (200)
175 -> 337 (157)
175 -> 526 (114)
175 -> 629 (168)
176 -> 45 (178)
176 -> 451 (11)
177 -> 145 (90)
177 -> 451 (28)
178 -> 569 (125)
179 -> 451 (164)
179 -> 509 (17)
180 -> 249 (136)
180 -> 629 (23)
181 -> 451 (156)
182 -> 448 (45)
182 -> 568 (15)
182 -> 587 (32)
182 -> 705 (15)
183 -> 45 (165)
184 -> 45 (197)
185 -> 451 (149)
185 -> 628 (40)
186 -> 145 (173)
186 -> 249 (11)
187 -> 45 (131)
187 -> 612 (33)
188 -> 45 (155)
188 -> 509 (31)
189 -> 249 (177)
189 -> 629 (11)
190 -> 249 (166)
191 -> 145 (183)
192 -> 249 (174)
192 -> 629 (23)
193 -> 156 (164)
193 -> 245 (177)
193 -> 247 (174)
193 -> 266 (13)
193 -> 286 (163)
193 -> 295 (190)
193 -> 303 (37)
193 -> 305 (184)
193 -> 335 (123)
193 -> 343 (117)
193 -> 359 (161)
193 -> 419 (146)
193 -> 522 (180)
193 -> 569 (131)
193 -> 661 (169)
193 -> 750 (150)
193 -> 757 (111)
193 -> 781 (139)
194 -> 45 (173)
195 -> 145 (158)
195 -> 509 (36)
196 -> 145 (178)
197 -> 569 (98)
197 -> 612 (6)
198 -> 249 (164)
199 -> 249 (168)
199 -> 509 (17)
200 -> 145 (179)
201 -> 45 (178)
201 -> 718 (15)
202 -> 509 (111)
203 -> 145 (170)
204 -> 45 (155)
205 -> 145 (150)
205 -> 451 (22)
206 -> 45 (196)
207 -> 145 (170)
208 -> 145 (160)
209 -> 249 (133)
209 -> 509 (34)
210 -> 145 (191)
211 -> 249 (153)
212 -> 526 (125)
212 -> 569 (30)
213 -> 45 (138)
214 -> 45 (176)
215 -> 451 (172)
216 -> 606 (11)
217 -> 45 (108)
218 -> 80 (6)
218 -> 124 (31)
218 -> 163 (174)
218 -> 183 (18)
218 -> 194 (33)
218 -> 215 (172)
218 -> 249 (133)
218 -> 279 (150)
218 -> 282 (2)
218 -> 294 (190)
218 -> 324 (188)
218 -> 325 (200)
218 -> 333 (117)
218 -> 339 (178)
218 -> 340 (36)
218 -> 353 (148)
218 -> 358 (174)
218 -> 381 (189)
218 -> 395 (190)
218 -> 401 (195)
218 -> 403 (181)
218 -> 407 (134)
218 -> 408 (197)
218 -> 485 (139)
218 -> 526 (178)
218 -> 560 (171)
218 -> 603 (192)
218 -> 629 (142)
219 -> 174 (182)
219 -> 200 (27)
219 -> 258 (28)
219 -> 299 (31)
219 -> 304 (157)
219 -> 308 (177)
219 -> 322 (136)
219 -> 342 (140)
219 -> 344 (158)
219 -> 357 (198)
219 -> 366 (177)
219 -> 367 (131)
219 -> 376 (169)
219 -> 394 (113)
219 -> 395 (143)
219 -> 412 (165)
219 -> 421 (140)
219 -> 422 (166)
219 -> 424 (181)
219 -> 430 (159)
219 -> 460 (191)
219 -> 463 (145)
219 -> 493 (100)
219 -> 552 (197)
219 -> 569 (176)
219 -> 612 (75)
219 -> 615 (111)
219 -> 661 (13)
219 -> 672 (191)
219 -> 689 (169)
219 -> 714 (121)
219 -> 732 (75)
219 -> 762 (91)
220 -> 629 (176)
221 -> 451 (163)
221 -> 730 (2)
222 -> 145 (168)
222 -> 451 (16)
223 -> 145 (109)
223 -> 612 (87)
224 -> 599 (7)
225 -> 45 (150)
225 -> 244 (71)
225 -> 257 (183)
225 -> 273 (137)
225 -> 301 (144)
225 -> 335 (71)
225 -> 342 (6)
225 -> 362 (19)
225 -> 365 (199)
225 -> 367 (16)
225 -> 368 (153)
225 -> 377 (177)
225 -> 418 (119)
225 -> 438 (136)
225 -> 439 (122)
225 -> 442 (145)
225 -> 445 (180)
225 -> 455 (168)
225 -> 517 (198)
225 -> 520 (171)
225 -> 534 (157)
225 -> 553 (59)
225 -> 712 (89)
225 -> 791 (150)
226 -> 249 (135)
226 -> 451 (55)
227 -> 45 (162)
227 -> 59 (3)
227 -> 184 (19)
227 -> 188 (186)
227 -> 249 (181)
227 -> 275 (120)
227 -> 290 (38)
227 -> 333 (78)
227 -> 345 (177)
227 -> 368 (41)
227 -> 377 (16)
227 -> 395 (158)
227 -> 399 (145)
227 -> 404 (195)
227 -> 420 (181)
227 -> 424 (16)
227 -> 432 (101)
227 -> 451 (189)
227 -> 470 (145)
227 -> 613 (163)
227 -> 617 (137)
227 -> 679 (159)
230 -> 526 (62)
231 -> 569 (174)
232 -> 163 (3)
232 -> 249 (160)
232 -> 256 (193)
232 -> 275 (30)
232 -> 281 (114)
232 -> 316 (150)
232 -> 321 (180)
232 -> 374 (184)
232 -> 414 (147)
232 -> 415 (191)
232 -> 416 (130)
232 -> 427 (159)
232 -> 429 (183)
232 -> 441 (129)
232 -> 447 (149)
232 -> 451 (121)
232 -> 457 (188)
232 -> 470 (34)
232 -> 482 (113)
232 -> 483 (174)
232 -> 500 (178)
232 -> 521 (180)
232 -> 539 (172)
232 -> 541 (168)
232 -> 569 (157)
232 -> 583 (179)
232 -> 606 (144)
232 -> 627 (196)
232 -> 629 (129)
232 -> 753 (181)
232 -> 790 (108)
233 -> 569 (183)
234 -> 145 (194)
235 -> 249 (168)
235 -> 279 (10)
235 -> 283 (162)
235 -> 304 (12)
235 -> 341 (170)
235 -> 364 (40)
235 -> 366 (16)
235 -> 373 (167)
235 -> 387 (134)
235 -> 388 (166)
235 -> 395 (83)
235 -> 406 (181)
235 -> 411 (4)
235 -> 440 (197)
235 -> 449 (65)
235 -> 468 (184)
235 -> 475 (185)
235 -> 479 (111)
235 -> 482 (69)
235 -> 529 (167)
235 -> 532 (23)
235 -> 538 (160)
235 -> 540 (189)
235 -> 569 (188)
235 -> 579 (165)
235 -> 629 (65)
235 -> 666 (167)
235 -> 716 (121)
235 -> 733 (155)
235 -> 766 (62)
236 -> 451 (196)
237 -> 45 (124)
237 -> 629 (57)
238 -> 509 (113)
238 -> 612 (33)
239 -> 145 (148)
240 -> 249 (189)
241 -> 523 (111)
243 -> 509 (154)
244 -> 249 (187)
245 -> 249 (148)
245 -> 509 (29)
246 -> 551 (23)
246 -> 612 (171)
247 -> 45 (139)
247 -> 509 (35)
248 -> 249 (66)
248 -> 395 (150)
248 -> 569 (163)
248 -> 629 (54)
250 -> 451 (170)
251 -> 249 (108)
251 -> 612 (63)
252 -> 612 (149)
253 -> 249 (125)
253 -> 451 (55)
254 -> 45 (162)
256 -> 45 (177)
256 -> 249 (16)
257 -> 45 (152)
257 -> 145 (31)
258 -> 509 (186)
259 -> 629 (78)
260 -> 45 (78)
260 -> 509 (58)
261 -> 45 (174)
261 -> 249 (24)
263 -> 145 (117)
263 -> 249 (72)
264 -> 45 (89)
264 -> 569 (92)
264 -> 612 (17)
265 -> 145 (121)
266 -> 45 (180)
267 -> 45 (152)
268 -> 45 (142)
268 -> 569 (54)
269 -> 249 (199)
270 -> 569 (134)
271 -> 395 (198)
273 -> 249 (135)
273 -> 569 (2)
274 -> 145 (138)
274 -> 370 (60)
275 -> 249 (150)
276 -> 249 (197)
277 -> 249 (133)
277 -> 612 (25)
278 -> 569 (192)
279 -> 249 (160)
280 -> 249 (86)
280 -> 587 (29)
281 -> 45 (196)
282 -> 451 (176)
283 -> 45 (124)
283 -> 145 (38)
284 -> 249 (183)
284 -> 509 (8)
285 -> 569 (188)
286 -> 629 (168)
287 -> 569 (152)
287 -> 653 (22)
288 -> 382 (36)
288 -> 451 (102)
289 -> 145 (191)
290 -> 145 (184)
291 -> 629 (22)
292 -> 277 (158)
292 -> 301 (44)
292 -> 395 (123)
292 -> 426 (184)
292 -> 454 (183)
292 -> 462 (197)
292 -> 466 (200)
292 -> 469 (38)
292 -> 474 (153)
292 -> 509 (73)
292 -> 518 (8)
292 -> 526 (117)
292 -> 537 (142)
292 -> 612 (122)
292 -> 759 (90)
292 -> 793 (178)
293 -> 145 (191)
294 -> 145 (175)
294 -> 509 (15)
295 -> 145 (151)
295 -> 451 (39)
296 -> 249 (109)
296 -> 655 (31)
297 -> 249 (109)
297 -> 612 (67)
298 -> 145 (89)
298 -> 249 (50)
299 -> 45 (196)
300 -> 45 (194)
300 -> 451 (6)
301 -> 612 (188)
302 -> 45 (197)
303 -> 509 (173)
304 -> 569 (169)
305 -> 451 (184)
306 -> 249 (183)
306 -> 451 (14)
307 -> 509 (159)
308 -> 509 (91)
308 -> 612 (86)
309 -> 649 (164)
311 -> 629 (126)
313 -> 145 (121)
314 -> 509 (115)
315 -> 145 (197)
316 -> 45 (196)
317 -> 569 (180)
318 -> 249 (125)
318 -> 498 (29)
319 -> 45 (157)
320 -> 145 (115)
321 -> 45 (144)
321 -> 249 (36)
322 -> 509 (136)
323 -> 451 (158)
324 -> 45 (117)
324 -> 145 (71)
325 -> 569 (173)
325 -> 629 (27)
326 -> 45 (78)
326 -> 307 (159)
326 -> 314 (115)
326 -> 316 (46)
326 -> 337 (35)
326 -> 405 (149)
326 -> 431 (7)
326 -> 451 (198)
326 -> 479 (40)
326 -> 509 (65)
326 -> 551 (164)
326 -> 569 (168)
326 -> 690 (100)
326 -> 758 (181)
326 -> 764 (200)
326 -> 768 (163)
326 -> 781 (32)
326 -> 784 (134)
327 -> 451 (157)
328 -> 569 (154)
328 -> 629 (29)
329 -> 145 (147)
329 -> 451 (22)
331 -> 45 (95)
331 -> 145 (115)
331 -> 249 (172)
331 -> 276 (142)
331 -> 281 (82)
331 -> 363 (188)
331 -> 391 (176)
331 -> 395 (157)
331 -> 400 (178)
331 -> 447 (15)
331 -> 789 (180)
331 -> 798 (115)
332 -> 249 (122)
332 -> 612 (50)
333 -> 249 (195)
334 -> 249 (161)
335 -> 45 (194)
336 -> 236 (67)
337 -> 145 (192)
338 -> 629 (162)
339 -> 451 (161)
339 -> 612 (17)
340 -> 387 (36)
341 -> 45 (118)
341 -> 249 (52)
342 -> 569 (146)
343 -> 45 (117)
344 -> 145 (158)
345 -> 569 (177)
346 -> 249 (123)
346 -> 629 (14)
347 -> 509 (134)
348 -> 629 (190)
349 -> 451 (191)
351 -> 45 (169)
351 -> 730 (20)
353 -> 569 (148)
354 -> 45 (152)
354 -> 509 (26)
355 -> 249 (93)
356 -> 145 (159)
356 -> 249 (35)
357 -> 145 (185)
357 -> 612 (13)
358 -> 569 (174)
359 -> 451 (161)
360 -> 45 (189)
360 -> 145 (85)
360 -> 202 (111)
360 -> 249 (116)
360 -> 323 (149)
360 -> 356 (194)
360 -> 413 (131)
360 -> 417 (116)
360 -> 435 (182)
360 -> 451 (137)
360 -> 474 (34)
360 -> 501 (130)
360 -> 511 (164)
360 -> 555 (162)
360 -> 569 (101)
360 -> 596 (191)
360 -> 611 (138)
360 -> 612 (135)
360 -> 626 (160)
360 -> 629 (120)
360 -> 637 (49)
360 -> 651 (155)
360 -> 658 (200)
360 -> 679 (35)
360 -> 799 (161)
361 -> 45 (102)
361 -> 167 (82)
362 -> 271 (19)
363 -> 451 (189)
364 -> 451 (168)
365 -> 249 (171)
365 -> 451 (28)
366 -> 45 (193)
367 -> 451 (147)
368 -> 45 (194)
369 -> 45 (199)
370 -> 45 (183)
371 -> 509 (192)
372 -> 145 (166)
373 -> 45 (141)
373 -> 249 (26)
374 -> 145 (128)
374 -> 569 (56)
375 -> 451 (176)
376 -> 249 (169)
377 -> 629 (193)
378 -> 45 (142)
379 -> 145 (130)
381 -> 451 (162)
381 -> 509 (27)
382 -> 145 (195)
383 -> 45 (105)
384 -> 612 (153)
385 -> 569 (117)
385 -> 612 (81)
386 -> 612 (164)
387 -> 45 (170)
388 -> 612 (166)
389 -> 629 (142)
389 -> 730 (40)
390 -> 249 (166)
390 -> 509 (8)
391 -> 145 (119)
391 -> 730 (57)
392 -> 145 (52)
392 -> 319 (132)
392 -> 369 (81)
392 -> 395 (68)
392 -> 416 (68)
392 -> 419 (11)
392 -> 428 (169)
392 -> 445 (11)
392 -> 451 (179)
392 -> 456 (121)
392 -> 472 (145)
392 -> 489 (123)
392 -> 494 (190)
392 -> 504 (154)
392 -> 509 (90)
392 -> 527 (104)
392 -> 566 (141)
392 -> 572 (135)
392 -> 612 (72)
392 -> 630 (194)
392 -> 647 (178)
392 -> 648 (192)
394 -> 45 (79)
394 -> 249 (34)
396 -> 45 (122)
396 -> 629 (61)
397 -> 45 (125)
398 -> 249 (137)
399 -> 451 (145)
400 -> 45 (109)
400 -> 249 (69)
401 -> 45 (96)
401 -> 629 (99)
402 -> 526 (136)
402 -> 612 (38)
403 -> 451 (107)
403 -> 509 (74)
404 -> 145 (176)
404 -> 612 (19)
405 -> 509 (148)
405 -> 612 (1)
406 -> 45 (181)
407 -> 249 (134)
408 -> 45 (118)
408 -> 629 (79)
409 -> 509 (133)
410 -> 45 (151)
410 -> 249 (40)
411 -> 217 (4)
412 -> 249 (154)
412 -> 629 (11)
413 -> 629 (177)
414 -> 612 (191)
415 -> 509 (187)
415 -> 629 (4)
416 -> 249 (198)
417 -> 45 (116)
418 -> 249 (119)
419 -> 249 (157)
420 -> 509 (170)
420 -> 612 (11)
421 -> 249 (125)
421 -> 509 (15)
422 -> 45 (157)
422 -> 612 (9)
423 -> 612 (192)
424 -> 249 (197)
425 -> 569 (131)
426 -> 249 (184)
427 -> 509 (118)
427 -> 569 (41)
428 -> 45 (188)
429 -> 451 (183)
430 -> 145 (69)
430 -> 612 (90)
431 -> 249 (173)
432 -> 451 (101)
433 -> 569 (188)
435 -> 249 (164)
435 -> 523 (18)
436 -> 612 (152)
437 -> 106 (9)
438 -> 249 (136)
439 -> 45 (119)
439 -> 451 (3)
440 -> 45 (170)
440 -> 249 (27)
441 -> 249 (129)
442 -> 249 (129)
442 -> 509 (16)
443 -> 612 (124)
444 -> 569 (131)
445 -> 451 (191)
446 -> 45 (180)
447 -> 45 (164)
448 -> 145 (156)
449 -> 45 (157)
450 -> 451 (174)
452 -> 45 (104)
453 -> 45 (148)
454 -> 145 (64)
454 -> 249 (119)
455 -> 145 (145)
455 -> 249 (23)
456 -> 313 (121)
457 -> 145 (133)
457 -> 569 (55)
458 -> 145 (85)
459 -> 45 (88)
460 -> 45 (158)
460 -> 612 (33)
461 -> 509 (186)
462 -> 145 (136)
462 -> 249 (61)
463 -> 45 (182)
464 -> 569 (138)
465 -> 509 (159)
466 -> 45 (166)
466 -> 249 (34)
467 -> 145 (169)
468 -> 145 (157)
468 -> 451 (27)
469 -> 612 (167)
470 -> 249 (179)
471 -> 587 (16)
472 -> 145 (94)
472 -> 569 (51)
473 -> 569 (167)
473 -> 780 (16)
474 -> 145 (187)
475 -> 45 (144)
475 -> 612 (41)
476 -> 45 (94)
476 -> 145 (195)
476 -> 147 (185)
476 -> 261 (198)
476 -> 276 (55)
476 -> 363 (1)
476 -> 390 (174)
476 -> 464 (138)
476 -> 492 (173)
476 -> 562 (5)
476 -> 574 (128)
476 -> 611 (41)
476 -> 629 (151)
476 -> 675 (128)
476 -> 738 (67)
476 -> 785 (11)
477 -> 451 (159)
477 -> 612 (3)
478 -> 249 (177)
479 -> 509 (151)
480 -> 145 (54)
480 -> 249 (185)
480 -> 306 (197)
480 -> 413 (46)
480 -> 414 (44)
480 -> 425 (47)
480 -> 428 (19)
480 -> 451 (126)
480 -> 501 (7)
480 -> 505 (80)
480 -> 509 (164)
480 -> 524 (165)
480 -> 531 (179)
480 -> 537 (44)
480 -> 543 (9)
480 -> 546 (114)
480 -> 566 (56)
480 -> 567 (164)
480 -> 575 (155)
480 -> 612 (154)
480 -> 626 (32)
480 -> 629 (47)
480 -> 714 (72)
480 -> 787 (123)
481 -> 88 (19)
481 -> 753 (18)
482 -> 451 (182)
483 -> 451 (169)
483 -> 629 (5)
485 -> 249 (196)
486 -> 451 (99)
486 -> 569 (27)
488 -> 45 (131)
489 -> 249 (130)
490 -> 395 (139)
490 -> 509 (4)
491 -> 45 (187)
492 -> 451 (173)
493 -> 509 (197)
494 -> 451 (172)
494 -> 612 (18)
495 -> 451 (139)
497 -> 249 (183)
498 -> 145 (29)
499 -> 612 (131)
500 -> 45 (136)
500 -> 509 (42)
501 -> 249 (137)
502 -> 45 (197)
503 -> 451 (153)
504 -> 249 (96)
504 -> 509 (58)
505 -> 249 (190)
506 -> 45 (141)
507 -> 45 (190)
508 -> 145 (196)
510 -> 45 (64)
510 -> 249 (74)
510 -> 433 (159)
510 -> 526 (180)
510 -> 589 (194)
510 -> 629 (164)
511 -> 569 (164)
512 -> 45 (169)
514 -> 629 (131)
515 -> 612 (115)
516 -> 451 (145)
516 -> 687 (22)
517 -> 45 (150)
517 -> 249 (48)
518 -> 174 (8)
519 -> 249 (196)
520 -> 629 (171)
521 -> 451 (92)
521 -> 509 (88)
522 -> 526 (172)
522 -> 612 (8)
523 -> 45 (130)
524 -> 451 (165)
525 -> 509 (146)
527 -> 145 (104)
528 -> 249 (127)
528 -> 451 (70)
529 -> 509 (130)
529 -> 629 (37)
530 -> 249 (182)
531 -> 569 (179)
532 -> 526 (179)
533 -> 45 (182)
534 -> 145 (193)
535 -> 45 (84)
535 -> 121 (46)
535 -> 249 (90)
535 -> 280 (115)
535 -> 309 (164)
535 -> 395 (97)
535 -> 423 (1)
535 -> 433 (29)
535 -> 446 (168)
535 -> 451 (62)
535 -> 502 (110)
535 -> 570 (196)
535 -> 605 (145)
535 -> 632 (4)
535 -> 633 (88)
535 -> 657 (196)
535 -> 701 (134)
535 -> 706 (125)
535 -> 708 (167)
535 -> 717 (176)
535 -> 743 (195)
535 -> 749 (161)
535 -> 752 (178)
535 -> 780 (182)
535 -> 790 (69)
536 -> 629 (198)
537 -> 45 (186)
538 -> 45 (160)
539 -> 145 (172)
540 -> 451 (175)
540 -> 629 (14)
541 -> 249 (169)
543 -> 323 (9)
544 -> 145 (169)
544 -> 216 (11)
544 -> 249 (125)
544 -> 319 (25)
544 -> 465 (159)
544 -> 508 (156)
544 -> 509 (179)
545 -> 249 (194)
546 -> 45 (114)
547 -> 451 (200)
548 -> 45 (156)
549 -> 45 (118)
549 -> 249 (23)
550 -> 63 (105)
550 -> 145 (69)
550 -> 182 (107)
550 -> 240 (75)
550 -> 249 (170)
550 -> 278 (33)
550 -> 287 (174)
550 -> 386 (164)
550 -> 446 (12)
550 -> 451 (153)
550 -> 458 (85)
550 -> 471 (16)
550 -> 477 (162)
550 -> 491 (19)
550 -> 499 (8)
550 -> 509 (108)
550 -> 526 (177)
550 -> 528 (197)
550 -> 563 (33)
550 -> 565 (156)
550 -> 569 (199)
550 -> 614 (164)
550 -> 622 (190)
550 -> 623 (185)
550 -> 629 (69)
550 -> 640 (135)
550 -> 693 (120)
550 -> 696 (168)
550 -> 727 (167)
550 -> 741 (169)
550 -> 747 (133)
550 -> 755 (133)
550 -> 782 (131)
550 -> 788 (162)
550 -> 796 (118)
551 -> 612 (187)
552 -> 629 (180)
552 -> 666 (17)
553 -> 612 (166)
554 -> 629 (33)
555 -> 45 (175)
556 -> 145 (161)
556 -> 171 (197)
556 -> 249 (16)
556 -> 259 (78)
556 -> 285 (35)
556 -> 296 (140)
556 -> 318 (154)
556 -> 396 (183)
556 -> 451 (194)
556 -> 503 (3)
556 -> 507 (17)
556 -> 509 (113)
556 -> 512 (169)
556 -> 525 (146)
556 -> 541 (1)
556 -> 557 (196)
556 -> 571 (173)
556 -> 580 (32)
556 -> 604 (40)
556 -> 608 (39)
556 -> 609 (150)
556 -> 617 (43)
556 -> 629 (134)
556 -> 638 (151)
556 -> 671 (113)
556 -> 681 (17)
556 -> 683 (124)
556 -> 695 (63)
556 -> 734 (167)
556 -> 736 (140)
556 -> 737 (182)
556 -> 756 (161)
556 -> 765 (145)
556 -> 769 (137)
556 -> 776 (187)
556 -> 779 (186)
557 -> 45 (195)
557 -> 249 (1)
558 -> 45 (138)
558 -> 451 (44)
559 -> 451 (179)
560 -> 509 (171)
561 -> 249 (166)
561 -> 612 (26)
562 -> 612 (182)
563 -> 249 (188)
564 -> 249 (139)
564 -> 798 (40)
565 -> 45 (156)
566 -> 145 (197)
567 -> 145 (157)
567 -> 451 (7)
568 -> 612 (184)
570 -> 249 (148)
570 -> 612 (48)
571 -> 45 (99)
571 -> 509 (74)
572 -> 145 (111)
572 -> 249 (24)
573 -> 45 (130)
574 -> 145 (128)
575 -> 45 (173)
575 -> 395 (199)
575 -> 451 (174)
575 -> 612 (172)
575 -> 629 (7)
576 -> 96 (118)
576 -> 145 (112)
576 -> 371 (24)
576 -> 436 (152)
576 -> 451 (96)
576 -> 497 (44)
576 -> 508 (40)
576 -> 509 (188)
576 -> 534 (36)
576 -> 558 (182)
576 -> 559 (50)
576 -> 569 (135)
576 -> 585 (156)
576 -> 629 (91)
576 -> 634 (52)
576 -> 653 (175)
576 -> 662 (166)
576 -> 686 (54)
576 -> 719 (112)
576 -> 723 (132)
576 -> 754 (14)
576 -> 763 (172)
576 -> 778 (61)
576 -> 794 (180)
577 -> 612 (176)
578 -> 629 (200)
579 -> 45 (120)
579 -> 211 (38)
579 -> 489 (7)
580 -> 587 (32)
581 -> 612 (109)
583 -> 145 (179)
584 -> 629 (134)
585 -> 249 (109)
585 -> 683 (47)
586 -> 45 (92)
587 -> 612 (109)
588 -> 249 (168)
589 -> 45 (183)
589 -> 249 (11)
590 -> 629 (200)
591 -> 509 (178)
592 -> 45 (118)
592 -> 145 (179)
592 -> 334 (31)
592 -> 451 (73)
592 -> 486 (126)
592 -> 526 (134)
592 -> 536 (188)
592 -> 547 (43)
592 -> 612 (98)
592 -> 654 (190)
592 -> 697 (182)
592 -> 699 (196)
592 -> 721 (163)
592 -> 774 (180)
592 -> 799 (22)
593 -> 45 (138)
594 -> 792 (20)
595 -> 45 (37)
596 -> 145 (191)
597 -> 656 (77)
599 -> 569 (168)
600 -> 45 (154)
601 -> 249 (92)
601 -> 286 (5)
601 -> 410 (191)
601 -> 509 (95)
601 -> 526 (169)
601 -> 549 (141)
601 -> 561 (192)
601 -> 569 (71)
601 -> 612 (149)
601 -> 677 (195)
601 -> 703 (174)
601 -> 751 (125)
601 -> 755 (65)
602 -> 249 (140)
603 -> 451 (182)
603 -> 730 (10)
604 -> 629 (193)
605 -> 569 (128)
605 -> 629 (17)
606 -> 451 (155)
607 -> 509 (145)
607 -> 610 (3)
608 -> 135 (39)
609 -> 45 (147)
609 -> 509 (3)
610 -> 145 (3)
611 -> 145 (179)
613 -> 45 (113)
613 -> 145 (50)
614 -> 45 (164)
615 -> 249 (191)
616 -> 612 (154)
617 -> 249 (180)
618 -> 451 (135)
619 -> 509 (115)
621 -> 451 (141)
622 -> 45 (151)
622 -> 569 (39)
623 -> 45 (151)
623 -> 250 (34)
624 -> 451 (135)
625 -> 629 (130)
626 -> 569 (192)
627 -> 45 (196)
628 -> 451 (94)
630 -> 451 (103)
630 -> 509 (91)
631 -> 612 (177)
632 -> 533 (4)
633 -> 612 (88)
634 -> 612 (176)
635 -> 230 (14)
635 -> 509 (143)
635 -> 730 (23)
636 -> 221 (165)
636 -> 375 (67)
636 -> 395 (130)
636 -> 451 (150)
636 -> 509 (143)
636 -> 530 (182)
636 -> 545 (191)
636 -> 568 (142)
636 -> 569 (170)
636 -> 590 (94)
636 -> 629 (125)
636 -> 631 (171)
636 -> 639 (130)
636 -> 685 (169)
636 -> 687 (163)
636 -> 690 (77)
636 -> 694 (197)
636 -> 729 (173)
636 -> 738 (30)
636 -> 757 (72)
636 -> 759 (42)
636 -> 760 (159)
637 -> 45 (187)
638 -> 451 (116)
638 -> 629 (35)
639 -> 629 (130)
640 -> 569 (86)
640 -> 612 (49)
641 -> 45 (127)
641 -> 451 (54)
642 -> 249 (197)
642 -> 509 (1)
643 -> 451 (144)
645 -> 451 (146)
645 -> 718 (18)
645 -> 730 (1)
646 -> 451 (148)
646 -> 612 (9)
647 -> 45 (129)
647 -> 629 (49)
648 -> 145 (170)
648 -> 451 (22)
649 -> 451 (164)
650 -> 467 (169)
651 -> 45 (106)
651 -> 451 (49)
652 -> 569 (186)
653 -> 249 (197)
654 -> 569 (190)
655 -> 451 (191)
656 -> 629 (200)
657 -> 45 (112)
657 -> 569 (84)
658 -> 451 (152)
658 -> 629 (48)
659 -> 45 (197)
659 -> 451 (3)
661 -> 45 (182)
662 -> 629 (166)
663 -> 569 (164)
663 -> 717 (8)
664 -> 45 (186)
664 -> 717 (14)
665 -> 95 (14)
665 -> 224 (7)
665 -> 249 (123)
665 -> 265 (121)
665 -> 348 (22)
665 -> 395 (147)
665 -> 397 (19)
665 -> 451 (89)
665 -> 485 (57)
665 -> 509 (194)
665 -> 519 (40)
665 -> 588 (5)
665 -> 597 (77)
665 -> 659 (200)
665 -> 673 (183)
665 -> 693 (50)
665 -> 711 (176)
665 -> 739 (158)
665 -> 784 (62)
666 -> 569 (184)
667 -> 45 (155)
667 -> 145 (82)
667 -> 289 (25)
667 -> 451 (116)
667 -> 459 (88)
667 -> 461 (186)
667 -> 481 (37)
667 -> 509 (75)
667 -> 555 (13)
667 -> 629 (111)
667 -> 641 (181)
667 -> 642 (198)
667 -> 646 (157)
667 -> 716 (73)
667 -> 720 (109)
667 -> 792 (142)
668 -> 629 (139)
670 -> 45 (115)
670 -> 73 (166)
670 -> 145 (182)
670 -> 249 (119)
670 -> 629 (117)
670 -> 709 (180)
670 -> 728 (165)
670 -> 748 (138)
670 -> 772 (191)
671 -> 45 (85)
671 -> 629 (28)
672 -> 451 (191)
673 -> 249 (161)
673 -> 629 (22)
674 -> 249 (155)
675 -> 145 (128)
676 -> 395 (183)
676 -> 451 (113)
676 -> 509 (136)
676 -> 545 (3)
676 -> 569 (54)
676 -> 578 (67)
676 -> 612 (173)
676 -> 629 (167)
676 -> 689 (27)
676 -> 795 (198)
677 -> 451 (143)
677 -> 612 (52)
678 -> 629 (135)
679 -> 509 (194)
681 -> 249 (160)
682 -> 145 (183)
683 -> 451 (171)
685 -> 249 (169)
686 -> 612 (188)
687 -> 509 (185)
688 -> 249 (179)
689 -> 629 (196)
690 -> 45 (177)
691 -> 451 (186)
692 -> 230 (48)
692 -> 629 (134)
693 -> 45 (170)
694 -> 451 (147)
694 -> 526 (50)
695 -> 45 (177)
696 -> 45 (110)
696 -> 509 (58)
697 -> 45 (182)
698 -> 135 (103)
698 -> 145 (68)
698 -> 249 (142)
698 -> 451 (177)
698 -> 629 (87)
698 -> 713 (195)
698 -> 740 (165)
699 -> 45 (182)
699 -> 249 (14)
700 -> 291 (22)
700 -> 509 (152)
701 -> 249 (134)
702 -> 509 (136)
702 -> 688 (22)
703 -> 509 (174)
705 -> 249 (148)
706 -> 249 (125)
707 -> 249 (187)
708 -> 451 (131)
708 -> 612 (36)
709 -> 612 (180)
711 -> 249 (132)
711 -> 509 (44)
712 -> 45 (89)
713 -> 249 (186)
713 -> 509 (9)
714 -> 451 (193)
716 -> 249 (194)
717 -> 629 (198)
718 -> 463 (37)
719 -> 45 (112)
720 -> 45 (107)
720 -> 249 (2)
721 -> 249 (163)
723 -> 45 (132)
724 -> 451 (176)
725 -> 45 (87)
725 -> 49 (151)
725 -> 594 (20)
725 -> 612 (132)
725 -> 629 (111)
725 -> 678 (135)
725 -> 682 (183)
725 -> 768 (17)
726 -> 249 (151)
727 -> 612 (167)
728 -> 45 (129)
728 -> 509 (36)
729 -> 451 (173)
730 -> 25 (165)
731 -> 612 (93)
731 -> 631 (6)
732 -> 249 (192)
733 -> 612 (155)
734 -> 612 (167)
735 -> 629 (194)
736 -> 145 (140)
737 -> 509 (181)
737 -> 523 (1)
738 -> 629 (97)
739 -> 249 (120)
739 -> 450 (38)
740 -> 249 (136)
740 -> 629 (29)
741 -> 249 (169)
742 -> 249 (96)
742 -> 628 (54)
743 -> 45 (154)
743 -> 249 (41)
744 -> 451 (173)
745 -> 569 (150)
745 -> 612 (36)
747 -> 451 (133)
748 -> 145 (138)
749 -> 526 (161)
750 -> 509 (150)
751 -> 569 (155)
752 -> 45 (121)
752 -> 249 (57)
753 -> 509 (199)
754 -> 249 (175)
755 -> 569 (198)
756 -> 249 (134)
756 -> 509 (27)
757 -> 451 (183)
758 -> 249 (144)
758 -> 595 (37)
759 -> 451 (132)
760 -> 612 (159)
761 -> 249 (189)
762 -> 509 (191)
763 -> 45 (171)
763 -> 509 (1)
764 -> 45 (173)
764 -> 568 (27)
765 -> 249 (145)
766 -> 249 (196)
768 -> 249 (180)
769 -> 599 (6)
769 -> 612 (131)
772 -> 45 (191)
774 -> 451 (128)
774 -> 569 (52)
776 -> 451 (183)
776 -> 612 (4)
777 -> 118 (11)
777 -> 509 (188)
778 -> 724 (61)
779 -> 451 (186)
780 -> 45 (198)
781 -> 249 (171)
782 -> 249 (101)
782 -> 751 (30)
783 -> 45 (163)
784 -> 249 (196)
785 -> 370 (11)
786 -> 745 (186)
787 -> 45 (123)
788 -> 249 (162)
789 -> 249 (180)
790 -> 249 (177)
791 -> 45 (150)
792 -> 254 (162)
793 -> 249 (178)
794 -> 451 (124)
794 -> 509 (56)
795 -> 249 (183)
795 -> 451 (15)
796 -> 45 (108)
796 -> 536 (10)
797 -> 18 (16)
797 -> 249 (156)
797 -> 288 (138)
797 -> 395 (167)
797 -> 451 (33)
797 -> 488 (131)
797 -> 509 (182)
797 -> 569 (92)
797 -> 577 (176)
797 -> 612 (57)
797 -> 615 (80)
797 -> 629 (123)
798 -> 395 (155)
799 -> 45 (183)
Fluxo: 135991
Arestas removidas: 186152

--Rotas do 2ยบ turno-----------------------------
0 -> 643 (112)
1 -> 509 (145)
1 -> 612 (1)
2 -> 19 (193)
2 -> 21 (179)
2 -> 45 (187)
2 -> 61 (124)
2 -> 64 (131)
2 -> 106 (178)
2 -> 145 (162)
2 -> 395 (130)
2 -> 629 (130)
3 -> 569 (149)
5 -> 45 (169)
7 -> 45 (155)
7 -> 249 (4)
8 -> 451 (118)
9 -> 569 (160)
11 -> 249 (133)
12 -> 145 (106)
12 -> 451 (14)
13 -> 664 (55)
14 -> 45 (136)
16 -> 45 (125)
18 -> 629 (148)
19 -> 145 (189)
19 -> 509 (4)
20 -> 451 (149)
21 -> 145 (179)
22 -> 3 (149)
22 -> 5 (169)
22 -> 8 (118)
22 -> 11 (133)
22 -> 14 (136)
22 -> 31 (180)
22 -> 35 (161)
22 -> 41 (160)
22 -> 54 (157)
22 -> 249 (112)
22 -> 509 (83)
22 -> 612 (116)
24 -> 569 (99)
26 -> 249 (159)
26 -> 509 (14)
28 -> 45 (138)
28 -> 249 (15)
29 -> 569 (140)
30 -> 145 (153)
31 -> 509 (104)
31 -> 569 (76)
32 -> 45 (139)
33 -> 612 (148)
34 -> 451 (139)
34 -> 569 (57)
35 -> 249 (161)
36 -> 509 (98)
37 -> 249 (132)
39 -> 45 (132)
39 -> 612 (40)
40 -> 249 (76)
40 -> 509 (96)
41 -> 451 (160)
42 -> 451 (96)
42 -> 629 (53)
44 -> 509 (128)
44 -> 629 (69)
45 -> 62 (122)
46 -> 12 (120)
46 -> 20 (149)
46 -> 28 (153)
46 -> 29 (140)
46 -> 30 (153)
46 -> 34 (196)
46 -> 40 (172)
46 -> 48 (138)
46 -> 55 (165)
46 -> 56 (145)
46 -> 67 (154)
46 -> 137 (96)
46 -> 145 (113)
46 -> 249 (110)
46 -> 509 (117)
46 -> 569 (109)
47 -> 145 (142)
47 -> 629 (55)
48 -> 45 (193)
49 -> 629 (151)
50 -> 145 (184)
50 -> 629 (11)
53 -> 45 (190)
54 -> 509 (157)
55 -> 45 (136)
55 -> 612 (29)
56 -> 45 (168)
57 -> 249 (179)
59 -> 249 (179)
60 -> 249 (170)
61 -> 249 (124)
62 -> 569 (122)
64 -> 509 (131)
66 -> 451 (148)
67 -> 451 (154)
68 -> 249 (143)
69 -> 145 (116)
71 -> 145 (129)
72 -> 451 (183)
73 -> 730 (46)
73 -> 731 (55)
73 -> 761 (74)
74 -> 16 (125)
74 -> 44 (197)
74 -> 57 (179)
74 -> 60 (170)
74 -> 68 (143)
74 -> 72 (183)
74 -> 78 (135)
74 -> 81 (158)
74 -> 102 (150)
74 -> 109 (90)
74 -> 145 (195)
74 -> 451 (118)
74 -> 569 (171)
74 -> 612 (135)
75 -> 7 (159)
75 -> 26 (173)
75 -> 33 (148)
75 -> 37 (132)
75 -> 42 (149)
75 -> 53 (190)
75 -> 71 (129)
75 -> 82 (149)
75 -> 84 (132)
75 -> 85 (179)
75 -> 95 (173)
75 -> 111 (194)
75 -> 117 (160)
75 -> 121 (113)
75 -> 126 (190)
75 -> 127 (163)
75 -> 148 (56)
75 -> 179 (177)
75 -> 249 (142)
75 -> 451 (152)
78 -> 145 (117)
78 -> 612 (18)
79 -> 612 (191)
80 -> 45 (170)
81 -> 45 (158)
82 -> 45 (149)
83 -> 45 (186)
84 -> 45 (132)
85 -> 145 (158)
85 -> 451 (21)
87 -> 18 (132)
87 -> 36 (98)
87 -> 39 (172)
87 -> 45 (141)
87 -> 47 (197)
87 -> 48 (55)
87 -> 59 (176)
87 -> 79 (182)
87 -> 83 (186)
87 -> 103 (150)
87 -> 105 (168)
87 -> 249 (194)
87 -> 327 (157)
87 -> 443 (18)
87 -> 509 (128)
87 -> 612 (177)
87 -> 629 (97)
89 -> 629 (56)
91 -> 509 (196)
94 -> 1 (146)
95 -> 45 (179)
96 -> 616 (56)
96 -> 707 (82)
98 -> 45 (123)
98 -> 249 (143)
101 -> 145 (170)
101 -> 451 (21)
102 -> 249 (150)
103 -> 145 (150)
105 -> 509 (168)
106 -> 451 (178)
107 -> 45 (181)
108 -> 451 (133)
108 -> 629 (18)
109 -> 451 (90)
110 -> 145 (175)
111 -> 451 (194)
113 -> 451 (185)
114 -> 32 (139)
114 -> 69 (116)
114 -> 91 (98)
114 -> 107 (181)
114 -> 108 (151)
114 -> 110 (175)
114 -> 115 (180)
114 -> 120 (153)
114 -> 139 (183)
114 -> 141 (187)
114 -> 145 (181)
114 -> 160 (100)
114 -> 509 (165)
114 -> 629 (114)
115 -> 509 (180)
117 -> 145 (129)
117 -> 509 (31)
119 -> 45 (119)
120 -> 451 (153)
121 -> 45 (159)
122 -> 101 (191)
122 -> 133 (135)
122 -> 143 (110)
122 -> 158 (138)
122 -> 161 (192)
122 -> 168 (132)
122 -> 170 (194)
122 -> 176 (189)
122 -> 181 (134)
122 -> 186 (184)
122 -> 187 (164)
122 -> 196 (128)
122 -> 203 (139)
122 -> 206 (121)
122 -> 209 (167)
122 -> 222 (184)
122 -> 338 (162)
122 -> 526 (163)
122 -> 612 (154)
123 -> 145 (110)
124 -> 509 (141)
125 -> 45 (186)
126 -> 45 (190)
127 -> 451 (127)
127 -> 612 (36)
128 -> 629 (153)
130 -> 625 (137)
131 -> 119 (119)
131 -> 125 (168)
131 -> 128 (153)
131 -> 132 (145)
131 -> 140 (175)
131 -> 149 (175)
131 -> 155 (192)
131 -> 159 (117)
131 -> 199 (185)
131 -> 204 (127)
131 -> 213 (138)
131 -> 223 (196)
131 -> 226 (190)
131 -> 231 (113)
131 -> 236 (129)
131 -> 239 (148)
131 -> 244 (116)
131 -> 250 (136)
131 -> 251 (171)
131 -> 266 (167)
131 -> 267 (148)
131 -> 268 (196)
131 -> 289 (166)
131 -> 293 (155)
131 -> 299 (165)
131 -> 332 (133)
131 -> 612 (121)
131 -> 629 (164)
132 -> 45 (139)
132 -> 249 (6)
133 -> 45 (135)
135 -> 509 (103)
136 -> 9 (160)
136 -> 50 (195)
136 -> 56 (23)
136 -> 91 (98)
136 -> 125 (18)
136 -> 138 (173)
136 -> 162 (176)
136 -> 234 (148)
136 -> 267 (4)
136 -> 269 (192)
136 -> 302 (175)
136 -> 431 (166)
136 -> 451 (85)
136 -> 507 (173)
136 -> 569 (80)
136 -> 591 (113)
136 -> 652 (186)
137 -> 612 (96)
138 -> 45 (137)
138 -> 451 (36)
139 -> 249 (164)
139 -> 612 (19)
140 -> 569 (146)
140 -> 629 (29)
141 -> 249 (137)
141 -> 509 (50)
143 -> 451 (110)
144 -> 45 (143)
144 -> 123 (110)
144 -> 152 (110)
144 -> 157 (190)
144 -> 173 (145)
144 -> 180 (159)
144 -> 205 (172)
144 -> 210 (191)
144 -> 211 (115)
144 -> 220 (115)
144 -> 249 (120)
144 -> 252 (149)
144 -> 258 (158)
144 -> 263 (189)
144 -> 264 (189)
144 -> 284 (191)
144 -> 297 (176)
144 -> 311 (126)
144 -> 346 (137)
144 -> 389 (142)
144 -> 509 (145)
144 -> 526 (117)
144 -> 629 (139)
144 -> 635 (59)
145 -> 629 (121)
147 -> 588 (47)
147 -> 650 (120)
147 -> 686 (22)
148 -> 145 (150)
148 -> 249 (129)
148 -> 509 (123)
148 -> 629 (169)
149 -> 249 (170)
149 -> 509 (5)
151 -> 45 (177)
151 -> 158 (62)
151 -> 191 (183)
151 -> 197 (104)
151 -> 198 (115)
151 -> 238 (146)
151 -> 243 (101)
151 -> 260 (135)
151 -> 282 (174)
151 -> 290 (146)
151 -> 303 (136)
151 -> 336 (67)
151 -> 354 (178)
151 -> 375 (109)
151 -> 385 (198)
151 -> 395 (198)
151 -> 402 (172)
151 -> 526 (130)
151 -> 591 (65)
151 -> 593 (153)
151 -> 688 (157)
151 -> 724 (115)
151 -> 754 (161)
152 -> 451 (163)
153 -> 289 (25)
153 -> 503 (3)
155 -> 145 (192)
156 -> 451 (145)
157 -> 145 (172)
157 -> 451 (18)
158 -> 249 (200)
159 -> 612 (117)
160 -> 249 (100)
161 -> 509 (128)
161 -> 612 (64)
162 -> 45 (176)
163 -> 249 (174)
164 -> 80 (170)
164 -> 145 (125)
164 -> 152 (53)
164 -> 183 (147)
164 -> 214 (176)
164 -> 220 (61)
164 -> 233 (183)
164 -> 246 (177)
164 -> 253 (180)
164 -> 270 (134)
164 -> 298 (115)
164 -> 329 (169)
164 -> 451 (135)
164 -> 493 (97)
164 -> 503 (150)
164 -> 590 (106)
164 -> 663 (165)
164 -> 744 (180)
165 -> 145 (149)
165 -> 509 (41)
168 -> 249 (103)
168 -> 629 (29)
169 -> 45 (168)
169 -> 311 (30)
170 -> 45 (164)
170 -> 249 (30)
173 -> 145 (145)
174 -> 629 (190)
175 -> 165 (190)
175 -> 169 (198)
175 -> 189 (188)
175 -> 192 (197)
175 -> 194 (140)
175 -> 198 (49)
175 -> 203 (31)
175 -> 249 (81)
175 -> 300 (173)
175 -> 337 (157)
175 -> 629 (168)
176 -> 45 (178)
176 -> 451 (11)
178 -> 569 (122)
179 -> 451 (164)
179 -> 509 (13)
180 -> 249 (136)
180 -> 629 (23)
181 -> 451 (134)
182 -> 705 (72)
183 -> 45 (147)
184 -> 45 (189)
185 -> 451 (142)
186 -> 145 (173)
186 -> 249 (11)
187 -> 45 (131)
187 -> 612 (33)
188 -> 509 (155)
189 -> 249 (177)
189 -> 629 (11)
191 -> 145 (183)
192 -> 249 (174)
192 -> 629 (23)
193 -> 130 (137)
193 -> 156 (145)
193 -> 245 (177)
193 -> 247 (130)
193 -> 286 (163)
193 -> 295 (190)
193 -> 303 (37)
193 -> 305 (184)
193 -> 335 (123)
193 -> 359 (161)
193 -> 419 (146)
193 -> 522 (173)
193 -> 569 (131)
193 -> 750 (150)
193 -> 757 (111)
193 -> 781 (139)
194 -> 45 (173)
195 -> 509 (61)
196 -> 145 (128)
197 -> 569 (98)
197 -> 612 (6)
198 -> 249 (164)
199 -> 249 (168)
199 -> 509 (17)
200 -> 145 (129)
202 -> 509 (111)
202 -> 785 (25)
203 -> 145 (170)
204 -> 45 (127)
205 -> 145 (150)
205 -> 451 (22)
206 -> 45 (121)
209 -> 249 (133)
209 -> 509 (34)
210 -> 145 (191)
211 -> 249 (186)
213 -> 45 (138)
214 -> 45 (176)
215 -> 451 (172)
218 -> 124 (141)
218 -> 163 (174)
218 -> 194 (33)
218 -> 215 (172)
218 -> 249 (133)
218 -> 279 (150)
218 -> 294 (190)
218 -> 324 (151)
218 -> 325 (200)
218 -> 339 (178)
218 -> 353 (148)
218 -> 358 (174)
218 -> 381 (189)
218 -> 407 (124)
218 -> 629 (142)
219 -> 174 (182)
219 -> 200 (129)
219 -> 304 (157)
219 -> 308 (177)
219 -> 322 (136)
219 -> 342 (140)
219 -> 344 (158)
219 -> 357 (198)
219 -> 366 (177)
219 -> 367 (131)
219 -> 376 (169)
219 -> 394 (107)
219 -> 395 (106)
219 -> 412 (165)
219 -> 421 (140)
219 -> 422 (157)
219 -> 424 (181)
219 -> 430 (112)
219 -> 460 (138)
219 -> 463 (145)
219 -> 552 (197)
219 -> 569 (176)
219 -> 615 (111)
219 -> 672 (191)
219 -> 689 (169)
219 -> 714 (121)
219 -> 732 (192)
219 -> 762 (190)
220 -> 629 (176)
221 -> 398 (37)
221 -> 451 (163)
222 -> 145 (168)
222 -> 451 (16)
223 -> 145 (109)
223 -> 612 (87)
224 -> 618 (77)
225 -> 45 (150)
225 -> 193 (31)
225 -> 244 (71)
225 -> 257 (134)
225 -> 273 (135)
225 -> 301 (144)
225 -> 335 (71)
225 -> 342 (6)
225 -> 365 (199)
225 -> 367 (16)
225 -> 368 (153)
225 -> 377 (177)
225 -> 418 (119)
225 -> 438 (136)
225 -> 439 (122)
225 -> 442 (145)
225 -> 445 (180)
225 -> 455 (168)
225 -> 517 (188)
225 -> 520 (171)
225 -> 534 (157)
225 -> 553 (109)
225 -> 704 (180)
225 -> 712 (147)
225 -> 791 (178)
226 -> 249 (135)
226 -> 451 (55)
227 -> 22 (79)
227 -> 45 (162)
227 -> 59 (3)
227 -> 184 (189)
227 -> 188 (155)
227 -> 249 (181)
227 -> 275 (120)
227 -> 290 (38)
227 -> 333 (187)
227 -> 345 (177)
227 -> 368 (41)
227 -> 377 (16)
227 -> 399 (145)
227 -> 404 (195)
227 -> 420 (181)
227 -> 424 (16)
227 -> 432 (101)
227 -> 451 (189)
227 -> 470 (145)
227 -> 613 (122)
227 -> 617 (137)
227 -> 679 (159)
231 -> 569 (113)
232 -> 249 (160)
232 -> 256 (193)
232 -> 374 (140)
232 -> 414 (147)
232 -> 415 (191)
232 -> 416 (130)
232 -> 427 (118)
232 -> 429 (183)
232 -> 441 (129)
232 -> 451 (121)
232 -> 457 (164)
232 -> 482 (113)
232 -> 483 (174)
232 -> 500 (178)
232 -> 521 (180)
232 -> 541 (168)
232 -> 560 (171)
232 -> 569 (157)
232 -> 606 (144)
232 -> 629 (129)
232 -> 753 (181)
233 -> 569 (183)
234 -> 145 (148)
235 -> 249 (168)
235 -> 341 (150)
235 -> 364 (128)
235 -> 366 (16)
235 -> 373 (167)
235 -> 387 (134)
235 -> 388 (166)
235 -> 440 (166)
235 -> 449 (89)
235 -> 468 (184)
235 -> 475 (105)
235 -> 479 (111)
235 -> 529 (167)
235 -> 538 (132)
235 -> 540 (189)
235 -> 544 (144)
235 -> 569 (188)
235 -> 579 (46)
235 -> 666 (167)
235 -> 716 (121)
235 -> 733 (155)
235 -> 766 (169)
235 -> 770 (120)
236 -> 451 (196)
238 -> 509 (113)
238 -> 612 (33)
239 -> 145 (148)
240 -> 249 (186)
241 -> 523 (6)
243 -> 509 (101)
244 -> 249 (187)
245 -> 249 (148)
245 -> 509 (29)
246 -> 241 (6)
246 -> 612 (171)
247 -> 509 (130)
250 -> 451 (199)
251 -> 249 (108)
251 -> 612 (63)
252 -> 612 (149)
253 -> 249 (125)
253 -> 451 (55)
256 -> 249 (193)
257 -> 145 (134)
258 -> 509 (158)
259 -> 516 (142)
260 -> 509 (135)
261 -> 249 (150)
263 -> 145 (117)
263 -> 249 (72)
264 -> 569 (92)
264 -> 612 (97)
265 -> 453 (30)
265 -> 497 (14)
265 -> 766 (27)
266 -> 45 (167)
267 -> 45 (152)
268 -> 45 (142)
268 -> 569 (54)
269 -> 249 (199)
270 -> 569 (134)
273 -> 249 (135)
275 -> 249 (120)
276 -> 249 (142)
277 -> 249 (133)
277 -> 612 (25)
278 -> 569 (162)
279 -> 249 (150)
280 -> 249 (86)
280 -> 643 (29)
282 -> 451 (174)
284 -> 249 (183)
284 -> 509 (8)
285 -> 569 (145)
286 -> 629 (168)
287 -> 514 (45)
287 -> 569 (152)
288 -> 451 (102)
288 -> 635 (20)
288 -> 655 (62)
289 -> 145 (191)
290 -> 145 (184)
292 -> 277 (158)
292 -> 301 (44)
292 -> 426 (184)
292 -> 454 (157)
292 -> 462 (176)
292 -> 469 (151)
292 -> 474 (153)
292 -> 509 (73)
292 -> 518 (8)
292 -> 526 (117)
292 -> 612 (122)
292 -> 759 (90)
292 -> 761 (115)
292 -> 793 (188)
293 -> 145 (155)
294 -> 145 (175)
294 -> 509 (15)
295 -> 145 (151)
295 -> 451 (39)
296 -> 249 (109)
296 -> 349 (62)
297 -> 249 (109)
297 -> 612 (67)
298 -> 249 (115)
299 -> 45 (165)
300 -> 451 (173)
301 -> 612 (188)
302 -> 45 (175)
303 -> 509 (173)
304 -> 569 (157)
305 -> 451 (184)
306 -> 249 (183)
306 -> 451 (14)
307 -> 509 (159)
308 -> 509 (91)
308 -> 612 (86)
309 -> 519 (183)
310 -> 588 (43)
310 -> 616 (71)
310 -> 707 (73)
311 -> 629 (156)
314 -> 509 (115)
317 -> 569 (130)
318 -> 249 (125)
322 -> 509 (136)
323 -> 451 (158)
324 -> 145 (151)
325 -> 569 (173)
325 -> 629 (27)
326 -> 307 (159)
326 -> 314 (115)
326 -> 337 (35)
326 -> 405 (149)
326 -> 431 (7)
326 -> 451 (198)
326 -> 479 (40)
326 -> 509 (65)
326 -> 551 (164)
326 -> 569 (168)
326 -> 690 (100)
326 -> 758 (144)
326 -> 764 (200)
326 -> 768 (163)
326 -> 781 (32)
326 -> 784 (134)
327 -> 451 (157)
328 -> 629 (159)
329 -> 145 (147)
329 -> 451 (22)
331 -> 145 (115)
331 -> 249 (172)
331 -> 276 (142)
331 -> 363 (188)
331 -> 789 (180)
332 -> 249 (122)
332 -> 612 (11)
333 -> 249 (187)
334 -> 249 (139)
335 -> 45 (194)
336 -> 236 (67)
337 -> 145 (192)
338 -> 629 (162)
339 -> 451 (161)
339 -> 612 (17)
341 -> 249 (150)
342 -> 569 (146)
344 -> 145 (158)
345 -> 569 (192)
346 -> 249 (123)
346 -> 629 (14)
347 -> 509 (131)
348 -> 629 (190)
349 -> 451 (191)
353 -> 569 (148)
354 -> 45 (152)
354 -> 509 (26)
356 -> 249 (153)
357 -> 145 (185)
357 -> 612 (13)
358 -> 569 (174)
359 -> 451 (161)
360 -> 45 (189)
360 -> 153 (28)
360 -> 202 (136)
360 -> 249 (116)
360 -> 323 (149)
360 -> 356 (153)
360 -> 413 (131)
360 -> 417 (26)
360 -> 435 (164)
360 -> 451 (137)
360 -> 474 (34)
360 -> 501 (130)
360 -> 511 (164)
360 -> 555 (162)
360 -> 569 (101)
360 -> 596 (191)
360 -> 611 (138)
360 -> 612 (135)
360 -> 626 (160)
360 -> 629 (120)
360 -> 651 (109)
360 -> 658 (200)
360 -> 667 (22)
360 -> 679 (35)
360 -> 715 (31)
360 -> 775 (115)
360 -> 799 (161)
363 -> 451 (188)
364 -> 451 (128)
365 -> 249 (171)
365 -> 451 (28)
366 -> 45 (193)
367 -> 451 (147)
368 -> 45 (194)
369 -> 515 (55)
369 -> 742 (76)
371 -> 509 (192)
373 -> 249 (167)
374 -> 569 (140)
375 -> 451 (176)
376 -> 249 (169)
377 -> 629 (193)
380 -> 113 (155)
381 -> 451 (162)
381 -> 509 (27)
383 -> 113 (30)
384 -> 612 (153)
385 -> 569 (117)
385 -> 612 (81)
386 -> 612 (164)
387 -> 45 (134)
388 -> 612 (184)
389 -> 629 (142)
390 -> 249 (166)
390 -> 509 (8)
391 -> 145 (119)
392 -> 75 (186)
392 -> 144 (114)
392 -> 369 (131)
392 -> 416 (68)
392 -> 451 (179)
392 -> 472 (133)
392 -> 489 (123)
392 -> 494 (190)
392 -> 504 (154)
392 -> 509 (90)
392 -> 527 (104)
392 -> 566 (141)
392 -> 572 (120)
392 -> 612 (72)
392 -> 630 (194)
392 -> 647 (178)
392 -> 648 (192)
392 -> 771 (132)
394 -> 403 (107)
395 -> 249 (185)
396 -> 629 (151)
397 -> 668 (40)
397 -> 722 (70)
398 -> 249 (137)
399 -> 451 (145)
401 -> 629 (9)
402 -> 612 (172)
403 -> 451 (107)
404 -> 145 (176)
404 -> 612 (19)
405 -> 509 (148)
405 -> 612 (1)
407 -> 249 (124)
409 -> 509 (133)
410 -> 249 (171)
412 -> 249 (154)
412 -> 629 (11)
413 -> 629 (177)
414 -> 612 (191)
415 -> 509 (187)
415 -> 629 (4)
416 -> 249 (198)
417 -> 736 (26)
418 -> 249 (119)
419 -> 249 (146)
420 -> 509 (170)
420 -> 612 (11)
421 -> 249 (125)
421 -> 509 (15)
422 -> 612 (157)
423 -> 612 (192)
424 -> 249 (197)
425 -> 569 (114)
426 -> 249 (190)
427 -> 509 (118)
429 -> 451 (183)
430 -> 612 (112)
431 -> 249 (173)
432 -> 451 (101)
433 -> 569 (188)
434 -> 384 (28)
435 -> 249 (164)
436 -> 612 (152)
438 -> 249 (150)
439 -> 178 (122)
440 -> 249 (166)
441 -> 249 (129)
442 -> 249 (129)
442 -> 509 (16)
443 -> 612 (18)
445 -> 451 (180)
449 -> 578 (89)
450 -> 451 (70)
453 -> 383 (30)
454 -> 249 (157)
455 -> 145 (145)
455 -> 249 (23)
457 -> 569 (145)
457 -> 575 (19)
458 -> 24 (99)
458 -> 349 (56)
460 -> 612 (138)
461 -> 509 (186)
462 -> 249 (161)
462 -> 345 (15)
463 -> 45 (145)
464 -> 569 (138)
465 -> 509 (159)
468 -> 451 (144)
468 -> 745 (40)
469 -> 612 (167)
470 -> 249 (145)
471 -> 702 (158)
472 -> 569 (133)
473 -> 569 (161)
474 -> 145 (187)
475 -> 612 (105)
476 -> 74 (127)
476 -> 145 (195)
476 -> 147 (189)
476 -> 261 (150)
476 -> 390 (174)
476 -> 464 (138)
476 -> 492 (173)
476 -> 562 (126)
476 -> 574 (128)
476 -> 629 (151)
476 -> 785 (130)
476 -> 786 (132)
477 -> 451 (159)
477 -> 612 (3)
478 -> 249 (177)
479 -> 509 (151)
480 -> 13 (55)
480 -> 249 (185)
480 -> 306 (197)
480 -> 413 (46)
480 -> 414 (44)
480 -> 425 (114)
480 -> 451 (126)
480 -> 501 (7)
480 -> 505 (166)
480 -> 509 (164)
480 -> 524 (165)
480 -> 531 (179)
480 -> 543 (9)
480 -> 566 (56)
480 -> 567 (111)
480 -> 575 (155)
480 -> 612 (154)
480 -> 626 (32)
480 -> 629 (47)
480 -> 714 (72)
480 -> 787 (3)
481 -> 599 (121)
482 -> 451 (113)
483 -> 451 (169)
483 -> 629 (5)
485 -> 249 (196)
486 -> 583 (96)
487 -> 582 (8)
488 -> 548 (112)
488 -> 634 (10)
488 -> 716 (73)
489 -> 249 (169)
492 -> 451 (173)
493 -> 509 (97)
494 -> 451 (172)
494 -> 612 (18)
495 -> 451 (139)
497 -> 249 (183)
499 -> 612 (123)
500 -> 89 (56)
500 -> 509 (122)
501 -> 249 (137)
503 -> 451 (153)
504 -> 249 (96)
504 -> 509 (58)
505 -> 249 (166)
507 -> 45 (173)
510 -> 249 (74)
510 -> 433 (159)
510 -> 526 (180)
510 -> 589 (173)
510 -> 629 (164)
511 -> 569 (164)
512 -> 347 (116)
512 -> 469 (16)
514 -> 629 (131)
515 -> 612 (55)
516 -> 451 (142)
517 -> 249 (188)
518 -> 174 (8)
519 -> 249 (183)
520 -> 629 (171)
521 -> 451 (92)
521 -> 509 (88)
522 -> 612 (173)
523 -> 426 (6)
524 -> 451 (165)
525 -> 509 (183)
526 -> 249 (146)
527 -> 145 (104)
528 -> 249 (127)
528 -> 451 (70)
529 -> 509 (130)
529 -> 629 (37)
530 -> 249 (182)
531 -> 569 (179)
534 -> 145 (193)
535 -> 98 (124)
535 -> 121 (46)
535 -> 249 (90)
535 -> 280 (115)
535 -> 309 (177)
535 -> 423 (192)
535 -> 433 (29)
535 -> 451 (62)
535 -> 562 (56)
535 -> 570 (196)
535 -> 605 (145)
535 -> 632 (170)
535 -> 633 (88)
535 -> 657 (111)
535 -> 701 (134)
535 -> 706 (125)
535 -> 708 (167)
535 -> 717 (176)
535 -> 743 (148)
535 -> 752 (168)
535 -> 780 (161)
535 -> 790 (147)
536 -> 629 (188)
538 -> 249 (132)
540 -> 451 (175)
540 -> 629 (14)
541 -> 249 (169)
543 -> 323 (9)
544 -> 145 (169)
544 -> 249 (125)
544 -> 465 (159)
544 -> 509 (179)
544 -> 621 (24)
545 -> 249 (194)
547 -> 451 (173)
548 -> 398 (100)
548 -> 621 (12)
549 -> 249 (128)
550 -> 122 (79)
550 -> 182 (72)
550 -> 240 (186)
550 -> 249 (170)
550 -> 287 (197)
550 -> 386 (164)
550 -> 451 (153)
550 -> 458 (155)
550 -> 471 (158)
550 -> 477 (162)
550 -> 499 (123)
550 -> 509 (108)
550 -> 526 (146)
550 -> 528 (197)
550 -> 563 (151)
550 -> 565 (154)
550 -> 569 (199)
550 -> 614 (166)
550 -> 622 (130)
550 -> 623 (63)
550 -> 640 (135)
550 -> 696 (115)
550 -> 727 (167)
550 -> 741 (169)
550 -> 747 (133)
550 -> 755 (133)
550 -> 782 (131)
550 -> 788 (162)
551 -> 612 (164)
552 -> 629 (180)
552 -> 666 (17)
553 -> 612 (166)
555 -> 278 (162)
556 -> 46 (131)
556 -> 145 (161)
556 -> 259 (142)
556 -> 296 (171)
556 -> 318 (125)
556 -> 396 (151)
556 -> 451 (194)
556 -> 512 (132)
556 -> 525 (146)
556 -> 571 (159)
556 -> 580 (174)
556 -> 604 (162)
556 -> 629 (134)
556 -> 638 (151)
556 -> 671 (112)
556 -> 681 (122)
556 -> 683 (124)
556 -> 734 (175)
556 -> 737 (181)
556 -> 756 (161)
556 -> 765 (145)
556 -> 769 (137)
556 -> 776 (187)
556 -> 779 (186)
558 -> 451 (144)
559 -> 451 (179)
560 -> 509 (171)
561 -> 249 (166)
562 -> 612 (182)
563 -> 249 (188)
565 -> 619 (154)
566 -> 145 (197)
567 -> 451 (111)
568 -> 612 (184)
570 -> 249 (148)
570 -> 612 (48)
571 -> 328 (159)
572 -> 249 (120)
574 -> 145 (128)
575 -> 451 (174)
576 -> 0 (112)
576 -> 96 (138)
576 -> 145 (112)
576 -> 164 (76)
576 -> 310 (187)
576 -> 371 (189)
576 -> 436 (152)
576 -> 451 (96)
576 -> 497 (169)
576 -> 509 (188)
576 -> 534 (36)
576 -> 558 (144)
576 -> 559 (111)
576 -> 569 (135)
576 -> 585 (156)
576 -> 629 (91)
576 -> 634 (166)
576 -> 653 (175)
576 -> 662 (166)
576 -> 674 (179)
576 -> 686 (125)
576 -> 723 (193)
576 -> 754 (14)
576 -> 763 (152)
576 -> 778 (150)
576 -> 794 (180)
577 -> 612 (176)
578 -> 629 (200)
579 -> 489 (46)
580 -> 349 (73)
580 -> 514 (86)
580 -> 618 (15)
582 -> 760 (8)
583 -> 145 (96)
585 -> 249 (109)
585 -> 683 (47)
587 -> 612 (109)
587 -> 656 (29)
588 -> 249 (168)
589 -> 249 (173)
590 -> 629 (200)
591 -> 509 (178)
592 -> 45 (118)
592 -> 145 (179)
592 -> 334 (139)
592 -> 486 (96)
592 -> 536 (188)
592 -> 547 (173)
592 -> 654 (190)
592 -> 699 (177)
592 -> 721 (163)
592 -> 746 (131)
592 -> 774 (149)
593 -> 45 (138)
593 -> 621 (15)
594 -> 317 (130)
596 -> 145 (191)
597 -> 478 (141)
599 -> 569 (121)
601 -> 249 (92)
601 -> 286 (5)
601 -> 410 (171)
601 -> 509 (95)
601 -> 549 (128)
601 -> 561 (166)
601 -> 569 (71)
601 -> 612 (149)
601 -> 677 (195)
601 -> 703 (174)
601 -> 751 (125)
601 -> 755 (65)
602 -> 249 (129)
603 -> 451 (52)
604 -> 629 (193)
605 -> 569 (128)
605 -> 629 (17)
606 -> 451 (144)
611 -> 145 (138)
613 -> 145 (122)
614 -> 384 (125)
614 -> 645 (41)
615 -> 249 (191)
616 -> 612 (154)
617 -> 249 (180)
618 -> 451 (92)
619 -> 509 (154)
621 -> 451 (51)
622 -> 569 (130)
623 -> 250 (63)
624 -> 451 (59)
625 -> 629 (130)
625 -> 705 (7)
626 -> 569 (192)
628 -> 451 (94)
628 -> 656 (19)
630 -> 451 (103)
630 -> 509 (91)
631 -> 612 (171)
632 -> 553 (57)
632 -> 617 (43)
632 -> 691 (70)
633 -> 612 (88)
634 -> 612 (176)
635 -> 509 (79)
636 -> 221 (200)
636 -> 375 (67)
636 -> 451 (150)
636 -> 509 (143)
636 -> 530 (182)
636 -> 545 (191)
636 -> 568 (142)
636 -> 569 (170)
636 -> 590 (94)
636 -> 629 (125)
636 -> 631 (171)
636 -> 639 (145)
636 -> 685 (169)
636 -> 687 (163)
636 -> 690 (50)
636 -> 694 (147)
636 -> 729 (174)
636 -> 738 (91)
636 -> 757 (72)
636 -> 759 (42)
636 -> 760 (159)
638 -> 451 (116)
638 -> 629 (35)
639 -> 347 (15)
639 -> 629 (130)
640 -> 569 (86)
640 -> 612 (49)
641 -> 451 (159)
642 -> 249 (197)
642 -> 509 (1)
643 -> 451 (141)
645 -> 451 (41)
646 -> 451 (148)
646 -> 612 (9)
647 -> 195 (61)
647 -> 629 (117)
648 -> 401 (9)
648 -> 451 (183)
649 -> 451 (150)
650 -> 94 (120)
651 -> 451 (109)
652 -> 569 (186)
653 -> 249 (175)
654 -> 569 (190)
655 -> 451 (62)
656 -> 629 (48)
657 -> 569 (111)
658 -> 451 (152)
658 -> 629 (48)
659 -> 451 (191)
662 -> 629 (166)
663 -> 541 (1)
663 -> 569 (164)
664 -> 731 (38)
664 -> 768 (17)
665 -> 95 (6)
665 -> 224 (77)
665 -> 249 (123)
665 -> 265 (71)
665 -> 348 (177)
665 -> 380 (155)
665 -> 397 (110)
665 -> 451 (89)
665 -> 485 (174)
665 -> 509 (194)
665 -> 588 (78)
665 -> 597 (141)
665 -> 659 (191)
665 -> 673 (183)
665 -> 710 (36)
665 -> 711 (176)
665 -> 739 (190)
665 -> 784 (62)
666 -> 569 (184)
667 -> 45 (155)
667 -> 451 (116)
667 -> 461 (186)
667 -> 481 (121)
667 -> 629 (111)
667 -> 641 (159)
667 -> 642 (198)
667 -> 646 (157)
667 -> 720 (88)
667 -> 792 (142)
668 -> 629 (139)
670 -> 45 (115)
670 -> 73 (175)
670 -> 145 (182)
670 -> 249 (119)
670 -> 309 (6)
670 -> 629 (117)
670 -> 709 (180)
670 -> 728 (150)
670 -> 772 (51)
671 -> 629 (112)
672 -> 451 (191)
673 -> 249 (161)
673 -> 629 (22)
674 -> 249 (155)
674 -> 790 (24)
676 -> 451 (113)
676 -> 509 (136)
676 -> 545 (3)
676 -> 569 (54)
676 -> 578 (111)
676 -> 612 (173)
676 -> 629 (167)
676 -> 689 (27)
676 -> 795 (198)
677 -> 451 (143)
677 -> 612 (52)
678 -> 629 (135)
679 -> 509 (194)
681 -> 249 (122)
683 -> 451 (171)
685 -> 249 (169)
686 -> 612 (188)
687 -> 509 (163)
688 -> 249 (179)
689 -> 629 (196)
690 -> 695 (150)
691 -> 451 (185)
694 -> 451 (147)
695 -> 285 (51)
695 -> 559 (68)
695 -> 707 (31)
696 -> 509 (115)
698 -> 135 (103)
698 -> 249 (142)
698 -> 451 (177)
698 -> 629 (87)
698 -> 713 (195)
698 -> 740 (165)
699 -> 249 (177)
701 -> 249 (134)
702 -> 509 (136)
702 -> 688 (22)
703 -> 509 (174)
704 -> 495 (139)
704 -> 686 (41)
705 -> 249 (79)
706 -> 249 (125)
707 -> 249 (186)
708 -> 451 (131)
708 -> 612 (36)
709 -> 612 (180)
710 -> 478 (36)
711 -> 249 (132)
711 -> 509 (44)
712 -> 409 (88)
712 -> 624 (59)
713 -> 249 (186)
713 -> 509 (9)
714 -> 451 (193)
715 -> 604 (31)
716 -> 249 (194)
717 -> 629 (176)
720 -> 249 (88)
721 -> 249 (163)
722 -> 563 (37)
722 -> 602 (33)
723 -> 285 (94)
723 -> 668 (99)
724 -> 451 (115)
725 -> 49 (151)
725 -> 594 (130)
725 -> 612 (132)
725 -> 629 (111)
725 -> 678 (135)
726 -> 87 (5)
726 -> 249 (151)
727 -> 612 (167)
728 -> 509 (150)
729 -> 451 (173)
729 -> 602 (1)
730 -> 603 (46)
731 -> 612 (93)
732 -> 249 (192)
733 -> 612 (155)
734 -> 612 (167)
734 -> 746 (7)
734 -> 785 (1)
735 -> 629 (76)
736 -> 388 (18)
736 -> 487 (8)
737 -> 509 (181)
738 -> 629 (91)
739 -> 249 (120)
739 -> 450 (70)
740 -> 249 (136)
740 -> 629 (29)
741 -> 249 (169)
742 -> 249 (76)
743 -> 66 (148)
744 -> 269 (7)
744 -> 451 (173)
745 -> 569 (150)
746 -> 587 (138)
747 -> 451 (133)
750 -> 509 (150)
751 -> 569 (155)
752 -> 211 (71)
752 -> 249 (97)
753 -> 509 (181)
754 -> 249 (175)
755 -> 569 (198)
756 -> 249 (134)
756 -> 509 (27)
757 -> 451 (183)
758 -> 249 (144)
759 -> 451 (132)
760 -> 612 (167)
761 -> 249 (189)
762 -> 509 (190)
763 -> 509 (152)
764 -> 409 (45)
764 -> 568 (42)
764 -> 628 (113)
765 -> 249 (145)
766 -> 249 (196)
767 -> 616 (27)
768 -> 249 (180)
769 -> 603 (6)
769 -> 612 (131)
770 -> 2 (93)
770 -> 767 (27)
771 -> 348 (13)
771 -> 391 (119)
772 -> 438 (14)
772 -> 525 (37)
774 -> 79 (9)
774 -> 569 (140)
775 -> 691 (115)
776 -> 451 (183)
776 -> 612 (4)
778 -> 649 (150)
779 -> 451 (186)
780 -> 473 (161)
781 -> 249 (171)
782 -> 249 (101)
782 -> 751 (30)
784 -> 249 (196)
785 -> 726 (156)
786 -> 485 (22)
786 -> 745 (110)
787 -> 371 (3)
788 -> 249 (162)
789 -> 249 (180)
790 -> 249 (171)
791 -> 45 (150)
791 -> 434 (28)
792 -> 185 (142)
793 -> 249 (178)
793 -> 735 (10)
794 -> 451 (124)
794 -> 509 (56)
795 -> 249 (183)
795 -> 451 (15)
797 -> 18 (16)
797 -> 249 (156)
797 -> 288 (184)
797 -> 451 (33)
797 -> 488 (195)
797 -> 509 (182)
797 -> 569 (92)
797 -> 577 (176)
797 -> 612 (57)
797 -> 615 (80)
797 -> 629 (123)
799 -> 602 (95)
799 -> 735 (66)
Fluxo: 100479
Arestas removidas: 192140

--Rotas do 3ยบ turno-----------------------------
2 -> 629 (130)
13 -> 664 (38)
16 -> 74 (117)
18 -> 629 (98)
22 -> 249 (111)
26 -> 509 (24)
45 -> 2 (130)
45 -> 55 (5)
50 -> 629 (39)
55 -> 612 (5)
59 -> 249 (179)
73 -> 730 (80)
73 -> 731 (55)
74 -> 612 (117)
75 -> 26 (24)
75 -> 249 (142)
78 -> 612 (39)
95 -> 45 (135)
98 -> 249 (124)
115 -> 509 (13)
122 -> 612 (115)
127 -> 612 (116)
135 -> 509 (103)
136 -> 50 (39)
144 -> 263 (34)
145 -> 629 (121)
151 -> 158 (159)
151 -> 197 (84)
151 -> 198 (115)
151 -> 238 (146)
151 -> 243 (101)
151 -> 260 (36)
158 -> 249 (159)
165 -> 509 (42)
174 -> 629 (183)
175 -> 165 (42)
175 -> 249 (81)
175 -> 629 (168)
188 -> 509 (61)
197 -> 612 (84)
198 -> 249 (115)
202 -> 509 (111)
218 -> 629 (87)
219 -> 569 (114)
224 -> 618 (62)
225 -> 244 (148)
225 -> 273 (135)
225 -> 301 (144)
225 -> 365 (171)
225 -> 377 (177)
225 -> 442 (56)
227 -> 22 (111)
227 -> 59 (179)
227 -> 188 (61)
227 -> 249 (181)
227 -> 451 (189)
232 -> 249 (160)
232 -> 629 (48)
235 -> 249 (168)
235 -> 341 (150)
235 -> 364 (128)
235 -> 373 (167)
235 -> 388 (166)
235 -> 440 (161)
235 -> 475 (104)
235 -> 569 (188)
238 -> 509 (113)
238 -> 612 (33)
240 -> 249 (75)
243 -> 509 (101)
244 -> 249 (148)
247 -> 509 (4)
260 -> 509 (36)
263 -> 127 (34)
265 -> 497 (14)
265 -> 766 (74)
273 -> 249 (135)
277 -> 249 (133)
277 -> 612 (25)
286 -> 629 (123)
288 -> 451 (47)
288 -> 635 (20)
288 -> 655 (117)
292 -> 232 (153)
292 -> 277 (158)
292 -> 301 (44)
292 -> 353 (87)
292 -> 426 (184)
292 -> 454 (157)
292 -> 462 (161)
292 -> 469 (151)
292 -> 509 (73)
292 -> 612 (122)
292 -> 759 (90)
301 -> 612 (188)
306 -> 127 (14)
306 -> 249 (183)
307 -> 509 (159)
309 -> 519 (114)
314 -> 509 (115)
323 -> 451 (149)
326 -> 307 (159)
326 -> 314 (115)
326 -> 451 (198)
326 -> 764 (60)
331 -> 249 (164)
334 -> 249 (139)
341 -> 249 (150)
347 -> 509 (15)
348 -> 629 (177)
353 -> 218 (87)
360 -> 202 (111)
360 -> 249 (116)
360 -> 323 (149)
360 -> 451 (137)
360 -> 612 (135)
360 -> 629 (120)
360 -> 658 (137)
360 -> 667 (66)
364 -> 451 (128)
365 -> 249 (171)
371 -> 509 (189)
373 -> 249 (167)
375 -> 151 (85)
377 -> 629 (177)
380 -> 514 (54)
380 -> 594 (17)
384 -> 612 (12)
388 -> 612 (166)
390 -> 249 (40)
392 -> 75 (166)
392 -> 416 (176)
392 -> 451 (179)
392 -> 489 (123)
392 -> 494 (190)
392 -> 504 (154)
392 -> 630 (164)
396 -> 629 (36)
397 -> 668 (110)
400 -> 247 (4)
409 -> 509 (60)
410 -> 249 (171)
413 -> 629 (127)
414 -> 612 (181)
416 -> 249 (176)
423 -> 612 (192)
426 -> 249 (184)
436 -> 612 (152)
438 -> 249 (19)
440 -> 249 (161)
442 -> 509 (56)
451 -> 629 (160)
454 -> 249 (157)
460 -> 612 (65)
462 -> 249 (161)
469 -> 612 (151)
475 -> 612 (104)
476 -> 390 (40)
476 -> 629 (151)
478 -> 249 (177)
480 -> 13 (38)
480 -> 249 (185)
480 -> 306 (197)
480 -> 413 (127)
480 -> 414 (181)
480 -> 451 (126)
480 -> 501 (91)
480 -> 505 (166)
480 -> 509 (164)
480 -> 518 (183)
480 -> 524 (165)
480 -> 567 (69)
480 -> 612 (154)
480 -> 629 (47)
485 -> 249 (174)
488 -> 548 (81)
488 -> 634 (10)
488 -> 716 (104)
489 -> 249 (123)
494 -> 451 (172)
494 -> 612 (18)
497 -> 249 (183)
501 -> 249 (91)
504 -> 249 (96)
504 -> 509 (58)
505 -> 249 (166)
510 -> 249 (74)
510 -> 480 (61)
510 -> 526 (180)
510 -> 535 (161)
510 -> 589 (194)
510 -> 629 (164)
514 -> 629 (116)
518 -> 174 (183)
519 -> 249 (114)
524 -> 451 (165)
525 -> 509 (117)
526 -> 144 (34)
526 -> 249 (146)
530 -> 249 (182)
535 -> 98 (124)
535 -> 423 (192)
535 -> 562 (172)
535 -> 570 (196)
535 -> 605 (145)
535 -> 701 (134)
535 -> 706 (125)
535 -> 708 (167)
535 -> 717 (176)
536 -> 629 (143)
544 -> 509 (69)
545 -> 249 (194)
548 -> 621 (69)
548 -> 645 (12)
549 -> 249 (128)
550 -> 122 (115)
550 -> 240 (75)
550 -> 249 (170)
550 -> 451 (153)
550 -> 509 (108)
556 -> 451 (194)
556 -> 629 (134)
561 -> 249 (166)
562 -> 612 (172)
567 -> 400 (4)
567 -> 460 (65)
568 -> 612 (142)
569 -> 509 (198)
570 -> 249 (148)
570 -> 612 (48)
576 -> 145 (112)
576 -> 371 (189)
576 -> 436 (152)
576 -> 451 (96)
576 -> 497 (169)
576 -> 509 (188)
576 -> 556 (65)
576 -> 569 (135)
576 -> 585 (109)
576 -> 629 (91)
576 -> 634 (166)
576 -> 653 (175)
576 -> 662 (166)
576 -> 674 (155)
576 -> 686 (8)
577 -> 612 (176)
578 -> 629 (111)
580 -> 514 (62)
585 -> 249 (109)
588 -> 249 (78)
589 -> 249 (173)
589 -> 720 (21)
590 -> 629 (185)
592 -> 334 (139)
592 -> 536 (143)
594 -> 725 (17)
597 -> 478 (141)
601 -> 249 (92)
601 -> 286 (123)
601 -> 410 (171)
601 -> 509 (95)
601 -> 549 (128)
601 -> 561 (166)
601 -> 612 (149)
601 -> 677 (189)
601 -> 703 (122)
603 -> 769 (80)
605 -> 127 (40)
605 -> 629 (105)
614 -> 384 (12)
615 -> 249 (97)
618 -> 580 (62)
621 -> 544 (69)
630 -> 509 (164)
631 -> 612 (171)
634 -> 612 (176)
635 -> 509 (20)
636 -> 375 (85)
636 -> 451 (150)
636 -> 509 (143)
636 -> 530 (182)
636 -> 545 (191)
636 -> 568 (142)
636 -> 569 (158)
636 -> 590 (185)
636 -> 629 (125)
636 -> 631 (171)
636 -> 639 (145)
636 -> 685 (182)
636 -> 687 (163)
636 -> 738 (91)
636 -> 759 (42)
636 -> 760 (159)
639 -> 347 (15)
639 -> 629 (130)
645 -> 614 (12)
653 -> 249 (175)
655 -> 16 (117)
658 -> 629 (137)
659 -> 451 (191)
659 -> 671 (9)
662 -> 629 (166)
664 -> 731 (38)
665 -> 95 (135)
665 -> 224 (62)
665 -> 249 (123)
665 -> 265 (88)
665 -> 348 (177)
665 -> 380 (71)
665 -> 397 (110)
665 -> 485 (174)
665 -> 509 (194)
665 -> 576 (176)
665 -> 588 (78)
665 -> 597 (141)
665 -> 601 (199)
665 -> 659 (200)
665 -> 673 (183)
665 -> 710 (36)
665 -> 711 (176)
665 -> 739 (120)
665 -> 784 (143)
667 -> 629 (66)
668 -> 629 (110)
670 -> 73 (135)
670 -> 145 (9)
670 -> 249 (119)
670 -> 309 (114)
670 -> 629 (117)
670 -> 709 (180)
670 -> 728 (165)
670 -> 772 (191)
671 -> 629 (9)
673 -> 249 (161)
673 -> 629 (22)
674 -> 249 (155)
676 -> 225 (175)
676 -> 292 (76)
676 -> 331 (145)
676 -> 451 (113)
676 -> 509 (136)
676 -> 545 (3)
676 -> 578 (111)
676 -> 612 (173)
676 -> 629 (167)
676 -> 689 (194)
676 -> 795 (198)
677 -> 612 (189)
685 -> 115 (13)
685 -> 249 (169)
686 -> 612 (8)
687 -> 509 (163)
689 -> 629 (194)
698 -> 135 (103)
698 -> 249 (142)
698 -> 326 (112)
698 -> 392 (159)
698 -> 451 (177)
698 -> 629 (87)
698 -> 636 (121)
698 -> 713 (195)
698 -> 740 (165)
701 -> 249 (134)
703 -> 509 (122)
706 -> 249 (125)
708 -> 78 (39)
708 -> 127 (13)
708 -> 612 (115)
709 -> 612 (180)
710 -> 478 (36)
711 -> 249 (132)
711 -> 509 (44)
713 -> 249 (186)
713 -> 509 (9)
716 -> 235 (104)
717 -> 629 (176)
720 -> 396 (36)
725 -> 612 (46)
728 -> 509 (150)
728 -> 720 (15)
730 -> 603 (80)
731 -> 612 (93)
737 -> 509 (55)
738 -> 629 (91)
739 -> 249 (120)
740 -> 249 (136)
740 -> 629 (29)
759 -> 451 (132)
760 -> 612 (159)
764 -> 409 (60)
766 -> 249 (74)
769 -> 612 (80)
772 -> 438 (19)
772 -> 525 (117)
772 -> 737 (55)
784 -> 249 (143)
795 -> 127 (15)
795 -> 249 (183)
797 -> 18 (98)
797 -> 249 (156)
797 -> 288 (184)
797 -> 360 (153)
797 -> 488 (195)
797 -> 509 (182)
797 -> 577 (176)
797 -> 612 (57)
797 -> 615 (97)
797 -> 629 (123)
Fluxo: 25254
Arestas removidas: 192582

--Rotas do 4ยบ turno-----------------------------
2 -> 629 (130)
16 -> 74 (135)
18 -> 629 (98)
45 -> 2 (130)
45 -> 55 (5)
55 -> 612 (5)
73 -> 731 (55)
74 -> 612 (135)
78 -> 612 (22)
95 -> 45 (135)
115 -> 509 (59)
135 -> 509 (103)
145 -> 629 (121)
174 -> 629 (97)
219 -> 174 (97)
224 -> 618 (58)
232 -> 629 (129)
235 -> 388 (104)
249 -> 232 (129)
265 -> 766 (59)
288 -> 635 (20)
288 -> 655 (164)
292 -> 612 (76)
296 -> 556 (29)
307 -> 509 (77)
326 -> 307 (77)
348 -> 629 (177)
360 -> 612 (135)
360 -> 629 (18)
380 -> 514 (54)
380 -> 594 (17)
384 -> 612 (7)
388 -> 612 (104)
396 -> 629 (37)
397 -> 668 (110)
451 -> 629 (160)
476 -> 629 (114)
485 -> 786 (114)
488 -> 548 (76)
488 -> 634 (15)
488 -> 716 (104)
504 -> 509 (41)
510 -> 629 (164)
514 -> 629 (112)
525 -> 509 (117)
544 -> 509 (69)
548 -> 621 (69)
548 -> 645 (7)
553 -> 612 (78)
556 -> 629 (29)
576 -> 509 (176)
577 -> 612 (176)
578 -> 629 (111)
580 -> 514 (58)
588 -> 553 (78)
594 -> 725 (17)
601 -> 509 (95)
601 -> 612 (104)
614 -> 384 (7)
615 -> 219 (97)
618 -> 580 (58)
621 -> 544 (69)
634 -> 612 (15)
635 -> 509 (20)
636 -> 509 (121)
645 -> 614 (7)
655 -> 16 (135)
655 -> 296 (29)
659 -> 451 (47)
659 -> 671 (68)
659 -> 699 (1)
659 -> 720 (61)
665 -> 95 (135)
665 -> 224 (58)
665 -> 249 (123)
665 -> 265 (59)
665 -> 348 (177)
665 -> 380 (71)
665 -> 397 (110)
665 -> 485 (114)
665 -> 509 (194)
665 -> 576 (176)
665 -> 588 (78)
665 -> 601 (199)
665 -> 659 (177)
665 -> 670 (94)
665 -> 673 (183)
665 -> 711 (176)
665 -> 784 (143)
667 -> 629 (25)
668 -> 629 (110)
670 -> 73 (55)
670 -> 145 (121)
670 -> 249 (6)
670 -> 629 (117)
670 -> 676 (173)
670 -> 709 (180)
670 -> 728 (150)
670 -> 772 (191)
671 -> 629 (68)
673 -> 78 (22)
673 -> 629 (161)
676 -> 292 (76)
676 -> 451 (113)
676 -> 509 (136)
676 -> 510 (45)
676 -> 578 (111)
676 -> 612 (173)
676 -> 629 (167)
676 -> 689 (130)
689 -> 629 (196)
698 -> 135 (103)
698 -> 629 (87)
698 -> 636 (121)
698 -> 713 (185)
698 -> 740 (57)
699 -> 396 (1)
709 -> 612 (180)
711 -> 504 (41)
711 -> 509 (135)
713 -> 509 (185)
716 -> 235 (104)
720 -> 396 (36)
720 -> 667 (25)
725 -> 612 (17)
728 -> 509 (150)
731 -> 612 (55)
737 -> 509 (74)
740 -> 629 (57)
766 -> 115 (59)
772 -> 525 (117)
772 -> 737 (74)
784 -> 326 (77)
784 -> 689 (66)
786 -> 476 (114)
797 -> 18 (98)
797 -> 288 (184)
797 -> 360 (153)
797 -> 488 (195)
797 -> 509 (182)
797 -> 577 (176)
797 -> 612 (57)
797 -> 615 (97)
797 -> 629 (123)
797 -> 665 (137)
797 -> 698 (130)
Fluxo: 5881
Arestas removidas: 192729

--Rotas do 5ยบ turno-----------------------------
16 -> 74 (135)
18 -> 629 (98)
74 -> 612 (135)
135 -> 509 (43)
174 -> 629 (97)
219 -> 174 (97)
235 -> 388 (104)
288 -> 635 (20)
288 -> 655 (164)
296 -> 556 (29)
360 -> 612 (135)
360 -> 629 (18)
384 -> 612 (7)
388 -> 612 (104)
488 -> 548 (76)
488 -> 634 (15)
488 -> 716 (104)
544 -> 509 (69)
548 -> 621 (69)
548 -> 645 (7)
556 -> 629 (29)
577 -> 612 (176)
614 -> 384 (7)
615 -> 219 (97)
621 -> 544 (69)
634 -> 612 (15)
635 -> 509 (20)
645 -> 614 (7)
655 -> 16 (135)
655 -> 296 (29)
665 -> 509 (137)
698 -> 135 (43)
698 -> 629 (87)
716 -> 235 (104)
797 -> 18 (98)
797 -> 288 (184)
797 -> 360 (153)
797 -> 488 (195)
797 -> 509 (182)
797 -> 577 (176)
797 -> 612 (57)
797 -> 615 (97)
797 -> 629 (123)
797 -> 665 (137)
797 -> 698 (130)
Fluxo: 1532
Arestas removidas: 192729

--Rotas do 6ยบ turno-----------------------------
797 -> 509 (145)
Fluxo: 145
Arestas removidas: 192729

Populaรงรฃo evacuada: 269282 de 269282 UTs
O tempo total para evacuar 100.00% da populaรงรฃo รฉ: 6 unidades de tempo.
