200 5000
0 1 157
0 11 168
0 24 20
0 30 25
0 37 163
0 56 70
0 86 7
0 104 31
0 113 195
0 124 81
0 125 63
0 127 130
0 172 155
0 177 45
0 187 75
0 193 140
0 194 139
0 196 166
0 197 170
1 0 143
1 14 85
1 22 136
1 28 148
1 60 142
1 62 167
1 80 87
1 88 26
1 92 114
1 96 57
1 153 196
1 155 114
1 159 53
1 161 165
1 167 155
1 175 170
1 181 52
1 183 155
1 186 125
1 189 69
1 194 23
1 195 126
1 198 121
2 1 124
2 7 73
2 14 19
2 16 195
2 21 129
2 26 196
2 39 169
2 42 183
2 49 82
2 60 131
2 62 173
2 64 198
2 77 163
2 87 95
2 110 134
2 126 4
2 132 118
2 134 191
2 163 140
2 164 94
2 171 84
2 173 120
2 177 132
3 0 40
3 10 152
3 29 53
3 47 57
3 49 77
3 54 16
3 63 136
3 80 97
3 96 132
3 121 166
3 130 53
3 135 135
3 137 107
3 167 15
3 185 96
3 197 190
3 198 125
3 199 179
4 0 146
4 3 151
4 5 14
4 6 68
4 17 139
4 19 99
4 28 19
4 34 186
4 46 27
4 49 174
4 57 170
4 70 44
4 74 125
4 82 75
4 85 155
4 119 99
4 123 53
4 126 181
4 127 63
4 133 76
4 142 189
4 146 189
4 158 44
4 183 160
4 191 122
4 199 182
5 0 20
5 2 31
5 14 80
5 46 95
5 51 66
5 54 40
5 67 75
5 88 106
5 96 65
5 121 198
5 123 67
5 131 148
5 133 200
5 145 170
5 147 124
5 164 102
5 172 78
5 182 165
5 187 90
5 190 22
6 0 195
6 1 113
6 2 110
6 11 108
6 17 29
6 29 170
6 40 126
6 41 80
6 49 185
6 50 16
6 52 133
6 55 27
6 68 172
6 84 104
6 86 146
6 95 87
6 97 24
6 128 121
6 133 15
6 142 143
6 143 34
6 145 10
6 162 183
6 165 132
6 180 28
6 183 150
6 186 100
6 189 159
6 192 174
6 195 175
7 0 18
7 4 24
7 5 59
7 30 71
7 31 69
7 37 103
7 39 141
7 40 103
7 46 41
7 49 161
7 54 98
7 58 55
7 87 151
7 102 193
7 112 57
7 130 140
7 134 150
7 141 193
7 145 39
7 163 77
7 168 152
7 182 141
7 186 89
7 197 168
8 2 90
8 3 122
8 4 183
8 37 134
8 50 84
8 61 174
8 64 43
8 76 20
8 78 23
8 82 147
8 83 180
8 88 117
8 89 43
8 96 57
8 98 8
8 103 55
8 113 39
8 116 28
8 121 69
8 129 18
8 141 64
8 147 172
8 152 120
8 165 184
8 172 67
8 188 64
8 195 47
8 198 169
9 2 19
9 5 109
9 22 16
9 34 56
9 42 149
9 77 103
9 78 173
9 83 198
9 94 181
9 104 86
9 109 183
9 121 136
9 134 132
9 139 20
9 148 59
9 149 168
9 152 46
9 166 140
9 167 9
9 170 55
9 173 20
9 195 185
9 199 15
10 3 175
10 8 101
10 9 37
10 33 154
10 47 126
10 53 27
10 54 177
10 55 91
10 56 183
10 66 12
10 80 156
10 82 121
10 92 39
10 93 73
10 97 27
10 120 122
10 123 90
10 127 164
10 144 54
10 147 118
10 152 125
10 153 161
10 161 193
10 162 133
10 174 9
10 183 172
10 184 21
10 187 5
11 1 127
11 8 42
11 9 24
11 16 35
11 17 98
11 21 179
11 38 180
11 40 4
11 44 190
11 47 30
11 57 131
11 58 26
11 65 12
11 80 28
11 89 177
11 90 168
11 92 109
11 100 170
11 115 10
11 127 161
11 128 115
11 130 10
11 145 47
11 154 145
11 164 66
11 174 170
11 180 162
11 185 142
11 189 111
11 190 162
12 1 85
12 5 168
12 11 136
12 22 15
12 30 99
12 38 167
12 53 162
12 68 68
12 69 93
12 73 119
12 78 179
12 79 58
12 82 68
12 91 151
12 93 6
12 102 106
12 103 20
12 109 66
12 110 161
12 116 111
12 117 164
12 119 195
12 125 89
12 134 20
12 148 140
12 159 47
12 161 39
12 167 192
12 168 63
12 171 33
12 192 41
13 0 88
13 3 14
13 13 44
13 21 137
13 61 37
13 63 34
13 69 153
13 74 99
13 81 123
13 85 64
13 90 75
13 94 72
13 113 164
13 118 85
13 129 130
13 131 183
13 159 122
13 165 59
13 166 50
13 170 76
13 180 104
13 188 199
13 198 162
14 3 111
14 4 28
14 7 137
14 8 111
14 16 17
14 37 162
14 49 3
14 62 26
14 77 6
14 90 89
14 105 9
14 108 154
14 113 6
14 116 19
14 124 129
14 126 114
14 131 166
14 163 9
14 167 121
15 9 181
15 22 17
15 33 156
15 34 161
15 55 39
15 56 134
15 59 96
15 65 133
15 68 5
15 69 114
15 80 89
15 93 109
15 101 78
15 105 80
15 108 61
15 109 61
15 127 45
15 142 37
15 146 133
15 150 153
15 152 51
15 159 186
15 163 6
15 169 163
15 179 96
15 185 188
15 189 148
15 196 188
15 198 86
16 0 158
16 2 85
16 3 44
16 4 140
16 6 116
16 19 62
16 21 196
16 23 151
16 28 109
16 41 22
16 43 142
16 56 6
16 57 28
16 58 121
16 65 11
16 86 61
16 95 18
16 103 127
16 108 34
16 131 33
16 134 122
16 139 121
16 141 135
16 147 16
16 149 97
16 153 11
16 156 88
16 157 81
16 165 60
16 176 172
16 184 169
16 192 168
16 194 56
17 11 71
17 14 111
17 15 112
17 35 78
17 39 194
17 53 190
17 59 73
17 73 174
17 76 83
17 83 178
17 90 10
17 91 176
17 94 78
17 104 114
17 117 15
17 125 136
17 141 200
17 142 139
17 165 90
17 166 105
17 169 15
17 175 111
17 177 170
17 184 116
17 196 140
18 4 132
18 7 52
18 13 90
18 14 193
18 15 46
18 21 48
18 30 125
18 34 27
18 37 32
18 48 18
18 63 178
18 64 175
18 69 183
18 84 184
18 88 200
18 92 166
18 93 34
18 100 115
18 102 149
18 103 131
18 108 44
18 109 190
18 116 96
18 122 172
18 140 139
18 141 136
18 147 53
18 153 54
18 154 5
18 155 160
18 158 129
18 168 92
18 169 33
18 183 102
18 187 76
18 193 29
18 199 105
19 13 110
19 14 171
19 22 21
19 24 51
19 34 14
19 38 8
19 49 161
19 62 93
19 65 105
19 83 51
19 86 153
19 117 147
19 123 128
19 129 182
19 136 23
19 140 165
19 159 25
19 161 22
19 182 193
20 2 40
20 9 49
20 14 85
20 30 32
20 35 30
20 36 153
20 50 65
20 51 161
20 54 13
20 64 173
20 66 154
20 72 97
20 80 186
20 85 52
20 87 148
20 96 74
20 102 129
20 110 163
20 114 63
20 119 141
20 130 122
20 135 98
20 147 73
20 160 154
20 164 114
20 166 98
20 173 164
20 181 52
20 185 26
20 197 149
21 10 63
21 12 75
21 24 127
21 27 103
21 34 179
21 49 41
21 66 51
21 71 53
21 72 22
21 83 83
21 84 20
21 90 3
21 91 133
21 100 107
21 102 19
21 110 148
21 122 101
21 125 75
21 136 181
21 141 47
21 149 139
21 163 124
21 167 19
21 173 74
21 181 89
22 3 149
22 9 153
22 20 110
22 35 93
22 45 18
22 65 11
22 82 182
22 87 108
22 114 88
22 128 159
22 135 112
22 171 135
22 182 180
23 3 51
23 7 120
23 11 77
23 12 4
23 16 192
23 22 148
23 34 184
23 46 109
23 69 119
23 83 154
23 87 15
23 89 167
23 90 47
23 92 45
23 99 43
23 111 134
23 116 157
23 120 92
23 124 192
23 133 87
23 145 145
23 146 136
23 149 79
23 158 140
24 7 44
24 14 5
24 21 53
24 30 169
24 36 32
24 40 121
24 45 186
24 46 117
24 54 170
24 85 6
24 88 196
24 94 122
24 101 16
24 108 32
24 110 126
24 114 35
24 136 9
24 144 5
24 167 151
24 186 114
24 192 125
24 194 50
24 195 152
25 7 106
25 12 29
25 14 97
25 16 137
25 41 157
25 45 80
25 53 115
25 62 170
25 68 111
25 84 96
25 86 72
25 93 133
25 100 10
25 129 98
25 130 200
25 145 50
25 178 129
25 185 47
25 187 54
26 0 84
26 7 133
26 15 167
26 21 7
26 24 167
26 25 174
26 34 102
26 70 117
26 81 25
26 90 198
26 94 136
26 96 76
26 104 67
26 108 53
26 124 121
26 128 24
26 134 102
26 141 164
26 144 11
26 157 36
26 160 118
26 162 116
26 174 111
26 183 155
26 187 154
26 191 18
26 197 155
26 199 155
27 6 139
27 12 18
27 14 25
27 19 142
27 20 97
27 33 89
27 36 30
27 45 19
27 55 144
27 64 99
27 67 185
27 68 95
27 75 168
27 90 57
27 92 92
27 100 83
27 106 118
27 112 94
27 113 179
27 131 20
27 133 15
27 142 23
27 144 141
27 163 123
27 177 112
28 22 51
28 23 102
28 30 64
28 37 132
28 39 99
28 45 138
28 50 91
28 54 20
28 55 195
28 72 108
28 78 175
28 87 103
28 91 178
28 98 165
28 106 51
28 110 46
28 113 107
28 120 136
28 142 18
28 147 76
28 155 11
28 163 38
28 165 154
28 169 84
28 181 23
28 183 86
28 184 20
28 187 37
28 190 131
29 0 197
29 2 142
29 3 147
29 7 100
29 13 197
29 15 53
29 36 39
29 55 93
29 58 55
29 59 43
29 74 50
29 76 138
29 80 47
29 83 160
29 96 138
29 100 108
29 124 186
29 142 105
29 150 16
29 154 139
29 166 157
29 188 96
29 192 25
29 194 194
29 197 68
30 9 35
30 32 172
30 35 94
30 41 149
30 47 132
30 50 184
30 60 182
30 74 105
30 124 181
30 127 103
30 132 139
30 134 68
30 138 46
30 145 50
30 160 32
30 167 175
30 171 77
31 1 59
31 6 17
31 7 158
31 13 78
31 48 54
31 57 174
31 68 99
31 70 95
31 77 44
31 78 90
31 82 165
31 93 141
31 97 32
31 103 26
31 113 144
31 132 119
31 137 137
31 173 101
31 184 141
32 1 173
32 11 187
32 18 45
32 20 115
32 31 53
32 33 118
32 44 90
32 49 121
32 52 186
32 58 88
32 62 183
32 76 52
32 77 105
32 81 180
32 82 5
32 88 161
32 90 25
32 109 76
32 118 85
32 138 96
32 141 153
32 157 162
32 164 199
32 166 184
32 176 107
32 180 36
32 184 129
32 191 26
33 2 177
33 8 13
33 18 66
33 22 90
33 26 91
33 67 3
33 77 187
33 96 31
33 102 75
33 122 188
33 136 167
33 137 66
33 143 174
33 154 61
33 159 50
33 173 142
33 187 43
33 193 75
33 198 182
34 7 19
34 19 10
34 25 57
34 30 116
34 33 60
34 38 127
34 41 124
34 43 76
34 44 146
34 54 34
34 55 115
34 58 49
34 68 181
34 69 156
34 77 31
34 82 23
34 87 66
34 100 10
34 102 170
34 107 40
34 111 46
34 143 70
34 150 174
34 159 137
34 168 153
34 170 71
34 174 40
34 188 19
34 198 185
35 13 129
35 15 56
35 23 58
35 29 61
35 52 139
35 55 65
35 61 78
35 75 74
35 81 105
35 83 89
35 102 85
35 111 99
35 118 101
35 131 173
35 137 64
35 153 183
35 162 30
35 169 197
35 172 136
35 173 102
35 180 117
35 184 110
35 186 197
36 9 37
36 17 104
36 21 21
36 24 50
36 34 179
36 40 104
36 46 200
36 51 96
36 58 124
36 74 169
36 76 58
36 78 58
36 81 24
36 83 13
36 86 94
36 91 118
36 99 152
36 100 137
36 108 119
36 112 187
36 117 192
36 119 47
36 123 3
36 137 199
36 146 149
36 158 187
36 168 155
36 182 154
36 187 84
36 189 17
36 194 85
36 199 41
37 1 165
37 4 106
37 17 111
37 21 48
37 26 196
37 32 44
37 33 1
37 50 32
37 53 131
37 67 45
37 73 175
37 74 117
37 75 36
37 78 4
37 79 180
37 117 53
37 121 2
37 125 167
37 129 75
37 134 60
37 143 30
37 147 43
37 170 152
37 180 21
37 182 137
37 192 152
37 199 48
38 8 101
38 10 93
38 14 82
38 15 2
38 34 40
38 40 61
38 43 42
38 46 196
38 48 9
38 56 170
38 69 17
38 77 200
38 79 165
38 81 4
38 84 32
38 91 90
38 94 176
38 102 52
38 105 24
38 108 110
38 112 2
38 113 168
38 120 104
38 136 159
38 146 53
38 150 183
38 153 150
38 157 110
38 171 40
38 179 61
38 190 64
39 8 116
39 36 134
39 57 154
39 58 169
39 65 2
39 70 165
39 77 102
39 81 26
39 84 97
39 91 195
39 116 38
39 122 46
39 126 91
39 128 117
39 129 90
39 150 97
39 171 178
39 176 168
39 178 125
39 179 132
39 180 38
39 199 114
40 0 173
40 4 3
40 8 165
40 11 154
40 12 13
40 27 42
40 30 16
40 31 164
40 41 157
40 87 64
40 99 48
40 113 127
40 115 118
40 124 91
40 125 132
40 126 44
40 133 58
40 136 116
40 146 87
40 148 106
40 154 112
40 166 177
40 172 9
40 173 156
40 180 40
40 195 48
40 199 2
41 0 59
41 6 15
41 14 177
41 17 80
41 22 197
41 26 189
41 33 49
41 47 109
41 52 141
41 72 36
41 91 176
41 98 4
41 116 88
41 119 40
41 131 29
41 133 101
41 135 178
41 155 61
41 157 82
41 178 127
41 181 163
41 186 195
41 192 131
41 194 98
42 0 168
42 8 25
42 21 15
42 22 156
42 23 23
42 27 98
42 29 23
42 37 18
42 39 90
42 60 66
42 62 30
42 81 24
42 101 26
42 104 81
42 105 118
42 114 105
42 120 16
42 131 195
42 132 195
42 134 59
42 150 166
42 155 80
42 161 127
42 170 14
42 188 60
42 190 144
43 8 72
43 12 167
43 22 137
43 29 148
43 40 187
43 41 159
43 44 162
43 47 6
43 56 54
43 64 98
43 77 42
43 93 153
43 104 98
43 107 142
43 110 39
43 114 115
43 122 2
43 125 63
43 128 198
43 135 51
43 146 138
43 150 112
43 159 77
43 160 109
43 163 182
43 166 179
43 191 56
43 196 14
43 199 53
44 4 94
44 10 17
44 13 12
44 17 62
44 24 43
44 32 125
44 35 26
44 37 136
44 47 116
44 65 61
44 73 32
44 79 162
44 84 41
44 91 103
44 93 183
44 99 106
44 121 72
44 125 192
44 134 10
44 135 111
44 137 5
44 139 167
44 143 196
44 144 139
44 146 132
44 147 154
44 154 85
44 158 83
44 159 134
44 173 55
44 175 126
44 177 137
44 181 143
44 185 64
44 187 105
44 188 182
45 2 20
45 10 7
45 21 10
45 25 165
45 31 36
45 32 76
45 38 46
45 46 129
45 50 61
45 60 13
45 61 68
45 67 99
45 68 146
45 75 17
45 85 55
45 89 33
45 103 172
45 105 185
45 110 200
45 134 173
45 151 123
45 161 106
45 180 62
45 185 71
45 187 25
46 5 54
46 6 36
46 12 176
46 18 141
46 21 76
46 23 134
46 25 147
46 31 144
46 48 100
46 52 200
46 57 137
46 69 156
46 74 108
46 75 93
46 96 107
46 101 63
46 109 34
46 111 160
46 126 61
46 132 98
46 140 54
46 154 17
46 158 156
46 170 21
46 172 29
46 184 143
46 196 164
47 3 185
47 8 30
47 9 101
47 17 164
47 29 183
47 30 195
47 32 79
47 35 180
47 37 73
47 56 118
47 58 63
47 59 193
47 61 182
47 63 182
47 66 169
47 74 168
47 76 70
47 83 68
47 85 35
47 86 131
47 90 20
47 100 6
47 113 90
47 114 104
47 127 131
47 128 68
47 130 198
47 134 82
47 150 11
47 157 16
47 162 181
47 169 161
47 199 163
48 6 73
48 12 5
48 23 62
48 59 93
48 75 128
48 76 102
48 81 181
48 103 1
48 106 86
48 110 96
48 111 56
48 118 99
48 128 66
48 131 139
48 146 74
48 152 64
48 159 191
48 168 42
48 174 186
48 185 140
48 192 23
49 2 188
49 6 21
49 7 182
49 10 118
49 30 4
49 60 67
49 61 67
49 68 14
49 71 136
49 73 38
49 79 130
49 98 116
49 99 69
49 103 177
49 116 90
49 122 91
49 124 181
49 127 75
49 154 175
49 155 138
49 160 98
49 178 108
50 5 18
50 16 104
50 32 161
50 42 19
50 67 191
50 68 148
50 72 198
50 87 6
50 88 30
50 96 51
50 105 3
50 108 69
50 110 9
50 111 158
50 125 173
50 131 120
50 133 174
50 137 117
50 144 118
50 145 52
50 150 72
50 171 171
50 172 53
50 182 97
50 184 82
50 187 127
50 193 143
51 7 33
51 9 130
51 19 87
51 23 51
51 40 160
51 53 118
51 68 71
51 80 65
51 81 90
51 94 182
51 117 49
51 118 97
51 138 141
51 147 102
51 150 153
51 158 160
51 168 180
51 169 194
51 171 174
51 175 60
51 187 23
52 3 45
52 7 2
52 8 180
52 14 16
52 34 37
52 39 99
52 46 7
52 48 135
52 57 156
52 60 11
52 67 162
52 115 81
52 122 38
52 128 39
52 134 41
52 143 116
52 161 94
52 165 23
52 175 2
52 178 136
52 180 61
52 183 10
52 192 27
52 196 67
53 6 139
53 10 58
53 11 104
53 18 169
53 26 6
53 49 149
53 53 196
53 56 107
53 58 157
53 73 193
53 76 71
53 99 12
53 135 193
53 154 115
53 156 23
53 163 103
53 166 128
53 175 174
53 188 112
53 198 149
54 10 58
54 13 100
54 40 185
54 49 151
54 54 57
54 68 143
54 88 80
54 96 183
54 102 11
54 104 145
54 106 29
54 136 157
54 152 67
54 153 131
54 155 39
54 170 144
54 177 14
54 187 171
54 189 106
54 193 165
54 197 13
54 198 199
54 199 57
55 17 42
55 48 99
55 54 43
55 64 139
55 66 63
55 71 187
55 72 127
55 75 56
55 80 146
55 104 32
55 107 54
55 134 40
55 140 198
55 168 67
55 169 101
55 175 155
55 185 18
55 195 8
56 2 56
56 6 153
56 20 36
56 28 149
56 51 130
56 55 80
56 59 1
56 61 17
56 69 134
56 74 125
56 77 125
56 84 84
56 135 39
56 137 87
56 140 100
56 148 141
56 150 195
56 167 92
56 171 64
56 184 99
56 191 15
57 0 163
57 15 43
57 25 52
57 31 154
57 39 31
57 47 129
57 48 167
57 50 70
57 59 77
57 60 172
57 69 51
57 72 42
57 74 3
57 87 48
57 94 135
57 104 196
57 111 29
57 113 41
57 122 27
57 123 26
57 130 90
57 136 140
57 150 187
57 169 145
57 189 175
57 191 18
58 15 139
58 24 188
58 26 139
58 27 1
58 28 61
58 33 192
58 48 33
58 57 86
58 67 56
58 68 196
58 85 170
58 98 2
58 111 30
58 132 126
58 146 178
58 148 184
58 156 138
58 158 106
58 163 185
58 165 75
58 166 122
58 167 94
58 176 109
58 187 188
58 193 179
59 3 18
59 17 176
59 23 57
59 35 26
59 56 131
59 66 135
59 71 93
59 86 131
59 96 127
59 102 67
59 105 179
59 117 150
59 131 116
59 147 49
59 149 130
59 154 10
59 156 32
59 161 192
59 173 140
59 181 22
59 185 198
59 186 24
59 189 124
59 192 153
59 196 139
60 26 50
60 27 111
60 37 82
60 42 27
60 47 76
60 48 140
60 56 177
60 63 9
60 66 100
60 69 101
60 70 200
60 76 42
60 82 48
60 94 125
60 98 57
60 101 91
60 102 197
60 104 144
60 105 156
60 114 62
60 116 110
60 119 153
60 140 171
60 148 103
60 151 68
60 153 153
60 166 62
60 180 53
60 182 162
60 195 66
60 198 92
61 4 105
61 13 163
61 20 138
61 37 169
61 39 28
61 48 170
61 49 148
61 61 73
61 63 178
61 70 68
61 73 97
61 81 133
61 82 133
61 90 66
61 100 119
61 111 13
61 116 44
61 134 9
61 145 164
61 155 172
61 157 162
61 165 114
61 171 167
61 172 83
61 176 176
62 0 18
62 10 198
62 13 130
62 15 167
62 22 198
62 25 73
62 26 122
62 34 45
62 41 134
62 46 74
62 49 169
62 54 162
62 74 1
62 81 47
62 85 101
62 87 34
62 94 190
62 104 21
62 105 159
62 108 39
62 110 6
62 117 140
62 139 81
62 141 111
62 144 29
62 159 58
62 163 162
62 187 118
63 4 46
63 6 54
63 12 13
63 37 68
63 63 103
63 86 79
63 94 49
63 101 98
63 102 171
63 104 30
63 119 151
63 121 132
63 122 65
63 123 29
63 156 30
63 160 55
63 164 33
63 165 37
63 168 157
63 175 109
63 194 82
64 4 69
64 7 112
64 27 111
64 32 79
64 34 18
64 59 174
64 62 58
64 66 95
64 77 142
64 99 157
64 105 167
64 112 195
64 114 137
64 122 14
64 124 131
64 128 61
64 129 131
64 131 54
64 132 18
64 147 167
64 173 44
64 179 72
64 182 135
64 191 192
65 3 105
65 7 190
65 8 147
65 17 39
65 21 196
65 25 51
65 30 173
65 33 131
65 38 101
65 40 65
65 54 150
65 64 89
65 70 81
65 76 184
65 86 77
65 90 39
65 96 157
65 105 97
65 124 57
65 140 76
65 147 165
65 154 57
65 168 133
65 174 150
65 176 186
65 179 8
65 193 90
65 195 140
65 197 128
66 0 192
66 12 88
66 19 200
66 26 90
66 27 155
66 30 94
66 38 127
66 42 133
66 44 98
66 49 21
66 62 63
66 68 96
66 75 182
66 77 141
66 79 45
66 81 139
66 85 151
66 89 97
66 91 167
66 104 70
66 132 85
66 135 159
66 142 52
66 146 127
66 157 66
66 158 15
66 181 151
66 185 11
66 186 110
66 198 79
67 3 145
67 9 62
67 15 4
67 36 77
67 42 86
67 44 61
67 48 153
67 56 25
67 59 45
67 67 191
67 73 171
67 74 200
67 75 38
67 82 60
67 83 170
67 85 118
67 87 152
67 90 60
67 94 170
67 99 19
67 112 146
67 119 73
67 122 95
67 126 45
67 140 68
67 144 167
67 173 1
67 185 78
67 198 167
67 199 179
68 14 127
68 23 130
68 27 129
68 28 3
68 30 171
68 42 7
68 43 120
68 56 145
68 71 68
68 79 9
68 100 63
68 103 73
68 104 84
68 109 173
68 120 80
68 131 15
68 148 46
68 153 5
68 165 126
68 172 198
68 181 82
68 187 88
68 196 178
69 6 58
69 14 24
69 21 165
69 32 11
69 42 154
69 52 174
69 59 22
69 61 199
69 67 147
69 74 113
69 79 10
69 114 16
69 116 182
69 125 110
69 132 63
69 144 3
69 149 83
69 167 12
69 181 95
69 190 36
69 192 150
69 193 59
69 196 44
70 2 158
70 10 121
70 21 52
70 23 6
70 29 56
70 35 14
70 42 95
70 44 9
70 58 2
70 64 98
70 66 29
70 67 79
70 77 21
70 94 56
70 121 121
70 129 15
70 141 19
70 145 79
70 157 69
70 172 153
70 178 42
70 188 3
70 189 136
71 25 140
71 54 83
71 55 3
71 56 97
71 58 32
71 62 195
71 68 9
71 76 10
71 81 83
71 86 199
71 98 109
71 102 2
71 106 7
71 110 47
71 119 193
71 136 87
71 139 77
71 144 115
71 161 45
71 167 12
71 169 146
71 175 55
71 176 149
71 183 123
71 185 119
72 6 10
72 11 167
72 24 2
72 40 23
72 50 78
72 54 175
72 63 193
72 75 155
72 81 33
72 91 164
72 104 163
72 128 77
72 130 181
72 178 198
72 179 116
72 187 107
72 189 109
72 191 9
72 193 43
73 20 97
73 29 99
73 35 156
73 46 24
73 48 57
73 59 36
73 62 164
73 68 50
73 71 47
73 82 49
73 86 105
73 93 99
73 94 89
73 113 109
73 117 161
73 121 27
73 136 194
73 141 8
73 152 53
73 161 152
73 164 70
73 173 58
73 178 111
73 189 51
73 196 41
74 13 29
74 19 150
74 23 119
74 37 2
74 40 36
74 44 26
74 47 84
74 57 163
74 61 156
74 63 44
74 66 131
74 71 1
74 81 177
74 84 3
74 103 131
74 110 21
74 112 186
74 122 57
74 125 28
74 132 15
74 140 181
74 151 128
74 174 15
74 181 183
74 185 181
74 186 88
74 190 83
75 7 70
75 13 103
75 29 4
75 30 30
75 35 43
75 40 106
75 56 103
75 61 109
75 68 104
75 82 7
75 86 11
75 110 153
75 119 186
75 129 36
75 137 103
75 146 30
75 152 118
75 165 198
75 168 8
75 193 163
75 199 60
76 5 88
76 8 52
76 18 21
76 22 45
76 44 88
76 46 97
76 56 182
76 58 96
76 70 200
76 71 82
76 91 12
76 98 126
76 100 169
76 112 109
76 119 6
76 123 70
76 133 31
76 135 36
76 146 80
76 160 89
76 167 133
76 168 184
76 181 90
77 2 149
77 22 45
77 25 47
77 29 176
77 31 167
77 41 185
77 42 141
77 44 21
77 68 33
77 70 98
77 71 38
77 84 108
77 99 39
77 110 74
77 121 86
77 126 25
77 137 170
77 138 34
77 141 34
77 145 148
77 147 143
77 150 114
77 157 99
77 167 1
77 170 153
77 175 160
77 176 123
77 191 178
78 3 88
78 5 117
78 7 20
78 22 195
78 37 13
78 50 104
78 55 57
78 65 199
78 77 101
78 84 142
78 91 27
78 103 144
78 110 75
78 114 150
78 118 30
78 128 52
78 136 88
78 138 145
78 142 51
78 149 116
78 161 63
78 167 155
78 180 174
78 189 191
78 191 163
79 17 62
79 27 79
79 29 30
79 30 109
79 46 131
79 56 191
79 68 133
79 74 60
79 90 120
79 92 168
79 93 91
79 130 197
79 137 130
79 155 15
79 157 167
79 159 58
79 162 17
79 167 9
79 168 37
79 175 175
79 181 127
79 184 138
79 193 112
79 198 193
80 9 64
80 10 83
80 24 149
80 30 121
80 31 82
80 34 47
80 38 101
80 47 17
80 58 59
80 65 165
80 71 69
80 89 13
80 97 35
80 112 127
80 117 147
80 124 74
80 125 53
80 136 113
80 138 22
80 141 5
80 145 83
80 168 37
80 175 88
80 183 138
80 187 81
80 189 32
80 194 82
80 195 112
80 198 177
81 8 55
81 10 115
81 11 188
81 19 171
81 22 21
81 30 150
81 33 181
81 34 67
81 49 115
81 50 72
81 53 58
81 66 176
81 78 175
81 85 63
81 90 120
81 96 150
81 104 84
81 107 59
81 108 155
81 111 42
81 113 136
81 118 111
81 119 55
81 132 82
81 135 76
81 144 108
81 145 67
81 150 199
81 160 97
81 165 86
81 169 116
81 178 44
81 181 119
81 185 166
81 188 39
82 0 178
82 11 34
82 14 114
82 30 139
82 38 188
82 41 6
82 68 154
82 70 136
82 77 140
82 106 19
82 111 152
82 115 159
82 129 8
82 133 30
82 134 150
82 149 117
82 151 173
82 158 196
82 170 108
82 178 79
82 180 124
82 188 128
82 198 196
83 3 160
83 6 12
83 10 126
83 25 102
83 31 180
83 35 169
83 36 140
83 41 10
83 60 141
83 62 12
83 70 141
83 73 143
83 80 39
83 83 13
83 87 66
83 91 137
83 97 70
83 110 158
83 117 181
83 122 115
83 130 187
83 138 7
83 142 57
83 147 175
83 149 92
83 168 141
83 177 153
83 180 25
83 182 60
83 193 23
83 194 154
83 197 79
84 9 195
84 12 44
84 17 84
84 30 200
84 40 192
84 41 162
84 42 28
84 47 122
84 51 168
84 52 2
84 57 134
84 73 26
84 78 200
84 81 67
84 86 6
84 91 184
84 94 165
84 97 19
84 114 31
84 126 100
84 129 19
84 130 141
84 134 147
85 28 165
85 31 49
85 35 129
85 38 75
85 39 18
85 40 41
85 46 167
85 48 110
85 62 158
85 65 164
85 66 132
85 75 51
85 82 161
85 98 56
85 101 52
85 111 157
85 112 15
85 113 114
85 121 179
85 143 149
85 153 142
85 184 112
85 185 22
85 186 185
85 195 48
85 198 127
86 9 73
86 19 195
86 23 124
86 38 21
86 55 82
86 56 87
86 65 126
86 70 192
86 75 130
86 93 22
86 101 5
86 102 45
86 113 180
86 121 157
86 125 138
86 129 24
86 131 3
86 139 199
86 140 85
86 151 117
86 159 77
86 172 114
86 174 81
86 179 186
86 199 13
87 0 64
87 4 8
87 5 78
87 17 189
87 19 101
87 29 49
87 39 145
87 44 118
87 48 21
87 52 186
87 69 50
87 79 86
87 81 130
87 89 11
87 99 181
87 111 21
87 117 123
87 130 107
87 147 26
87 148 146
87 153 78
87 161 187
87 168 66
87 185 189
87 193 195
87 195 9
87 197 12
88 10 91
88 31 35
88 36 191
88 43 170
88 50 86
88 53 20
88 62 95
88 65 194
88 73 98
88 87 69
88 96 180
88 98 157
88 110 124
88 142 14
88 153 131
88 161 93
88 169 93
88 180 188
88 184 63
88 185 194
88 191 1
88 195 106
88 196 70
88 198 32
89 2 81
89 9 160
89 11 54
89 17 191
89 23 94
89 28 24
89 32 96
89 39 83
89 40 177
89 42 44
89 46 42
89 48 20
89 52 72
89 62 92
89 75 9
89 85 56
89 86 74
89 89 53
89 117 35
89 118 5
89 125 75
89 130 95
89 168 117
89 184 7
89 186 132
89 187 132
89 189 108
89 191 58
89 197 80
90 6 35
90 20 172
90 32 174
90 34 47
90 40 133
90 42 99
90 52 152
90 62 188
90 84 151
90 96 82
90 116 161
90 122 108
90 128 120
90 149 59
90 168 113
90 169 156
90 172 164
90 180 85
90 184 106
90 192 162
91 24 126
91 28 130
91 31 190
91 34 116
91 36 117
91 37 181
91 43 91
91 58 135
91 67 64
91 68 144
91 88 31
91 94 14
91 106 33
91 107 155
91 119 50
91 125 100
91 129 138
91 135 163
91 140 96
91 142 159
91 148 84
91 150 167
91 153 181
91 155 42
91 194 62
91 196 185
91 198 74
92 13 14
92 26 25
92 27 103
92 45 110
92 80 148
92 88 17
92 109 53
92 111 139
92 126 88
92 127 195
92 130 19
92 137 186
92 138 146
92 142 117
92 145 171
92 151 13
92 164 179
93 13 76
93 18 196
93 21 54
93 31 116
93 32 39
93 34 191
93 36 180
93 37 31
93 65 24
93 66 115
93 72 91
93 76 26
93 78 193
93 91 111
93 98 187
93 115 61
93 123 49
93 136 79
93 141 35
93 147 129
93 157 143
93 159 84
93 171 162
93 179 50
93 182 59
93 183 35
93 184 3
94 4 18
94 13 159
94 17 198
94 21 190
94 24 119
94 30 62
94 33 27
94 45 128
94 51 137
94 55 19
94 65 51
94 85 70
94 91 194
94 113 115
94 116 111
94 121 178
94 127 163
94 129 46
94 136 147
94 137 93
94 151 187
94 174 44
94 176 114
94 183 61
94 188 104
95 7 187
95 8 30
95 9 60
95 18 114
95 19 31
95 23 169
95 31 199
95 35 183
95 43 138
95 66 89
95 74 108
95 92 102
95 97 153
95 100 13
95 121 185
95 124 11
95 145 103
95 154 88
95 155 22
95 159 41
95 169 31
95 178 110
95 182 91
95 187 150
95 193 20
96 8 9
96 13 3
96 19 123
96 27 62
96 38 200
96 49 170
96 52 79
96 59 178
96 60 60
96 65 66
96 66 34
96 75 133
96 76 18
96 78 62
96 85 99
96 90 174
96 101 135
96 106 177
96 108 68
96 110 180
96 112 53
96 117 96
96 121 47
96 123 159
96 128 110
96 134 114
96 136 101
96 153 80
96 173 67
96 177 133
96 180 23
96 182 140
96 185 120
97 32 1
97 42 30
97 50 180
97 64 89
97 76 57
97 77 10
97 82 155
97 86 199
97 98 156
97 104 35
97 106 90
97 112 130
97 140 80
97 156 107
97 168 93
97 173 63
97 183 186
97 195 67
98 0 120
98 1 68
98 3 89
98 5 70
98 7 134
98 24 148
98 27 11
98 37 81
98 44 121
98 58 78
98 60 195
98 69 184
98 70 93
98 71 39
98 75 61
98 84 1
98 90 139
98 92 197
98 93 164
98 97 130
98 103 60
98 104 169
98 107 13
98 108 146
98 124 59
98 125 135
98 128 44
98 135 5
98 143 7
98 157 103
98 159 156
98 170 87
98 173 198
98 196 169
99 9 71
99 12 105
99 27 99
99 29 170
99 49 100
99 61 81
99 67 142
99 86 124
99 98 37
99 107 80
99 109 76
99 113 198
99 115 142
99 130 157
99 141 4
99 145 50
99 152 15
99 155 122
99 161 187
99 165 45
99 179 125
99 186 28
99 190 93
100 1 124
100 12 108
100 20 140
100 24 24
100 30 53
100 33 120
100 42 43
100 44 74
100 67 15
100 85 149
100 92 4
100 95 117
100 96 3
100 112 144
100 134 189
100 143 96
100 146 47
100 147 43
100 153 33
100 161 83
100 187 185
101 20 93
101 30 115
101 37 131
101 40 131
101 49 74
101 51 39
101 61 19
101 66 96
101 68 121
101 97 145
101 128 156
101 141 182
101 148 137
101 153 77
101 156 6
101 159 138
101 160 87
101 180 166
101 181 177
101 192 76
102 0 113
102 11 179
102 17 69
102 18 181
102 31 37
102 35 151
102 41 60
102 44 6
102 50 85
102 52 26
102 57 30
102 62 145
102 78 148
102 82 166
102 83 4
102 97 42
102 107 146
102 111 19
102 113 30
102 116 49
102 121 1
102 125 91
102 126 97
102 132 77
102 140 174
102 157 86
102 158 133
102 168 78
102 173 150
102 174 47
102 178 176
102 181 94
102 195 50
103 12 29
103 14 152
103 18 45
103 25 4
103 27 11
103 35 126
103 37 190
103 44 87
103 46 19
103 52 132
103 54 173
103 60 47
103 63 190
103 66 79
103 73 2
103 75 94
103 90 60
103 95 16
103 97 81
103 104 174
103 108 128
103 122 167
103 123 80
103 125 142
103 128 11
103 138 200
103 148 72
103 159 2
103 174 136
103 183 2
103 192 98
103 196 21
104 14 194
104 21 45
104 30 6
104 47 104
104 53 165
104 57 111
104 58 179
104 71 11
104 81 57
104 94 169
104 101 62
104 104 104
104 121 64
104 132 77
104 137 120
104 148 29
104 152 41
104 153 47
104 170 170
104 176 165
104 178 129
104 197 123
105 2 51
105 21 68
105 27 141
105 36 25
105 52 140
105 55 132
105 67 4
105 81 46
105 90 29
105 118 57
105 121 81
105 171 162
105 189 99
105 190 108
105 194 23
106 2 6
106 14 116
106 17 24
106 24 144
106 26 51
106 28 37
106 37 141
106 38 52
106 46 24
106 48 10
106 54 169
106 57 200
106 64 18
106 75 126
106 83 95
106 95 145
106 112 183
106 113 106
106 127 164
106 135 166
106 152 38
106 158 184
106 170 174
106 178 156
106 179 123
106 184 14
106 190 121
106 194 59
106 195 10
107 18 38
107 50 85
107 51 153
107 52 175
107 59 122
107 71 104
107 74 124
107 90 162
107 120 154
107 134 155
107 135 122
107 140 132
107 144 103
107 164 165
107 171 175
107 173 18
108 9 42
108 11 98
108 37 3
108 47 199
108 55 11
108 58 135
108 61 115
108 73 188
108 78 143
108 81 10
108 89 27
108 90 193
108 98 199
108 101 1
108 105 13
108 107 84
108 122 21
108 124 69
108 130 176
108 145 13
108 146 143
108 152 4
108 199 67
109 7 24
109 9 184
109 17 16
109 19 147
109 20 6
109 25 29
109 42 134
109 45 37
109 52 53
109 54 154
109 72 82
109 77 83
109 80 24
109 85 24
109 89 197
109 92 98
109 99 118
109 104 193
109 107 24
109 110 195
109 138 169
109 149 27
109 153 123
109 164 15
109 173 38
109 187 54
110 4 114
110 11 24
110 20 124
110 23 158
110 38 41
110 40 172
110 51 66
110 60 174
110 64 99
110 68 94
110 72 132
110 78 126
110 79 46
110 81 27
110 84 120
110 86 41
110 88 97
110 95 19
110 101 193
110 103 120
110 111 72
110 112 84
110 117 35
110 139 93
110 140 99
110 151 110
110 177 84
110 180 62
110 181 5
110 186 148
110 198 128
111 14 127
111 30 183
111 31 110
111 34 151
111 36 171
111 40 140
111 56 53
111 57 195
111 62 54
111 67 147
111 79 57
111 100 3
111 110 105
111 112 193
111 134 140
111 139 28
111 142 87
111 147 179
111 154 149
111 185 79
111 188 55
111 197 161
112 0 130
112 1 106
112 3 146
112 15 115
112 20 110
112 21 126
112 26 158
112 28 138
112 29 125
112 38 79
112 46 170
112 49 147
112 59 31
112 62 196
112 66 153
112 114 143
112 134 96
112 141 82
112 145 172
112 148 26
112 155 159
112 165 68
112 173 118
112 178 39
112 182 113
112 192 23
112 199 121
113 4 63
113 28 167
113 29 134
113 38 45
113 72 50
113 87 96
113 91 49
113 94 100
113 108 4
113 113 71
113 114 50
113 115 76
113 144 142
113 168 17
113 171 55
114 4 104
114 6 60
114 8 11
114 12 20
114 22 13
114 24 89
114 52 89
114 55 82
114 63 59
114 67 28
114 76 130
114 79 3
114 86 185
114 108 36
114 109 86
114 115 5
114 129 3
114 150 157
114 158 29
114 164 43
114 191 69
114 194 52
114 196 156
114 197 18
115 1 172
115 2 75
115 6 75
115 19 120
115 20 87
115 23 112
115 24 131
115 27 79
115 34 121
115 36 72
115 39 196
115 43 3
115 66 193
115 77 184
115 81 18
115 86 84
115 94 200
115 99 174
115 112 14
115 119 83
115 125 126
115 129 177
115 148 15
115 163 48
115 166 157
115 192 4
115 193 151
115 195 143
116 1 42
116 6 33
116 12 143
116 18 88
116 19 163
116 26 131
116 31 44
116 34 20
116 40 75
116 56 119
116 59 190
116 72 69
116 75 157
116 82 45
116 95 174
116 118 71
116 119 94
116 128 105
116 135 129
116 147 94
116 153 23
116 158 70
116 171 92
116 177 54
116 179 57
116 181 140
117 0 8
117 5 93
117 14 123
117 17 147
117 26 39
117 29 119
117 45 68
117 60 5
117 63 137
117 72 106
117 87 90
117 89 86
117 95 33
117 99 145
117 105 25
117 114 92
117 121 63
117 122 140
117 124 174
117 145 78
117 148 190
117 157 153
117 175 11
117 193 111
118 1 102
118 13 135
118 18 104
118 26 97
118 49 131
118 55 67
118 64 148
118 67 82
118 84 141
118 86 149
118 88 167
118 111 8
118 117 74
118 121 25
118 123 74
118 124 17
118 128 198
118 132 68
118 141 159
118 149 139
118 178 11
118 180 78
118 187 104
118 195 26
118 197 33
119 8 144
119 15 105
119 22 23
119 38 21
119 40 146
119 57 30
119 60 67
119 63 61
119 67 154
119 70 150
119 72 31
119 82 31
119 102 84
119 105 183
119 107 88
119 115 61
119 118 6
119 135 183
119 142 97
119 146 199
119 152 9
119 156 77
119 157 178
119 158 101
119 169 103
119 170 146
119 176 30
119 183 114
119 186 72
119 194 172
120 2 153
120 7 32
120 9 112
120 28 137
120 45 83
120 48 178
120 50 129
120 58 10
120 65 183
120 74 128
120 76 75
120 80 110
120 82 29
120 104 181
120 114 24
120 121 13
120 137 180
120 140 91
120 145 153
120 157 100
120 173 1
120 177 144
120 181 109
120 183 98
120 191 115
121 5 105
121 11 171
121 26 129
121 37 143
121 38 79
121 42 185
121 43 166
121 54 95
121 61 67
121 66 177
121 68 162
121 71 160
121 75 22
121 87 124
121 109 7
121 114 150
121 116 35
121 119 118
121 121 185
121 130 155
121 152 34
121 176 131
121 178 103
121 183 146
121 186 33
121 197 3
122 3 52
122 9 180
122 15 106
122 22 184
122 27 195
122 29 12
122 37 80
122 40 133
122 43 160
122 52 42
122 64 184
122 72 80
122 79 111
122 82 4
122 87 175
122 92 150
122 94 32
122 95 101
122 106 173
122 110 54
122 126 156
122 132 129
122 148 4
122 149 14
122 151 119
122 159 152
122 174 128
122 181 134
122 192 10
122 194 7
122 199 129
123 10 11
123 20 78
123 26 50
123 43 191
123 55 73
123 59 175
123 68 97
123 94 70
123 122 124
123 126 168
123 142 55
123 155 131
123 157 150
123 158 12
123 168 192
123 171 79
123 175 67
123 178 8
123 181 15
123 186 25
123 188 46
123 192 136
124 19 87
124 26 143
124 32 99
124 42 44
124 44 195
124 51 161
124 57 169
124 66 120
124 69 126
124 90 101
124 94 124
124 96 139
124 102 32
124 108 69
124 123 115
124 131 4
124 141 141
124 143 49
124 147 97
124 150 86
124 167 175
124 176 119
124 195 42
124 199 167
125 1 158
125 6 73
125 11 146
125 14 30
125 19 29
125 31 1
125 34 89
125 38 185
125 53 101
125 58 116
125 79 168
125 85 162
125 109 179
125 110 133
125 133 13
125 135 31
125 138 188
125 139 185
125 143 32
125 145 87
125 146 112
125 147 34
125 161 198
125 166 123
125 191 100
126 3 32
126 7 146
126 21 168
126 29 149
126 31 137
126 34 80
126 53 169
126 66 144
126 77 45
126 80 191
126 86 73
126 89 10
126 96 118
126 99 50
126 109 75
126 118 4
126 124 130
126 127 84
126 149 108
126 157 102
126 163 53
126 176 151
126 183 147
126 187 153
126 197 22
127 10 149
127 11 29
127 26 103
127 41 176
127 42 76
127 45 121
127 47 94
127 56 146
127 79 110
127 90 42
127 94 135
127 97 125
127 108 158
127 116 191
127 123 32
127 124 136
127 131 72
127 136 51
127 145 141
127 147 120
127 148 176
127 158 133
127 159 197
127 175 198
127 182 138
127 189 90
127 192 31
128 2 69
128 11 197
128 18 68
128 31 181
128 62 185
128 66 10
128 75 167
128 79 185
128 91 184
128 104 196
128 120 61
128 131 84
128 141 54
128 142 135
128 149 122
128 155 83
128 170 5
128 176 114
128 177 16
128 179 117
128 181 123
128 182 193
128 183 105
128 184 17
128 195 168
129 1 124
129 12 146
129 14 86
129 23 111
129 31 200
129 32 118
129 40 10
129 46 181
129 51 61
129 52 42
129 72 111
129 74 153
129 75 78
129 79 25
129 95 107
129 102 179
129 106 46
129 112 119
129 113 68
129 120 116
129 125 172
129 137 8
129 141 141
129 157 126
129 163 118
129 167 35
129 175 164
129 196 81
130 3 38
130 5 49
130 30 121
130 36 20
130 41 165
130 44 77
130 48 165
130 50 159
130 51 184
130 57 126
130 58 159
130 68 142
130 80 138
130 83 40
130 84 29
130 90 159
130 94 129
130 99 49
130 100 70
130 107 26
130 115 147
130 120 51
130 125 155
130 130 35
130 135 110
130 137 42
130 143 161
130 155 89
130 161 16
130 163 18
130 167 191
130 176 104
131 18 147
131 20 91
131 23 96
131 29 164
131 36 39
131 41 16
131 46 195
131 61 112
131 64 176
131 67 31
131 74 61
131 89 173
131 93 85
131 101 157
131 110 194
131 111 155
131 114 97
131 123 54
131 125 99
131 126 21
131 134 6
131 136 103
131 149 184
131 159 99
131 164 151
131 180 76
131 185 93
132 29 6
132 32 26
132 61 152
132 76 8
132 84 27
132 100 162
132 102 104
132 103 197
132 104 79
132 106 78
132 113 94
132 116 193
132 119 90
132 125 106
132 127 24
132 133 195
132 151 113
132 155 125
132 169 98
132 193 81
132 198 147
133 6 141
133 26 21
133 27 51
133 38 147
133 42 141
133 52 27
133 59 163
133 60 80
133 69 20
133 76 156
133 84 5
133 92 186
133 106 149
133 109 108
133 113 52
133 125 25
133 127 119
133 132 162
133 134 66
133 159 99
133 164 2
133 190 36
133 192 95
133 198 48
134 15 159
134 16 127
134 33 14
134 34 9
134 44 153
134 59 45
134 73 131
134 75 112
134 77 12
134 79 91
134 81 200
134 91 106
134 94 118
134 104 190
134 111 40
134 116 125
134 121 195
134 124 185
134 127 78
134 129 143
134 147 90
134 148 158
134 152 130
134 159 70
134 164 125
134 165 168
134 174 16
134 183 9
134 187 192
134 193 180
135 2 21
135 11 152
135 21 68
135 24 169
135 28 31
135 35 117
135 45 88
135 49 121
135 53 111
135 64 69
135 66 113
135 67 188
135 81 149
135 102 88
135 103 172
135 106 163
135 110 66
135 112 24
135 115 30
135 116 182
135 131 129
135 142 53
135 148 55
135 157 35
135 162 43
135 164 4
135 173 170
135 185 60
135 188 47
135 193 144
136 9 114
136 11 54
136 14 175
136 15 94
136 16 45
136 51 113
136 52 62
136 56 170
136 60 15
136 84 57
136 89 7
136 109 171
136 114 54
136 118 127
136 133 80
136 171 85
136 173 83
136 177 5
136 182 163
136 183 185
136 187 82
136 189 11
136 197 43
137 0 160
137 1 200
137 2 23
137 11 121
137 15 102
137 22 168
137 25 144
137 35 161
137 41 76
137 57 150
137 58 96
137 68 143
137 69 168
137 95 6
137 107 118
137 118 115
137 124 113
137 135 61
137 155 141
137 157 77
137 158 3
137 159 147
137 168 172
137 181 97
137 189 28
137 195 152
137 198 83
138 14 104
138 18 157
138 34 199
138 35 35
138 37 104
138 41 157
138 54 178
138 59 78
138 63 32
138 82 196
138 100 101
138 102 61
138 116 110
138 121 50
138 128 96
138 129 147
138 130 83
138 151 41
138 156 173
138 161 7
138 190 25
138 194 196
139 8 100
139 14 164
139 15 3
139 24 137
139 29 148
139 48 80
139 50 114
139 59 82
139 61 24
139 62 25
139 70 145
139 80 189
139 85 115
139 97 111
139 98 151
139 106 149
139 115 175
139 127 91
139 140 87
139 147 137
139 156 3
139 164 47
139 180 192
140 7 115
140 8 18
140 29 153
140 40 75
140 48 195
140 50 94
140 52 49
140 55 82
140 59 178
140 68 118
140 69 156
140 73 70
140 75 153
140 77 179
140 84 117
140 94 3
140 96 196
140 102 150
140 133 171
140 144 22
140 148 166
140 151 56
140 153 105
140 164 134
140 176 10
140 185 171
140 191 63
140 192 146
141 8 36
141 20 118
141 30 95
141 36 23
141 40 116
141 45 155
141 47 8
141 57 104
141 64 18
141 69 19
141 70 88
141 72 54
141 83 69
141 89 61
141 115 149
141 119 7
141 131 18
141 137 146
141 142 36
141 151 59
141 164 75
141 171 58
141 173 81
141 177 19
141 183 130
141 194 163
141 198 102
142 17 100
142 20 156
142 21 127
142 43 200
142 56 25
142 59 73
142 97 182
142 110 23
142 111 95
142 120 70
142 122 10
142 154 6
142 157 89
142 159 100
142 176 20
142 183 24
142 188 67
143 15 166
143 20 74
143 52 116
143 55 4
143 68 1
143 72 35
143 75 167
143 82 16
143 84 29
143 97 196
143 98 58
143 99 51
143 104 104
143 112 180
143 114 77
143 130 157
143 146 195
143 147 100
143 150 164
143 178 97
143 184 25
143 197 96
144 1 132
144 26 52
144 28 36
144 37 140
144 46 154
144 48 107
144 49 177
144 55 55
144 58 21
144 66 83
144 68 167
144 69 42
144 74 172
144 77 74
144 80 32
144 83 86
144 94 76
144 103 98
144 121 122
144 137 114
144 145 91
144 149 134
144 150 65
144 164 155
144 185 160
144 188 193
144 190 53
144 195 52
144 198 23
145 0 200
145 1 68
145 6 14
145 8 187
145 9 199
145 18 93
145 27 14
145 38 40
145 68 65
145 77 74
145 105 163
145 109 56
145 137 95
145 143 63
145 149 18
145 164 83
145 171 82
145 177 35
145 181 67
145 198 126
146 16 80
146 17 70
146 34 87
146 37 120
146 40 4
146 46 68
146 51 166
146 62 69
146 64 29
146 66 116
146 67 59
146 72 46
146 73 23
146 90 45
146 91 77
146 97 130
146 102 50
146 106 121
146 109 164
146 115 104
146 121 158
146 134 159
146 144 67
146 146 183
146 148 138
146 152 116
146 163 67
146 175 50
146 178 117
146 198 42
147 6 35
147 9 103
147 13 145
147 17 111
147 35 155
147 42 24
147 45 88
147 55 58
147 61 51
147 65 167
147 77 77
147 92 103
147 100 110
147 111 33
147 135 12
147 140 55
147 149 139
147 165 9
147 173 105
147 181 112
147 184 16
147 187 46
148 8 180
148 9 175
148 20 38
148 25 100
148 40 13
148 41 121
148 43 61
148 52 173
148 65 33
148 71 131
148 82 130
148 90 194
148 93 147
148 94 143
148 113 61
148 121 33
148 132 18
148 137 37
148 139 187
148 148 66
148 172 45
148 174 196
148 182 177
148 184 195
148 193 82
148 198 149
149 0 82
149 5 26
149 6 18
149 16 153
149 17 146
149 19 145
149 21 145
149 35 164
149 36 110
149 39 156
149 42 68
149 53 178
149 82 72
149 87 74
149 91 26
149 98 156
149 111 113
149 124 131
149 126 104
149 139 62
149 149 59
149 151 157
149 160 7
149 165 96
149 167 116
149 176 57
149 182 20
149 183 64
149 187 120
149 196 36
149 199 151
150 12 53
150 13 60
150 17 12
150 32 94
150 43 46
150 53 193
150 55 114
150 57 68
150 58 93
150 76 30
150 77 193
150 86 52
150 103 29
150 109 152
150 110 136
150 111 40
150 115 2
150 118 50
150 126 9
150 131 177
150 138 101
150 141 138
150 146 173
150 148 179
150 164 98
150 176 149
150 194 108
151 3 136
151 12 166
151 25 175
151 30 38
151 31 4
151 37 36
151 49 105
151 53 85
151 57 87
151 60 195
151 61 15
151 77 100
151 93 6
151 99 196
151 129 189
151 148 197
151 159 120
151 177 75
151 179 191
151 181 87
151 184 34
151 194 61
152 16 153
152 24 177
152 27 14
152 28 11
152 33 119
152 37 3
152 50 91
152 57 146
152 67 197
152 76 38
152 79 125
152 87 174
152 88 162
152 105 14
152 108 18
152 114 83
152 118 171
152 119 26
152 129 138
152 139 193
152 150 122
152 167 106
152 198 103
152 199 30
153 18 101
153 28 188
153 33 174
153 35 98
153 39 115
153 45 134
153 49 137
153 59 99
153 65 108
153 67 28
153 68 10
153 69 8
153 76 96
153 83 191
153 87 199
153 88 50
153 91 67
153 95 167
153 111 96
153 113 112
153 122 189
153 150 181
153 152 126
153 154 154
153 160 39
153 177 166
153 181 106
153 192 124
153 195 76
154 1 95
154 4 59
154 13 29
154 26 149
154 31 56
154 36 54
154 38 58
154 72 193
154 76 34
154 80 143
154 94 108
154 98 13
154 103 82
154 107 24
154 110 146
154 115 32
154 117 121
154 121 64
154 154 91
154 165 188
154 169 118
154 172 62
154 176 3
155 4 154
155 24 123
155 35 190
155 41 139
155 43 27
155 71 146
155 75 130
155 79 10
155 96 29
155 99 155
155 112 158
155 113 126
155 117 105
155 124 109
155 133 180
155 136 107
155 146 192
155 153 114
155 178 45
155 183 186
155 199 5
156 11 112
156 76 195
156 79 87
156 80 84
156 94 109
156 95 92
156 100 192
156 106 121
156 113 59
156 114 168
156 116 26
156 119 87
156 122 30
156 157 183
156 158 189
156 159 171
156 160 16
156 162 144
156 172 5
157 0 23
157 15 132
157 20 68
157 25 154
157 27 108
157 41 128
157 44 166
157 45 68
157 49 96
157 59 159
157 63 115
157 66 11
157 83 186
157 89 113
157 104 19
157 115 97
157 123 87
157 132 102
157 135 17
157 153 46
157 159 166
157 162 60
157 167 186
157 172 24
157 177 142
157 181 66
158 1 22
158 3 116
158 14 24
158 16 184
158 19 107
158 23 17
158 31 1
158 45 35
158 49 133
158 50 76
158 68 155
158 70 63
158 71 32
158 76 30
158 81 53
158 91 107
158 99 173
158 109 24
158 133 177
158 152 13
158 154 196
158 164 189
158 197 158
159 0 179
159 30 84
159 31 199
159 35 141
159 66 72
159 89 193
159 94 154
159 119 176
159 124 194
159 159 129
159 160 29
159 161 160
159 165 25
159 179 171
159 193 85
160 4 80
160 7 108
160 19 164
160 24 186
160 27 174
160 38 98
160 43 137
160 45 186
160 47 133
160 53 111
160 55 10
160 66 110
160 71 89
160 91 173
160 98 138
160 117 188
160 126 19
160 131 45
160 138 145
160 148 165
160 169 26
160 174 132
160 184 148
161 5 178
161 13 7
161 16 104
161 32 194
161 36 100
161 38 100
161 39 26
161 50 179
161 53 138
161 61 157
161 64 91
161 67 140
161 91 111
161 98 129
161 107 182
161 108 115
161 109 55
161 112 113
161 113 172
161 117 45
161 118 12
161 119 112
161 127 27
161 135 57
161 141 88
161 148 29
161 150 32
161 156 136
161 165 91
161 172 76
161 173 99
161 177 149
161 186 61
161 188 69
162 15 180
162 31 5
162 36 160
162 56 92
162 57 171
162 58 39
162 74 173
162 92 115
162 111 67
162 120 42
162 132 102
162 134 194
162 137 162
162 141 64
162 142 89
162 147 70
162 148 31
162 156 144
163 10 58
163 12 147
163 17 8
163 21 189
163 23 114
163 29 146
163 41 23
163 53 34
163 56 149
163 60 200
163 62 116
163 63 88
163 69 112
163 85 162
163 87 189
163 116 101
163 119 87
163 120 85
163 130 151
163 133 163
163 138 89
163 151 7
163 162 153
163 167 116
163 170 181
164 5 148
164 6 56
164 12 92
164 14 81
164 15 6
164 16 99
164 18 141
164 27 54
164 36 150
164 45 35
164 55 14
164 66 98
164 68 42
164 78 108
164 80 79
164 89 118
164 91 34
164 96 24
164 102 11
164 103 191
164 113 64
164 119 78
164 134 122
164 154 183
164 156 67
164 159 86
164 175 82
164 189 192
164 190 21
165 2 50
165 10 127
165 15 165
165 16 131
165 23 170
165 26 172
165 42 184
165 54 83
165 79 78
165 91 12
165 96 178
165 98 82
165 101 150
165 106 100
165 108 92
165 112 50
165 117 197
165 134 124
165 135 129
165 137 77
165 139 151
165 142 170
165 144 142
165 151 161
165 157 21
165 159 171
165 169 189
165 171 137
165 172 6
165 176 105
165 177 44
165 183 102
166 0 194
166 1 150
166 9 145
166 13 142
166 35 63
166 46 41
166 47 196
166 57 22
166 66 145
166 78 42
166 80 124
166 84 198
166 91 188
166 108 24
166 110 144
166 117 34
166 128 24
166 175 12
166 194 126
167 5 26
167 8 96
167 23 111
167 30 91
167 31 74
167 39 103
167 49 160
167 59 71
167 62 146
167 65 4
167 68 49
167 72 151
167 85 129
167 106 50
167 107 71
167 115 180
167 121 132
167 132 26
167 144 181
167 145 40
167 149 136
167 164 45
167 166 125
167 173 73
167 179 95
167 182 158
167 187 126
167 192 111
167 195 147
168 0 66
168 7 32
168 14 171
168 20 193
168 31 68
168 41 17
168 42 87
168 43 116
168 48 141
168 72 179
168 80 105
168 81 189
168 96 80
168 97 20
168 99 181
168 107 128
168 118 180
168 126 90
168 133 65
168 146 126
168 149 59
168 151 1
168 157 43
168 181 168
168 182 146
169 8 89
169 20 47
169 28 23
169 34 22
169 49 117
169 52 65
169 53 116
169 70 182
169 87 27
169 96 3
169 101 125
169 124 43
169 127 9
169 137 79
169 162 187
169 174 134
169 182 192
169 183 116
170 7 72
170 11 112
170 18 195
170 23 12
170 31 7
170 35 109
170 43 72
170 44 155
170 58 82
170 75 45
170 82 151
170 87 48
170 92 55
170 94 158
170 99 171
170 100 142
170 121 24
170 126 80
170 136 64
170 144 138
170 162 189
170 165 169
170 189 90
170 190 29
170 191 80
170 198 32
171 0 123
171 12 109
171 26 7
171 33 79
171 47 188
171 63 144
171 73 69
171 75 64
171 94 125
171 103 166
171 110 109
171 138 193
171 139 60
171 161 70
171 168 136
171 178 49
171 182 10
171 187 54
171 190 134
171 193 7
171 198 174
172 15 28
172 16 167
172 23 9
172 38 11
172 41 95
172 47 174
172 52 171
172 53 148
172 58 182
172 61 11
172 63 26
172 73 59
172 80 144
172 86 65
172 96 73
172 98 145
172 99 125
172 111 82
172 114 167
172 124 171
172 125 120
172 137 34
172 146 125
172 156 27
172 158 198
172 168 40
172 172 34
172 173 9
173 6 53
173 25 81
173 37 122
173 43 183
173 60 184
173 69 76
173 71 5
173 137 138
173 160 131
173 162 89
173 174 175
173 178 41
173 180 44
174 3 192
174 10 2
174 13 80
174 32 109
174 38 2
174 45 179
174 47 88
174 48 37
174 55 78
174 57 179
174 58 135
174 62 81
174 70 36
174 74 97
174 76 86
174 84 174
174 89 10
174 96 141
174 99 41
174 102 67
174 103 125
174 105 124
174 108 70
174 115 195
174 131 152
174 148 101
174 162 17
174 163 131
174 164 132
174 168 111
174 175 43
174 179 79
174 180 53
175 2 177
175 10 32
175 15 42
175 26 101
175 28 110
175 45 68
175 47 121
175 61 52
175 63 149
175 65 113
175 66 159
175 67 39
175 106 82
175 134 60
175 147 164
175 150 30
175 165 122
175 171 113
175 172 171
175 175 36
175 181 113
175 184 146
175 188 80
176 4 89
176 16 88
176 17 82
176 22 33
176 37 31
176 41 56
176 52 44
176 65 162
176 67 8
176 69 70
176 72 192
176 82 161
176 88 117
176 100 61
176 107 55
176 109 10
176 117 85
176 118 23
176 135 122
176 136 37
176 144 171
176 150 27
176 158 169
176 159 190
176 175 147
176 177 105
176 181 150
176 189 164
176 199 90
177 1 83
177 3 71
177 4 23
177 20 61
177 23 99
177 24 84
177 33 136
177 53 34
177 55 14
177 72 198
177 98 99
177 103 132
177 117 161
177 121 160
177 123 52
177 130 16
177 134 58
177 159 93
177 191 187
178 3 103
178 36 194
178 47 94
178 56 180
178 57 156
178 61 160
178 62 140
178 65 110
178 83 112
178 85 54
178 89 140
178 104 192
178 112 96
178 114 36
178 140 41
178 153 111
178 164 78
179 2 81
179 6 120
179 20 140
179 25 113
179 31 1
179 39 66
179 40 149
179 41 31
179 50 122
179 52 118
179 54 65
179 55 138
179 62 100
179 78 86
179 82 175
179 90 111
179 92 189
179 98 177
179 101 81
179 103 117
179 104 119
179 112 104
179 116 94
179 123 188
179 137 44
179 138 198
179 139 80
179 152 142
179 168 68
179 175 38
179 184 34
179 193 156
179 194 81
179 197 8
179 198 64
180 3 85
180 28 87
180 37 139
180 41 137
180 46 169
180 51 101
180 57 189
180 67 15
180 68 88
180 74 9
180 77 94
180 84 112
180 85 167
180 89 45
180 108 100
180 135 119
180 140 61
180 161 133
180 164 137
180 169 83
180 173 87
180 187 82
180 189 44
180 197 15
181 1 17
181 15 99
181 34 37
181 40 17
181 46 159
181 55 177
181 58 105
181 61 53
181 77 166
181 78 45
181 80 36
181 81 38
181 93 163
181 99 3
181 127 58
181 145 63
181 147 125
181 151 19
181 156 21
181 157 57
181 180 42
181 182 100
181 191 120
182 0 17
182 9 85
182 11 83
182 25 1
182 70 106
182 72 180
182 74 17
182 77 191
182 85 139
182 93 174
182 98 198
182 109 101
182 113 199
182 114 38
182 119 77
182 129 167
182 130 178
182 131 195
182 132 72
182 133 35
182 137 43
182 138 42
182 146 107
182 149 122
182 150 116
182 155 130
182 157 178
182 163 81
182 174 107
182 182 30
182 187 29
182 196 18
183 18 190
183 30 2
183 37 76
183 49 136
183 50 105
183 56 173
183 59 171
183 60 117
183 67 196
183 81 160
183 85 145
183 100 200
183 119 53
183 122 37
183 125 171
183 142 152
183 160 78
183 164 15
183 181 81
183 187 68
184 0 128
184 22 118
184 26 164
184 27 96
184 35 158
184 46 14
184 54 112
184 56 137
184 57 194
184 58 110
184 61 70
184 68 30
184 71 98
184 74 30
184 86 122
184 99 143
184 106 124
184 120 50
184 129 116
184 151 20
184 166 73
184 178 47
184 183 77
184 185 131
184 186 115
184 190 83
184 193 197
184 196 37
185 1 148
185 3 168
185 6 172
185 7 15
185 14 55
185 16 15
185 22 145
185 32 157
185 53 74
185 54 131
185 60 131
185 61 154
185 62 77
185 70 120
185 72 1
185 73 195
185 74 148
185 78 58
185 82 143
185 88 166
185 94 14
185 136 140
185 140 86
185 141 4
185 142 99
185 154 156
185 172 73
185 179 83
185 191 167
185 193 100
186 5 151
186 11 183
186 19 144
186 27 145
186 29 175
186 34 149
186 46 48
186 60 97
186 67 144
186 71 140
186 73 111
186 94 73
186 103 177
186 108 124
186 114 115
186 132 71
186 145 28
186 151 155
186 162 162
186 164 60
186 167 159
186 188 142
186 195 44
187 9 71
187 32 62
187 38 159
187 42 74
187 49 168
187 58 191
187 73 107
187 79 6
187 83 141
187 91 135
187 93 76
187 105 44
187 106 48
187 110 97
187 118 11
187 124 96
187 125 77
187 157 194
187 160 31
187 177 115
187 181 79
187 185 186
187 191 138
187 195 115
188 1 144
188 4 15
188 8 145
188 15 197
188 32 119
188 35 105
188 36 71
188 43 105
188 47 151
188 48 60
188 53 44
188 68 88
188 72 108
188 80 63
188 146 178
188 154 190
188 157 1
188 160 1
188 163 1
188 170 186
188 179 84
188 195 78
189 11 96
189 20 100
189 35 52
189 48 115
189 58 151
189 59 110
189 60 164
189 65 17
189 69 137
189 70 13
189 77 185
189 78 119
189 81 172
189 88 33
189 105 74
189 120 87
189 123 151
189 129 102
189 131 42
189 138 160
189 142 170
189 146 56
189 150 27
189 152 120
189 164 45
189 167 83
189 173 45
189 188 60
189 189 16
190 2 58
190 5 150
190 6 139
190 20 53
190 21 130
190 37 61
190 39 135
190 44 18
190 47 7
190 52 164
190 59 126
190 62 68
190 70 25
190 83 63
190 92 92
190 93 197
190 96 2
190 97 40
190 103 192
190 111 45
190 125 114
190 135 115
190 139 81
190 146 138
190 150 131
190 153 101
190 162 32
190 170 129
190 173 30
190 175 85
190 183 186
190 195 189
191 16 19
191 18 44
191 25 93
191 29 198
191 34 125
191 35 3
191 43 63
191 47 89
191 53 137
191 75 29
191 78 80
191 85 18
191 88 121
191 105 151
191 106 196
191 134 162
191 137 61
191 143 110
191 145 36
191 148 42
191 155 200
191 164 88
191 167 72
191 169 75
191 171 80
191 194 173
192 15 49
192 16 33
192 32 47
192 36 165
192 38 168
192 51 168
192 56 148
192 58 68
192 63 46
192 66 167
192 79 101
192 81 153
192 89 121
192 90 62
192 91 109
192 117 49
192 125 158
192 143 86
192 145 99
192 146 116
192 147 137
192 153 62
192 154 106
192 165 3
192 167 142
192 170 127
192 177 85
192 184 109
192 197 147
192 198 93
193 1 135
193 7 189
193 16 109
193 26 30
193 27 193
193 29 162
193 39 94
193 43 135
193 47 174
193 51 91
193 56 14
193 68 187
193 81 46
193 107 112
193 130 104
193 157 83
193 167 135
193 181 91
193 187 72
193 189 99
194 4 31
194 5 130
194 9 106
194 18 166
194 20 99
194 49 181
194 50 47
194 74 78
194 75 84
194 84 14
194 88 111
194 93 24
194 103 4
194 105 14
194 107 131
194 133 52
194 147 112
194 151 124
194 161 97
194 169 172
194 170 111
194 179 171
194 182 167
195 2 174
195 11 139
195 12 198
195 23 150
195 27 153
195 32 68
195 42 164
195 84 7
195 93 143
195 103 174
195 111 167
195 112 37
195 118 161
195 126 129
195 133 193
195 135 63
195 147 194
195 164 36
195 198 190
196 21 133
196 34 133
196 35 108
196 40 135
196 41 7
196 60 176
196 74 138
196 89 16
196 90 87
196 91 65
196 109 1
196 110 34
196 112 13
196 117 100
196 120 115
196 131 9
196 165 54
196 169 175
196 187 55
196 189 151
196 190 80
196 196 40
196 198 107
197 9 2
197 11 9
197 13 111
197 38 60
197 46 176
197 52 121
197 67 199
197 78 39
197 95 184
197 101 128
197 121 13
197 125 89
197 136 33
197 148 121
197 155 40
197 157 98
197 158 26
197 163 47
197 182 176
198 2 164
198 4 158
198 11 199
198 19 143
198 22 111
198 23 147
198 26 34
198 37 165
198 44 98
198 54 26
198 68 92
198 81 186
198 95 131
198 100 16
198 107 164
198 112 14
198 114 42
198 118 119
198 133 156
198 150 136
198 155 169
198 156 174
198 183 186
198 185 143
198 190 9
199 1 193
199 15 132
199 44 150
199 53 56
199 85 66
199 90 80
199 91 166
199 101 190
199 104 43
199 107 13
199 126 199
199 133 83
199 134 195
199 148 85
199 152 63
199 155 73
199 172 192
199 173 41
199 175 127
199 180 80
199 183 102
199 190 197
199 197 190
50 10
114 300
150 7061
122 6861
103 28
195 5718
6 6980
60 4779
29 7232
108 6240
73 9889
102 6315
22 8680
115 9765
48 8959
43 4729
157 6691
9 1947
47 1252
174 8435
197 8698
62 7245
91 3093
98 4153
31 6128
124 8949
14 811
32 4129
160 1770
186 3276
198 2159
191 2671
139 5192
10 4758
85 5584
88 8803
107 8423
187 9958
126 9149
70 3998
199 5582
119 2371
173 366
151 6962
94 392
0 3943
166 400
193 3558
93 3389
1 3114
188 3665
163 -49574
136 -65322
45 -13121
140 -19109
125 -44781
64 -26177
50 -50676
194 -62887
23 -42914
90 -4897
