--Rotas do 1º turno-----------------------------
0 -> 265 (187)
1 -> 343 (113)
2 -> 62 (34)
4 -> 61 (105)
5 -> 3 (88)
5 -> 9 (37)
5 -> 18 (181)
5 -> 51 (92)
5 -> 73 (111)
5 -> 102 (87)
5 -> 104 (174)
5 -> 105 (157)
5 -> 120 (143)
5 -> 121 (161)
5 -> 128 (88)
5 -> 149 (141)
5 -> 154 (184)
5 -> 159 (150)
5 -> 173 (107)
5 -> 205 (77)
5 -> 222 (57)
5 -> 229 (96)
5 -> 244 (166)
5 -> 245 (163)
5 -> 246 (107)
5 -> 281 (119)
5 -> 321 (96)
5 -> 392 (95)
6 -> 14 (85)
6 -> 29 (153)
6 -> 31 (57)
6 -> 48 (135)
6 -> 49 (88)
6 -> 74 (73)
6 -> 77 (117)
6 -> 93 (69)
6 -> 94 (126)
6 -> 111 (57)
6 -> 133 (120)
6 -> 139 (100)
6 -> 240 (104)
6 -> 343 (75)
6 -> 364 (55)
7 -> 311 (135)
7 -> 343 (55)
8 -> 148 (180)
9 -> 134 (5)
9 -> 224 (32)
10 -> 193 (134)
10 -> 265 (33)
11 -> 3 (97)
11 -> 148 (70)
12 -> 343 (184)
13 -> 3 (14)
13 -> 16 (123)
13 -> 42 (91)
13 -> 61 (37)
13 -> 148 (66)
13 -> 162 (179)
13 -> 179 (12)
13 -> 265 (129)
14 -> 193 (49)
14 -> 245 (36)
15 -> 3 (120)
15 -> 17 (112)
15 -> 22 (110)
15 -> 23 (159)
15 -> 26 (130)
15 -> 34 (150)
15 -> 71 (56)
15 -> 85 (185)
15 -> 119 (104)
15 -> 134 (168)
15 -> 136 (131)
15 -> 160 (42)
15 -> 210 (61)
15 -> 255 (11)
15 -> 295 (30)
15 -> 297 (96)
15 -> 337 (157)
15 -> 379 (82)
16 -> 61 (108)
16 -> 148 (15)
17 -> 240 (198)
18 -> 3 (183)
19 -> 61 (126)
19 -> 265 (42)
20 -> 7 (190)
20 -> 19 (168)
20 -> 38 (158)
20 -> 60 (84)
20 -> 61 (138)
20 -> 66 (154)
20 -> 80 (169)
20 -> 100 (140)
20 -> 118 (193)
20 -> 128 (82)
20 -> 132 (110)
20 -> 145 (2)
20 -> 190 (76)
20 -> 227 (97)
20 -> 245 (62)
20 -> 293 (42)
20 -> 336 (52)
20 -> 338 (83)
20 -> 356 (19)
20 -> 364 (129)
20 -> 371 (74)
21 -> 193 (162)
22 -> 3 (149)
23 -> 3 (137)
23 -> 193 (22)
24 -> 240 (142)
25 -> 3 (164)
25 -> 245 (6)
26 -> 265 (130)
27 -> 3 (180)
27 -> 6 (55)
27 -> 8 (172)
27 -> 10 (167)
27 -> 29 (30)
27 -> 36 (107)
27 -> 43 (65)
27 -> 48 (7)
27 -> 54 (128)
27 -> 66 (8)
27 -> 73 (50)
27 -> 75 (1)
27 -> 99 (99)
27 -> 119 (91)
27 -> 130 (159)
27 -> 131 (197)
27 -> 141 (168)
27 -> 144 (141)
27 -> 155 (164)
27 -> 161 (191)
27 -> 171 (37)
27 -> 187 (131)
27 -> 195 (166)
27 -> 219 (142)
27 -> 223 (161)
27 -> 239 (84)
27 -> 241 (49)
27 -> 253 (200)
27 -> 260 (103)
27 -> 279 (185)
27 -> 291 (165)
27 -> 311 (27)
27 -> 320 (35)
27 -> 332 (120)
27 -> 349 (114)
27 -> 357 (108)
27 -> 371 (105)
27 -> 376 (88)
27 -> 383 (44)
27 -> 386 (146)
27 -> 391 (126)
28 -> 193 (52)
28 -> 265 (74)
29 -> 148 (183)
30 -> 193 (135)
31 -> 343 (57)
32 -> 1 (92)
32 -> 4 (105)
32 -> 21 (128)
32 -> 50 (143)
32 -> 52 (45)
32 -> 53 (37)
32 -> 148 (60)
32 -> 240 (137)
32 -> 265 (103)
33 -> 3 (165)
33 -> 193 (29)
34 -> 148 (159)
35 -> 311 (183)
36 -> 240 (104)
36 -> 343 (3)
37 -> 265 (32)
38 -> 240 (143)
38 -> 341 (15)
39 -> 265 (188)
40 -> 61 (82)
40 -> 148 (7)
41 -> 148 (33)
42 -> 193 (91)
43 -> 245 (65)
44 -> 265 (70)
45 -> 193 (111)
45 -> 343 (28)
47 -> 3 (185)
48 -> 61 (142)
49 -> 265 (88)
50 -> 193 (143)
51 -> 61 (92)
52 -> 3 (45)
53 -> 193 (47)
54 -> 193 (128)
55 -> 3 (138)
56 -> 3 (81)
56 -> 311 (36)
59 -> 0 (138)
59 -> 2 (34)
59 -> 33 (194)
59 -> 55 (118)
59 -> 64 (174)
59 -> 91 (131)
59 -> 96 (127)
59 -> 108 (24)
59 -> 114 (116)
59 -> 142 (110)
59 -> 144 (27)
59 -> 153 (98)
59 -> 180 (192)
59 -> 209 (83)
59 -> 225 (184)
59 -> 289 (135)
59 -> 300 (109)
59 -> 323 (142)
59 -> 335 (125)
59 -> 367 (4)
59 -> 370 (125)
59 -> 376 (50)
60 -> 240 (197)
62 -> 90 (188)
63 -> 148 (129)
63 -> 245 (26)
64 -> 61 (162)
64 -> 148 (12)
65 -> 389 (39)
66 -> 265 (162)
67 -> 61 (84)
67 -> 245 (41)
68 -> 3 (181)
70 -> 3 (93)
71 -> 385 (56)
72 -> 11 (167)
72 -> 77 (58)
72 -> 79 (131)
72 -> 139 (44)
72 -> 147 (163)
72 -> 148 (168)
72 -> 154 (1)
72 -> 177 (198)
72 -> 178 (151)
72 -> 193 (135)
72 -> 206 (130)
72 -> 239 (27)
72 -> 245 (178)
72 -> 259 (117)
72 -> 264 (56)
72 -> 268 (166)
72 -> 277 (176)
72 -> 285 (117)
72 -> 286 (78)
72 -> 299 (131)
72 -> 300 (13)
72 -> 311 (90)
72 -> 330 (63)
72 -> 378 (115)
72 -> 382 (136)
73 -> 61 (161)
74 -> 148 (73)
75 -> 343 (1)
76 -> 193 (38)
77 -> 311 (175)
79 -> 311 (160)
80 -> 3 (113)
80 -> 148 (56)
81 -> 343 (182)
82 -> 3 (114)
83 -> 24 (142)
83 -> 30 (105)
83 -> 39 (182)
83 -> 45 (139)
83 -> 61 (169)
83 -> 67 (125)
83 -> 76 (38)
83 -> 97 (85)
83 -> 111 (59)
83 -> 114 (42)
83 -> 129 (70)
83 -> 137 (102)
83 -> 193 (11)
83 -> 194 (140)
83 -> 204 (26)
83 -> 205 (79)
83 -> 208 (165)
83 -> 250 (165)
83 -> 270 (29)
83 -> 272 (197)
83 -> 311 (131)
83 -> 337 (38)
83 -> 343 (189)
83 -> 392 (27)
84 -> 61 (85)
84 -> 148 (31)
85 -> 148 (82)
85 -> 265 (103)
87 -> 21 (34)
87 -> 30 (30)
87 -> 37 (32)
87 -> 55 (20)
87 -> 65 (39)
87 -> 79 (29)
87 -> 84 (116)
87 -> 93 (19)
87 -> 101 (50)
87 -> 109 (115)
87 -> 121 (5)
87 -> 123 (112)
87 -> 163 (13)
87 -> 182 (129)
87 -> 184 (101)
87 -> 185 (118)
87 -> 201 (19)
87 -> 203 (164)
87 -> 210 (134)
87 -> 214 (63)
87 -> 218 (51)
87 -> 229 (70)
87 -> 243 (81)
87 -> 259 (77)
87 -> 281 (21)
87 -> 292 (123)
87 -> 302 (19)
87 -> 311 (77)
87 -> 314 (103)
87 -> 330 (1)
87 -> 332 (60)
87 -> 350 (115)
87 -> 352 (16)
87 -> 354 (136)
87 -> 356 (98)
87 -> 359 (112)
87 -> 369 (174)
88 -> 41 (33)
88 -> 60 (113)
88 -> 81 (62)
88 -> 107 (139)
88 -> 124 (49)
88 -> 149 (52)
88 -> 157 (58)
88 -> 165 (64)
88 -> 181 (80)
88 -> 193 (175)
88 -> 223 (11)
88 -> 245 (84)
88 -> 246 (14)
88 -> 247 (91)
88 -> 265 (101)
88 -> 278 (189)
88 -> 285 (70)
88 -> 308 (196)
88 -> 310 (104)
88 -> 319 (138)
88 -> 331 (110)
88 -> 343 (56)
89 -> 265 (134)
90 -> 265 (131)
90 -> 311 (57)
91 -> 61 (124)
91 -> 245 (7)
93 -> 311 (88)
94 -> 148 (126)
95 -> 89 (50)
95 -> 153 (10)
95 -> 169 (184)
95 -> 193 (182)
95 -> 240 (104)
95 -> 271 (114)
95 -> 287 (147)
95 -> 296 (105)
95 -> 310 (14)
95 -> 314 (84)
95 -> 324 (141)
95 -> 328 (126)
95 -> 344 (141)
95 -> 360 (198)
95 -> 378 (35)
95 -> 379 (29)
95 -> 380 (117)
95 -> 398 (131)
96 -> 3 (127)
97 -> 61 (124)
98 -> 12 (184)
98 -> 61 (180)
98 -> 70 (93)
98 -> 99 (90)
98 -> 148 (46)
98 -> 165 (67)
98 -> 167 (67)
98 -> 171 (17)
98 -> 172 (112)
98 -> 183 (110)
98 -> 184 (53)
98 -> 198 (136)
98 -> 200 (153)
98 -> 234 (184)
98 -> 266 (96)
98 -> 273 (121)
98 -> 288 (73)
98 -> 301 (157)
98 -> 303 (184)
98 -> 307 (135)
98 -> 311 (71)
98 -> 334 (153)
98 -> 343 (58)
98 -> 345 (72)
98 -> 347 (112)
98 -> 394 (101)
99 -> 3 (189)
100 -> 3 (138)
100 -> 311 (2)
101 -> 148 (50)
102 -> 265 (87)
104 -> 311 (194)
105 -> 341 (157)
106 -> 61 (156)
107 -> 193 (112)
107 -> 265 (27)
108 -> 97 (39)
109 -> 148 (123)
110 -> 61 (97)
110 -> 240 (79)
111 -> 343 (116)
112 -> 245 (189)
113 -> 28 (126)
113 -> 40 (89)
113 -> 89 (84)
113 -> 140 (94)
113 -> 159 (1)
113 -> 245 (161)
113 -> 256 (151)
113 -> 258 (184)
113 -> 284 (129)
113 -> 325 (36)
114 -> 343 (158)
115 -> 3 (172)
117 -> 3 (142)
117 -> 34 (9)
117 -> 53 (10)
117 -> 56 (117)
117 -> 112 (116)
117 -> 251 (38)
117 -> 313 (169)
117 -> 336 (79)
117 -> 357 (64)
117 -> 374 (134)
117 -> 386 (19)
117 -> 393 (88)
117 -> 397 (168)
118 -> 61 (75)
118 -> 265 (118)
119 -> 193 (195)
120 -> 311 (182)
121 -> 3 (166)
122 -> 61 (98)
122 -> 374 (21)
123 -> 61 (181)
124 -> 343 (49)
125 -> 3 (68)
128 -> 148 (170)
129 -> 240 (166)
130 -> 311 (159)
131 -> 240 (98)
131 -> 265 (99)
132 -> 343 (110)
133 -> 61 (120)
134 -> 245 (173)
135 -> 3 (10)
135 -> 18 (2)
135 -> 61 (102)
135 -> 81 (120)
135 -> 110 (176)
135 -> 123 (69)
135 -> 148 (134)
135 -> 179 (119)
135 -> 193 (117)
135 -> 211 (152)
135 -> 235 (10)
135 -> 237 (75)
135 -> 240 (103)
135 -> 245 (40)
135 -> 252 (115)
135 -> 254 (127)
135 -> 261 (192)
135 -> 356 (75)
136 -> 265 (194)
137 -> 193 (63)
137 -> 265 (39)
138 -> 311 (49)
139 -> 343 (144)
140 -> 3 (94)
141 -> 3 (113)
141 -> 311 (55)
142 -> 3 (194)
143 -> 1 (21)
143 -> 3 (82)
143 -> 35 (183)
143 -> 108 (15)
143 -> 172 (38)
143 -> 187 (24)
143 -> 196 (171)
143 -> 202 (181)
143 -> 240 (96)
143 -> 343 (73)
143 -> 370 (3)
143 -> 372 (185)
144 -> 115 (172)
145 -> 202 (2)
146 -> 17 (86)
146 -> 22 (39)
146 -> 61 (71)
146 -> 68 (144)
146 -> 175 (163)
146 -> 188 (113)
146 -> 213 (138)
146 -> 227 (46)
146 -> 234 (7)
146 -> 265 (8)
146 -> 282 (178)
146 -> 290 (37)
146 -> 329 (146)
146 -> 393 (62)
147 -> 343 (163)
149 -> 245 (193)
150 -> 240 (193)
151 -> 3 (136)
151 -> 245 (39)
152 -> 129 (96)
152 -> 148 (31)
152 -> 151 (175)
152 -> 156 (7)
152 -> 198 (6)
152 -> 241 (106)
152 -> 312 (176)
152 -> 353 (161)
153 -> 265 (108)
154 -> 193 (185)
155 -> 61 (164)
156 -> 150 (7)
157 -> 240 (58)
159 -> 311 (151)
160 -> 305 (42)
161 -> 61 (157)
161 -> 265 (34)
162 -> 245 (179)
163 -> 193 (13)
164 -> 240 (84)
164 -> 245 (21)
165 -> 148 (131)
167 -> 343 (67)
168 -> 311 (138)
169 -> 3 (184)
171 -> 265 (54)
172 -> 240 (150)
173 -> 3 (107)
174 -> 148 (194)
175 -> 193 (148)
175 -> 343 (15)
176 -> 122 (119)
176 -> 142 (84)
176 -> 209 (117)
176 -> 265 (182)
176 -> 306 (194)
176 -> 311 (41)
176 -> 343 (136)
177 -> 245 (136)
177 -> 265 (62)
178 -> 265 (108)
178 -> 343 (43)
179 -> 240 (131)
180 -> 3 (188)
180 -> 193 (4)
181 -> 340 (80)
182 -> 245 (129)
183 -> 193 (164)
184 -> 343 (154)
185 -> 245 (118)
186 -> 245 (47)
187 -> 245 (155)
188 -> 343 (120)
190 -> 343 (146)
191 -> 265 (66)
194 -> 3 (140)
195 -> 3 (105)
195 -> 148 (61)
196 -> 240 (193)
198 -> 311 (142)
200 -> 265 (153)
201 -> 265 (19)
202 -> 193 (183)
203 -> 193 (164)
204 -> 245 (26)
205 -> 343 (156)
206 -> 3 (98)
206 -> 193 (32)
207 -> 8 (8)
207 -> 47 (180)
207 -> 82 (114)
207 -> 148 (148)
207 -> 240 (103)
207 -> 248 (156)
207 -> 276 (183)
207 -> 280 (177)
207 -> 358 (141)
207 -> 381 (139)
208 -> 240 (165)
209 -> 265 (200)
210 -> 311 (195)
211 -> 3 (152)
212 -> 240 (193)
212 -> 251 (132)
212 -> 265 (44)
212 -> 333 (177)
212 -> 367 (3)
212 -> 375 (96)
212 -> 384 (147)
213 -> 148 (119)
213 -> 343 (19)
214 -> 265 (63)
215 -> 148 (30)
215 -> 265 (133)
215 -> 385 (112)
217 -> 104 (20)
217 -> 193 (89)
218 -> 61 (19)
218 -> 311 (32)
219 -> 265 (131)
219 -> 311 (11)
220 -> 109 (8)
220 -> 164 (190)
220 -> 168 (138)
220 -> 174 (194)
220 -> 186 (47)
220 -> 190 (70)
220 -> 193 (33)
220 -> 221 (131)
220 -> 342 (191)
221 -> 61 (133)
222 -> 240 (57)
223 -> 148 (172)
224 -> 148 (187)
225 -> 193 (179)
225 -> 240 (5)
226 -> 240 (116)
226 -> 265 (64)
227 -> 3 (143)
228 -> 61 (144)
228 -> 120 (39)
228 -> 183 (54)
228 -> 224 (155)
228 -> 240 (119)
228 -> 375 (104)
229 -> 61 (166)
231 -> 196 (22)
231 -> 245 (158)
231 -> 252 (29)
231 -> 273 (44)
231 -> 307 (29)
231 -> 366 (76)
231 -> 399 (95)
232 -> 3 (45)
232 -> 68 (37)
232 -> 148 (85)
232 -> 217 (109)
232 -> 284 (6)
232 -> 317 (172)
232 -> 382 (52)
232 -> 391 (61)
233 -> 245 (195)
233 -> 325 (6)
234 -> 148 (191)
235 -> 265 (25)
236 -> 3 (131)
236 -> 47 (5)
236 -> 136 (63)
236 -> 193 (19)
236 -> 245 (69)
236 -> 265 (11)
236 -> 326 (62)
237 -> 148 (77)
239 -> 193 (111)
241 -> 311 (155)
243 -> 245 (55)
243 -> 343 (26)
244 -> 148 (127)
244 -> 311 (39)
246 -> 311 (121)
247 -> 311 (91)
248 -> 61 (156)
250 -> 240 (73)
250 -> 265 (92)
251 -> 3 (200)
252 -> 3 (144)
253 -> 240 (147)
253 -> 265 (53)
254 -> 343 (127)
255 -> 305 (11)
256 -> 3 (84)
256 -> 240 (67)
257 -> 61 (161)
257 -> 112 (73)
257 -> 148 (93)
257 -> 193 (120)
258 -> 148 (184)
259 -> 3 (194)
260 -> 148 (103)
261 -> 148 (177)
261 -> 265 (15)
262 -> 25 (170)
262 -> 193 (13)
262 -> 245 (97)
262 -> 351 (118)
263 -> 62 (154)
263 -> 138 (49)
263 -> 148 (48)
263 -> 240 (102)
263 -> 267 (190)
264 -> 3 (56)
266 -> 61 (96)
267 -> 61 (108)
267 -> 311 (82)
268 -> 3 (166)
269 -> 3 (31)
269 -> 44 (70)
269 -> 61 (35)
269 -> 150 (186)
269 -> 240 (22)
270 -> 193 (29)
271 -> 3 (114)
272 -> 148 (187)
272 -> 368 (10)
273 -> 193 (165)
274 -> 304 (148)
274 -> 381 (39)
275 -> 61 (65)
276 -> 148 (127)
276 -> 311 (56)
277 -> 3 (61)
277 -> 311 (115)
278 -> 193 (160)
278 -> 265 (29)
279 -> 193 (172)
279 -> 240 (13)
280 -> 3 (128)
280 -> 193 (49)
281 -> 245 (140)
282 -> 148 (130)
282 -> 311 (48)
283 -> 191 (66)
284 -> 3 (135)
285 -> 245 (187)
286 -> 265 (78)
287 -> 193 (111)
287 -> 245 (36)
288 -> 3 (73)
289 -> 3 (135)
290 -> 311 (37)
291 -> 61 (159)
291 -> 148 (6)
292 -> 245 (123)
293 -> 61 (42)
294 -> 61 (193)
294 -> 193 (186)
295 -> 275 (30)
296 -> 3 (105)
297 -> 265 (96)
299 -> 193 (131)
300 -> 311 (122)
301 -> 61 (150)
301 -> 240 (7)
302 -> 311 (19)
303 -> 3 (142)
303 -> 193 (42)
304 -> 265 (148)
305 -> 265 (53)
306 -> 148 (180)
306 -> 245 (14)
307 -> 311 (164)
308 -> 61 (116)
308 -> 311 (80)
309 -> 61 (90)
309 -> 240 (124)
309 -> 265 (43)
310 -> 3 (118)
312 -> 148 (165)
312 -> 311 (11)
313 -> 245 (135)
313 -> 311 (34)
314 -> 61 (187)
315 -> 3 (121)
315 -> 61 (124)
315 -> 240 (180)
316 -> 3 (66)
316 -> 245 (88)
317 -> 265 (128)
317 -> 343 (44)
318 -> 39 (6)
318 -> 245 (18)
318 -> 389 (148)
319 -> 148 (138)
320 -> 275 (35)
321 -> 61 (92)
321 -> 144 (4)
323 -> 148 (142)
324 -> 240 (141)
325 -> 240 (42)
326 -> 245 (62)
328 -> 240 (126)
329 -> 3 (146)
330 -> 311 (64)
331 -> 343 (110)
332 -> 61 (180)
333 -> 148 (177)
334 -> 148 (153)
335 -> 240 (125)
336 -> 61 (131)
337 -> 265 (195)
338 -> 265 (83)
340 -> 265 (80)
341 -> 61 (172)
342 -> 245 (191)
344 -> 193 (141)
345 -> 311 (72)
347 -> 3 (112)
348 -> 3 (186)
348 -> 61 (38)
348 -> 193 (181)
348 -> 265 (140)
349 -> 311 (114)
350 -> 193 (115)
351 -> 193 (118)
352 -> 240 (16)
353 -> 311 (161)
354 -> 106 (64)
354 -> 240 (72)
356 -> 311 (192)
357 -> 61 (172)
358 -> 0 (49)
358 -> 106 (92)
359 -> 221 (2)
359 -> 265 (110)
360 -> 3 (156)
360 -> 343 (42)
361 -> 240 (56)
361 -> 399 (30)
362 -> 251 (30)
362 -> 398 (39)
364 -> 193 (184)
365 -> 148 (142)
366 -> 245 (76)
367 -> 188 (7)
368 -> 245 (135)
369 -> 61 (81)
369 -> 343 (93)
370 -> 193 (128)
371 -> 61 (179)
372 -> 61 (169)
372 -> 148 (16)
374 -> 63 (155)
375 -> 265 (200)
376 -> 240 (138)
378 -> 240 (150)
379 -> 193 (111)
380 -> 240 (117)
381 -> 193 (178)
382 -> 193 (188)
383 -> 311 (44)
384 -> 193 (147)
385 -> 3 (168)
386 -> 343 (165)
387 -> 125 (68)
387 -> 237 (2)
387 -> 245 (25)
387 -> 311 (42)
388 -> 3 (3)
388 -> 148 (131)
389 -> 245 (187)
390 -> 240 (66)
391 -> 311 (187)
392 -> 148 (122)
393 -> 311 (150)
394 -> 343 (101)
395 -> 226 (180)
395 -> 265 (48)
397 -> 343 (168)
398 -> 3 (170)
399 -> 368 (125)
Fluxo: 49780
Arestas removidas: 12414

--Rotas do 2º turno-----------------------------
0 -> 265 (187)
1 -> 343 (113)
2 -> 49 (124)
2 -> 62 (34)
2 -> 289 (9)
4 -> 32 (45)
5 -> 13 (119)
5 -> 18 (181)
5 -> 104 (174)
5 -> 154 (85)
5 -> 245 (163)
6 -> 240 (104)
6 -> 343 (35)
7 -> 311 (135)
7 -> 343 (55)
8 -> 148 (172)
9 -> 134 (173)
10 -> 193 (134)
10 -> 265 (33)
11 -> 3 (97)
11 -> 148 (70)
12 -> 305 (12)
12 -> 343 (184)
13 -> 265 (129)
15 -> 3 (120)
17 -> 240 (198)
18 -> 3 (183)
20 -> 7 (190)
20 -> 61 (138)
20 -> 80 (75)
21 -> 193 (136)
22 -> 3 (123)
24 -> 240 (142)
25 -> 3 (164)
25 -> 245 (6)
26 -> 265 (130)
27 -> 3 (180)
27 -> 6 (139)
27 -> 8 (172)
27 -> 10 (167)
27 -> 29 (138)
27 -> 36 (107)
27 -> 54 (128)
27 -> 119 (180)
27 -> 130 (159)
27 -> 131 (197)
27 -> 141 (168)
27 -> 155 (164)
27 -> 161 (158)
27 -> 219 (142)
27 -> 253 (180)
28 -> 193 (52)
28 -> 265 (74)
29 -> 148 (138)
30 -> 193 (135)
31 -> 343 (57)
32 -> 240 (129)
33 -> 3 (165)
33 -> 193 (29)
34 -> 148 (96)
35 -> 311 (183)
36 -> 240 (104)
36 -> 343 (3)
37 -> 99 (52)
37 -> 265 (32)
37 -> 299 (10)
38 -> 240 (143)
39 -> 265 (188)
41 -> 9 (17)
41 -> 114 (40)
42 -> 193 (91)
43 -> 245 (65)
44 -> 265 (70)
45 -> 193 (111)
45 -> 343 (28)
47 -> 3 (185)
49 -> 4 (36)
49 -> 265 (88)
50 -> 193 (143)
52 -> 3 (45)
52 -> 289 (69)
53 -> 193 (47)
54 -> 193 (128)
55 -> 3 (114)
56 -> 3 (81)
56 -> 311 (36)
59 -> 0 (138)
59 -> 33 (194)
59 -> 96 (39)
60 -> 240 (164)
61 -> 240 (125)
62 -> 90 (188)
63 -> 245 (152)
65 -> 136 (47)
66 -> 265 (162)
67 -> 17 (95)
67 -> 38 (34)
67 -> 245 (41)
68 -> 3 (181)
69 -> 391 (14)
70 -> 3 (93)
72 -> 11 (167)
72 -> 77 (125)
72 -> 79 (131)
72 -> 139 (91)
72 -> 147 (163)
72 -> 148 (168)
72 -> 177 (198)
72 -> 178 (89)
72 -> 193 (135)
72 -> 245 (178)
73 -> 61 (161)
76 -> 193 (38)
77 -> 311 (175)
79 -> 311 (160)
80 -> 3 (75)
81 -> 343 (182)
82 -> 3 (114)
83 -> 24 (142)
83 -> 30 (105)
83 -> 39 (182)
83 -> 45 (139)
83 -> 61 (169)
83 -> 67 (170)
83 -> 69 (14)
83 -> 76 (38)
83 -> 97 (85)
83 -> 111 (66)
83 -> 114 (118)
83 -> 127 (69)
83 -> 129 (70)
83 -> 137 (102)
83 -> 139 (53)
83 -> 193 (11)
83 -> 194 (140)
83 -> 204 (26)
83 -> 205 (146)
83 -> 208 (165)
83 -> 250 (165)
83 -> 272 (187)
83 -> 311 (131)
83 -> 337 (74)
83 -> 343 (189)
83 -> 392 (122)
84 -> 148 (101)
87 -> 5 (144)
87 -> 21 (136)
87 -> 30 (30)
87 -> 37 (94)
87 -> 52 (114)
87 -> 55 (114)
87 -> 65 (47)
87 -> 73 (100)
87 -> 79 (29)
87 -> 84 (101)
87 -> 93 (88)
87 -> 101 (132)
87 -> 109 (115)
87 -> 121 (124)
87 -> 158 (186)
87 -> 182 (129)
87 -> 184 (101)
87 -> 185 (118)
87 -> 201 (19)
87 -> 203 (164)
87 -> 210 (148)
87 -> 214 (80)
87 -> 218 (116)
87 -> 243 (81)
87 -> 259 (119)
87 -> 268 (58)
87 -> 281 (131)
87 -> 292 (132)
87 -> 311 (77)
87 -> 330 (64)
87 -> 337 (111)
87 -> 350 (115)
87 -> 354 (72)
87 -> 356 (98)
87 -> 359 (137)
87 -> 369 (161)
87 -> 376 (127)
88 -> 2 (167)
88 -> 41 (57)
88 -> 60 (164)
88 -> 73 (25)
88 -> 81 (62)
88 -> 87 (36)
88 -> 107 (139)
88 -> 116 (122)
88 -> 119 (15)
88 -> 124 (127)
88 -> 149 (166)
88 -> 157 (125)
88 -> 163 (13)
88 -> 170 (56)
88 -> 181 (80)
88 -> 193 (175)
88 -> 199 (172)
88 -> 210 (47)
88 -> 223 (172)
88 -> 245 (84)
88 -> 246 (90)
88 -> 247 (100)
88 -> 265 (101)
88 -> 278 (189)
88 -> 281 (9)
88 -> 285 (147)
88 -> 302 (74)
88 -> 308 (140)
88 -> 310 (104)
88 -> 319 (148)
88 -> 331 (138)
88 -> 337 (10)
88 -> 343 (56)
88 -> 352 (16)
88 -> 376 (4)
89 -> 265 (134)
90 -> 265 (131)
90 -> 311 (57)
93 -> 311 (88)
95 -> 20 (160)
95 -> 72 (139)
95 -> 89 (50)
95 -> 116 (68)
95 -> 127 (15)
95 -> 153 (71)
95 -> 169 (184)
95 -> 193 (182)
95 -> 205 (10)
95 -> 233 (28)
95 -> 240 (104)
95 -> 271 (154)
95 -> 287 (147)
95 -> 296 (171)
95 -> 310 (14)
95 -> 314 (8)
95 -> 324 (177)
95 -> 328 (126)
95 -> 338 (110)
95 -> 344 (150)
95 -> 360 (198)
95 -> 373 (39)
95 -> 378 (110)
95 -> 379 (104)
95 -> 380 (117)
95 -> 398 (131)
96 -> 3 (39)
97 -> 61 (98)
98 -> 12 (196)
98 -> 61 (180)
98 -> 70 (93)
98 -> 99 (131)
98 -> 121 (42)
98 -> 126 (73)
98 -> 160 (30)
98 -> 165 (12)
98 -> 167 (67)
98 -> 171 (54)
98 -> 172 (112)
98 -> 183 (110)
98 -> 184 (53)
98 -> 198 (136)
98 -> 200 (153)
98 -> 222 (57)
98 -> 262 (124)
98 -> 266 (70)
98 -> 273 (121)
98 -> 288 (73)
98 -> 301 (96)
98 -> 303 (184)
98 -> 307 (135)
98 -> 311 (71)
98 -> 335 (125)
98 -> 343 (58)
98 -> 345 (72)
98 -> 347 (112)
98 -> 394 (101)
99 -> 3 (189)
101 -> 38 (82)
101 -> 148 (50)
102 -> 132 (87)
102 -> 265 (87)
104 -> 311 (194)
107 -> 193 (112)
107 -> 265 (27)
108 -> 97 (13)
109 -> 148 (115)
110 -> 240 (174)
110 -> 311 (2)
111 -> 343 (116)
112 -> 245 (189)
113 -> 28 (126)
113 -> 89 (84)
113 -> 140 (94)
113 -> 159 (117)
113 -> 245 (161)
114 -> 343 (158)
115 -> 3 (172)
116 -> 59 (190)
117 -> 3 (142)
117 -> 34 (96)
117 -> 50 (80)
117 -> 53 (47)
117 -> 56 (117)
117 -> 112 (116)
117 -> 246 (16)
117 -> 251 (38)
117 -> 270 (29)
117 -> 295 (24)
117 -> 313 (169)
117 -> 332 (5)
117 -> 374 (134)
117 -> 386 (129)
117 -> 393 (88)
117 -> 397 (168)
119 -> 193 (195)
120 -> 311 (182)
121 -> 3 (166)
122 -> 374 (18)
124 -> 286 (78)
124 -> 343 (49)
125 -> 3 (68)
126 -> 364 (73)
127 -> 32 (84)
129 -> 240 (166)
130 -> 311 (159)
131 -> 240 (98)
131 -> 265 (99)
132 -> 343 (87)
134 -> 245 (173)
135 -> 3 (10)
135 -> 13 (10)
135 -> 18 (2)
135 -> 27 (121)
135 -> 61 (102)
135 -> 73 (36)
135 -> 81 (120)
135 -> 110 (176)
135 -> 113 (93)
135 -> 148 (134)
135 -> 179 (131)
135 -> 193 (117)
135 -> 211 (152)
135 -> 235 (25)
135 -> 237 (75)
135 -> 240 (103)
135 -> 245 (40)
135 -> 252 (115)
135 -> 254 (127)
135 -> 261 (141)
135 -> 285 (40)
135 -> 356 (94)
135 -> 378 (40)
136 -> 265 (194)
137 -> 193 (63)
137 -> 265 (39)
138 -> 311 (49)
139 -> 343 (144)
140 -> 3 (94)
141 -> 3 (113)
141 -> 311 (55)
142 -> 3 (110)
143 -> 1 (113)
143 -> 3 (82)
143 -> 35 (183)
143 -> 77 (50)
143 -> 108 (13)
143 -> 145 (41)
143 -> 172 (38)
143 -> 187 (91)
143 -> 196 (171)
143 -> 202 (181)
143 -> 240 (96)
143 -> 343 (73)
143 -> 370 (114)
143 -> 379 (7)
144 -> 115 (172)
145 -> 144 (39)
145 -> 202 (2)
146 -> 17 (103)
146 -> 22 (123)
146 -> 68 (144)
146 -> 175 (163)
146 -> 188 (113)
146 -> 213 (84)
146 -> 227 (124)
146 -> 265 (8)
146 -> 282 (152)
146 -> 290 (37)
146 -> 329 (146)
146 -> 370 (14)
146 -> 393 (62)
147 -> 343 (163)
148 -> 245 (126)
149 -> 245 (193)
150 -> 240 (193)
151 -> 3 (136)
151 -> 245 (39)
152 -> 129 (96)
152 -> 151 (175)
152 -> 156 (7)
152 -> 198 (6)
152 -> 241 (155)
152 -> 312 (176)
152 -> 353 (161)
153 -> 265 (108)
154 -> 193 (85)
155 -> 245 (164)
156 -> 150 (7)
157 -> 144 (67)
157 -> 240 (58)
158 -> 99 (6)
158 -> 299 (121)
158 -> 364 (59)
159 -> 311 (117)
160 -> 305 (30)
161 -> 265 (158)
162 -> 245 (179)
163 -> 193 (13)
164 -> 240 (84)
164 -> 245 (106)
165 -> 385 (12)
167 -> 343 (67)
168 -> 311 (138)
169 -> 3 (184)
170 -> 239 (56)
171 -> 265 (54)
172 -> 240 (150)
173 -> 3 (96)
174 -> 240 (145)
175 -> 193 (148)
175 -> 343 (15)
176 -> 43 (65)
176 -> 66 (153)
176 -> 122 (18)
176 -> 142 (110)
176 -> 162 (160)
176 -> 209 (165)
176 -> 265 (182)
176 -> 306 (83)
176 -> 311 (41)
176 -> 343 (136)
176 -> 376 (7)
177 -> 245 (136)
177 -> 265 (62)
178 -> 265 (89)
179 -> 240 (131)
181 -> 340 (80)
182 -> 245 (129)
183 -> 193 (164)
184 -> 343 (154)
185 -> 245 (118)
186 -> 102 (174)
187 -> 245 (155)
188 -> 343 (120)
190 -> 343 (146)
191 -> 256 (79)
191 -> 265 (66)
194 -> 3 (140)
196 -> 240 (193)
197 -> 173 (96)
198 -> 311 (142)
199 -> 26 (100)
199 -> 38 (27)
199 -> 284 (45)
200 -> 265 (153)
201 -> 265 (19)
202 -> 193 (183)
203 -> 193 (164)
204 -> 245 (26)
205 -> 343 (156)
207 -> 47 (180)
207 -> 82 (114)
207 -> 148 (148)
207 -> 149 (27)
207 -> 240 (103)
207 -> 248 (156)
207 -> 276 (119)
207 -> 280 (177)
207 -> 358 (49)
207 -> 381 (139)
208 -> 240 (165)
209 -> 265 (200)
210 -> 311 (195)
211 -> 3 (152)
212 -> 66 (9)
212 -> 111 (50)
212 -> 187 (64)
212 -> 197 (96)
212 -> 240 (193)
212 -> 251 (132)
212 -> 265 (44)
212 -> 367 (7)
212 -> 375 (96)
212 -> 383 (44)
212 -> 384 (147)
213 -> 343 (84)
214 -> 265 (63)
214 -> 289 (4)
214 -> 364 (13)
215 -> 265 (133)
217 -> 104 (20)
217 -> 193 (89)
218 -> 136 (31)
218 -> 289 (53)
218 -> 311 (32)
219 -> 265 (131)
219 -> 311 (11)
220 -> 164 (190)
220 -> 168 (138)
220 -> 174 (145)
220 -> 186 (174)
220 -> 190 (133)
220 -> 193 (33)
220 -> 209 (35)
220 -> 215 (133)
220 -> 227 (19)
220 -> 342 (191)
220 -> 373 (49)
222 -> 240 (57)
223 -> 148 (172)
226 -> 240 (116)
226 -> 265 (64)
227 -> 3 (143)
228 -> 61 (144)
228 -> 153 (37)
228 -> 162 (19)
228 -> 183 (54)
228 -> 240 (119)
228 -> 268 (3)
228 -> 375 (104)
231 -> 15 (110)
231 -> 196 (22)
231 -> 245 (158)
231 -> 252 (29)
231 -> 273 (44)
231 -> 307 (29)
231 -> 366 (76)
231 -> 399 (95)
232 -> 3 (45)
232 -> 68 (37)
232 -> 148 (85)
232 -> 217 (109)
232 -> 284 (62)
232 -> 317 (172)
232 -> 382 (162)
232 -> 391 (128)
233 -> 245 (195)
235 -> 265 (25)
236 -> 3 (131)
236 -> 47 (5)
236 -> 136 (116)
236 -> 193 (19)
236 -> 233 (42)
236 -> 245 (69)
236 -> 265 (11)
236 -> 268 (105)
236 -> 297 (52)
236 -> 326 (62)
236 -> 382 (26)
237 -> 50 (63)
237 -> 389 (12)
239 -> 193 (111)
241 -> 311 (155)
243 -> 245 (55)
243 -> 343 (26)
246 -> 311 (121)
247 -> 311 (91)
247 -> 386 (9)
248 -> 277 (156)
250 -> 240 (73)
250 -> 265 (92)
251 -> 3 (200)
252 -> 3 (144)
253 -> 240 (147)
253 -> 265 (33)
254 -> 343 (127)
256 -> 3 (84)
257 -> 61 (161)
257 -> 112 (73)
257 -> 148 (93)
257 -> 193 (120)
259 -> 3 (119)
261 -> 265 (141)
262 -> 25 (170)
262 -> 245 (97)
262 -> 351 (118)
263 -> 62 (154)
263 -> 138 (49)
263 -> 148 (48)
263 -> 240 (102)
263 -> 246 (15)
263 -> 267 (183)
264 -> 3 (56)
266 -> 61 (96)
267 -> 311 (183)
268 -> 3 (166)
269 -> 3 (31)
269 -> 44 (70)
269 -> 150 (186)
269 -> 240 (22)
270 -> 193 (29)
271 -> 3 (114)
271 -> 26 (30)
271 -> 364 (10)
272 -> 148 (187)
273 -> 193 (165)
274 -> 297 (44)
274 -> 304 (148)
274 -> 381 (39)
276 -> 311 (119)
277 -> 3 (61)
277 -> 311 (95)
278 -> 193 (160)
278 -> 265 (29)
280 -> 3 (128)
280 -> 193 (49)
281 -> 245 (140)
282 -> 311 (152)
283 -> 31 (57)
283 -> 191 (145)
283 -> 264 (56)
284 -> 3 (135)
285 -> 245 (187)
286 -> 265 (78)
287 -> 193 (111)
287 -> 245 (36)
288 -> 3 (73)
289 -> 3 (135)
290 -> 311 (37)
292 -> 4 (9)
292 -> 245 (123)
294 -> 61 (193)
294 -> 193 (186)
295 -> 364 (24)
296 -> 3 (105)
296 -> 144 (66)
297 -> 265 (96)
299 -> 193 (131)
300 -> 311 (122)
301 -> 240 (96)
302 -> 239 (55)
302 -> 311 (19)
303 -> 3 (142)
303 -> 193 (42)
304 -> 265 (148)
305 -> 265 (53)
306 -> 245 (83)
307 -> 311 (164)
308 -> 311 (140)
309 -> 42 (91)
309 -> 240 (124)
309 -> 265 (43)
310 -> 3 (118)
312 -> 311 (176)
313 -> 245 (135)
313 -> 311 (34)
314 -> 385 (8)
315 -> 3 (121)
315 -> 61 (124)
315 -> 240 (180)
316 -> 3 (66)
316 -> 245 (88)
316 -> 325 (47)
317 -> 265 (128)
317 -> 343 (44)
318 -> 39 (6)
318 -> 245 (18)
318 -> 389 (148)
319 -> 385 (148)
324 -> 240 (141)
324 -> 300 (25)
324 -> 305 (11)
325 -> 240 (42)
325 -> 256 (5)
326 -> 245 (62)
328 -> 240 (126)
329 -> 3 (146)
330 -> 311 (64)
331 -> 284 (28)
331 -> 343 (110)
332 -> 364 (5)
335 -> 240 (125)
337 -> 265 (195)
338 -> 265 (83)
338 -> 386 (27)
340 -> 265 (80)
342 -> 245 (191)
344 -> 193 (141)
344 -> 300 (9)
345 -> 311 (72)
347 -> 3 (112)
348 -> 3 (186)
348 -> 9 (156)
348 -> 193 (181)
348 -> 265 (140)
350 -> 193 (115)
351 -> 193 (118)
352 -> 240 (16)
353 -> 311 (161)
354 -> 240 (72)
356 -> 311 (192)
358 -> 0 (49)
359 -> 265 (110)
359 -> 389 (27)
360 -> 3 (156)
360 -> 343 (42)
361 -> 240 (56)
361 -> 399 (40)
362 -> 251 (30)
362 -> 398 (39)
364 -> 193 (184)
365 -> 15 (10)
365 -> 148 (142)
365 -> 266 (26)
366 -> 245 (76)
367 -> 188 (7)
368 -> 245 (135)
369 -> 343 (161)
370 -> 193 (128)
373 -> 300 (88)
374 -> 63 (152)
375 -> 265 (200)
376 -> 240 (138)
378 -> 240 (150)
379 -> 193 (111)
380 -> 240 (117)
381 -> 193 (178)
382 -> 193 (188)
383 -> 311 (44)
384 -> 193 (147)
385 -> 3 (168)
386 -> 343 (165)
387 -> 120 (182)
387 -> 125 (68)
387 -> 245 (25)
387 -> 311 (42)
387 -> 391 (45)
388 -> 3 (3)
388 -> 148 (131)
388 -> 190 (13)
389 -> 245 (187)
390 -> 240 (66)
391 -> 311 (187)
392 -> 148 (122)
393 -> 311 (150)
394 -> 343 (101)
395 -> 226 (180)
395 -> 265 (48)
397 -> 343 (168)
398 -> 3 (170)
399 -> 368 (135)
Fluxo: 39812
Arestas removidas: 13040

--Rotas do 3º turno-----------------------------
0 -> 265 (102)
1 -> 289 (47)
1 -> 343 (113)
2 -> 49 (124)
4 -> 32 (36)
7 -> 311 (135)
7 -> 343 (25)
8 -> 27 (59)
9 -> 134 (173)
11 -> 3 (8)
12 -> 343 (184)
13 -> 265 (129)
15 -> 3 (120)
17 -> 240 (198)
18 -> 3 (183)
20 -> 7 (160)
21 -> 193 (136)
22 -> 3 (123)
24 -> 240 (142)
25 -> 3 (164)
25 -> 245 (6)
26 -> 265 (130)
27 -> 3 (180)
28 -> 193 (52)
28 -> 265 (33)
30 -> 193 (135)
31 -> 343 (57)
32 -> 240 (120)
35 -> 311 (183)
37 -> 144 (27)
37 -> 265 (32)
38 -> 240 (143)
39 -> 265 (182)
41 -> 114 (85)
42 -> 193 (91)
43 -> 245 (65)
44 -> 265 (70)
47 -> 3 (185)
48 -> 98 (31)
49 -> 4 (36)
49 -> 265 (88)
50 -> 193 (143)
51 -> 214 (21)
52 -> 289 (70)
53 -> 99 (12)
53 -> 193 (47)
53 -> 385 (74)
54 -> 193 (60)
55 -> 3 (50)
56 -> 3 (81)
56 -> 311 (36)
58 -> 38 (41)
58 -> 185 (15)
58 -> 391 (16)
60 -> 240 (164)
61 -> 240 (125)
62 -> 90 (188)
63 -> 245 (152)
65 -> 389 (39)
66 -> 265 (162)
67 -> 245 (41)
68 -> 3 (181)
72 -> 193 (135)
72 -> 245 (4)
75 -> 99 (167)
76 -> 193 (38)
77 -> 311 (175)
78 -> 136 (11)
78 -> 329 (50)
79 -> 311 (160)
81 -> 343 (182)
82 -> 3 (114)
82 -> 359 (50)
83 -> 343 (189)
87 -> 21 (136)
87 -> 55 (50)
88 -> 41 (85)
88 -> 60 (164)
88 -> 81 (62)
88 -> 107 (139)
88 -> 149 (166)
88 -> 157 (103)
88 -> 181 (80)
88 -> 193 (175)
88 -> 210 (189)
88 -> 245 (84)
88 -> 246 (90)
88 -> 247 (91)
88 -> 265 (101)
88 -> 278 (189)
88 -> 281 (102)
88 -> 285 (147)
88 -> 308 (140)
88 -> 322 (61)
89 -> 265 (134)
90 -> 265 (131)
90 -> 311 (57)
92 -> 300 (112)
93 -> 311 (88)
95 -> 20 (160)
95 -> 58 (72)
95 -> 72 (139)
95 -> 116 (178)
95 -> 127 (80)
95 -> 153 (71)
95 -> 169 (186)
95 -> 193 (182)
95 -> 205 (195)
95 -> 233 (28)
95 -> 240 (104)
95 -> 271 (154)
95 -> 287 (147)
95 -> 296 (171)
95 -> 310 (161)
95 -> 314 (145)
95 -> 324 (177)
95 -> 330 (134)
95 -> 338 (168)
95 -> 344 (150)
95 -> 346 (66)
95 -> 360 (198)
95 -> 373 (24)
95 -> 378 (110)
95 -> 379 (104)
95 -> 380 (117)
95 -> 392 (6)
95 -> 398 (131)
98 -> 200 (153)
99 -> 3 (189)
102 -> 132 (87)
102 -> 265 (87)
104 -> 311 (67)
106 -> 354 (39)
107 -> 193 (112)
107 -> 265 (27)
110 -> 240 (174)
110 -> 311 (2)
111 -> 343 (116)
112 -> 245 (189)
114 -> 343 (158)
115 -> 3 (172)
116 -> 299 (131)
116 -> 329 (47)
117 -> 3 (142)
117 -> 48 (31)
117 -> 50 (80)
117 -> 53 (133)
117 -> 56 (117)
117 -> 112 (116)
117 -> 242 (124)
117 -> 251 (38)
117 -> 270 (107)
117 -> 295 (86)
117 -> 313 (169)
117 -> 336 (61)
117 -> 357 (34)
117 -> 374 (134)
117 -> 386 (129)
117 -> 393 (88)
117 -> 396 (122)
117 -> 397 (168)
119 -> 193 (195)
120 -> 311 (182)
121 -> 3 (166)
122 -> 374 (18)
124 -> 343 (49)
125 -> 3 (68)
127 -> 32 (84)
129 -> 240 (166)
130 -> 311 (159)
132 -> 343 (87)
134 -> 245 (173)
135 -> 3 (10)
135 -> 13 (109)
135 -> 27 (121)
135 -> 81 (120)
135 -> 110 (176)
135 -> 130 (110)
135 -> 148 (134)
135 -> 179 (180)
135 -> 193 (117)
135 -> 211 (152)
135 -> 235 (93)
135 -> 237 (75)
135 -> 240 (103)
135 -> 245 (40)
135 -> 252 (115)
135 -> 254 (128)
135 -> 261 (141)
135 -> 285 (40)
135 -> 356 (187)
135 -> 378 (40)
136 -> 265 (194)
137 -> 193 (63)
138 -> 311 (49)
139 -> 343 (144)
142 -> 3 (110)
143 -> 1 (160)
143 -> 3 (82)
143 -> 35 (183)
143 -> 52 (70)
143 -> 75 (167)
143 -> 77 (96)
143 -> 130 (49)
143 -> 137 (63)
143 -> 145 (91)
143 -> 172 (137)
143 -> 187 (91)
143 -> 192 (10)
143 -> 196 (171)
143 -> 202 (181)
143 -> 210 (6)
143 -> 240 (96)
143 -> 323 (183)
143 -> 343 (73)
143 -> 370 (114)
143 -> 371 (36)
143 -> 377 (69)
143 -> 379 (7)
144 -> 115 (172)
145 -> 144 (91)
146 -> 17 (103)
146 -> 22 (123)
146 -> 68 (144)
146 -> 124 (49)
146 -> 139 (113)
146 -> 175 (163)
146 -> 188 (113)
146 -> 213 (84)
146 -> 227 (124)
146 -> 265 (8)
146 -> 282 (152)
148 -> 11 (8)
148 -> 245 (126)
149 -> 245 (193)
150 -> 240 (193)
151 -> 3 (136)
151 -> 245 (39)
152 -> 129 (138)
152 -> 151 (175)
152 -> 156 (34)
152 -> 198 (89)
152 -> 241 (176)
152 -> 293 (49)
152 -> 302 (19)
152 -> 312 (176)
152 -> 353 (161)
153 -> 265 (108)
156 -> 38 (27)
156 -> 150 (7)
157 -> 125 (45)
157 -> 240 (58)
158 -> 87 (186)
160 -> 144 (54)
162 -> 245 (179)
163 -> 193 (13)
164 -> 240 (84)
164 -> 245 (106)
167 -> 343 (61)
169 -> 3 (184)
169 -> 221 (2)
171 -> 265 (54)
172 -> 240 (150)
173 -> 3 (96)
174 -> 240 (113)
175 -> 193 (148)
175 -> 343 (15)
176 -> 24 (125)
176 -> 43 (65)
176 -> 66 (153)
176 -> 121 (126)
176 -> 142 (110)
176 -> 162 (160)
176 -> 265 (182)
176 -> 306 (83)
176 -> 311 (41)
176 -> 343 (136)
179 -> 136 (49)
179 -> 240 (131)
181 -> 340 (80)
183 -> 193 (164)
184 -> 343 (154)
185 -> 245 (118)
186 -> 102 (174)
187 -> 245 (155)
188 -> 343 (120)
189 -> 186 (25)
190 -> 343 (146)
191 -> 256 (79)
191 -> 265 (66)
192 -> 99 (10)
196 -> 240 (193)
197 -> 173 (96)
198 -> 311 (142)
200 -> 265 (153)
201 -> 186 (149)
202 -> 193 (183)
204 -> 245 (26)
205 -> 65 (39)
205 -> 343 (156)
207 -> 8 (59)
207 -> 47 (180)
207 -> 78 (61)
207 -> 79 (145)
207 -> 82 (164)
207 -> 119 (172)
207 -> 139 (31)
207 -> 149 (27)
207 -> 240 (103)
207 -> 243 (81)
207 -> 248 (156)
207 -> 276 (119)
207 -> 280 (177)
207 -> 298 (29)
207 -> 332 (106)
207 -> 347 (25)
207 -> 352 (33)
207 -> 358 (141)
207 -> 381 (139)
208 -> 240 (165)
209 -> 265 (200)
210 -> 311 (195)
211 -> 3 (152)
212 -> 12 (159)
212 -> 66 (9)
212 -> 77 (79)
212 -> 111 (116)
212 -> 119 (23)
212 -> 121 (40)
212 -> 127 (4)
212 -> 171 (54)
212 -> 184 (154)
212 -> 187 (64)
212 -> 197 (96)
212 -> 201 (149)
212 -> 240 (193)
212 -> 251 (132)
212 -> 265 (44)
212 -> 323 (3)
212 -> 367 (7)
212 -> 375 (96)
212 -> 383 (44)
212 -> 384 (147)
213 -> 343 (84)
214 -> 265 (63)
215 -> 265 (133)
217 -> 104 (67)
217 -> 193 (89)
218 -> 311 (32)
220 -> 164 (190)
220 -> 174 (113)
221 -> 202 (2)
222 -> 240 (57)
224 -> 364 (42)
226 -> 240 (116)
226 -> 265 (64)
227 -> 3 (143)
228 -> 24 (17)
228 -> 61 (125)
228 -> 88 (62)
228 -> 146 (59)
228 -> 153 (37)
228 -> 158 (168)
228 -> 160 (54)
228 -> 162 (19)
228 -> 163 (13)
228 -> 183 (123)
228 -> 189 (25)
228 -> 198 (53)
228 -> 224 (42)
228 -> 240 (119)
228 -> 337 (114)
228 -> 375 (104)
228 -> 376 (88)
231 -> 15 (110)
231 -> 37 (59)
231 -> 67 (41)
231 -> 83 (183)
231 -> 92 (112)
231 -> 158 (18)
231 -> 172 (13)
231 -> 196 (22)
231 -> 227 (19)
231 -> 245 (158)
231 -> 252 (29)
231 -> 260 (153)
231 -> 273 (158)
231 -> 307 (143)
231 -> 321 (17)
231 -> 347 (87)
231 -> 366 (76)
231 -> 399 (95)
232 -> 3 (45)
232 -> 68 (37)
232 -> 98 (122)
232 -> 204 (26)
232 -> 209 (129)
232 -> 215 (133)
232 -> 217 (156)
232 -> 238 (64)
232 -> 284 (62)
232 -> 288 (12)
232 -> 317 (172)
232 -> 335 (125)
232 -> 337 (81)
232 -> 382 (162)
232 -> 391 (128)
233 -> 245 (195)
235 -> 265 (25)
235 -> 305 (13)
235 -> 385 (55)
236 -> 2 (124)
236 -> 3 (131)
236 -> 47 (5)
236 -> 136 (116)
236 -> 193 (19)
236 -> 233 (167)
236 -> 245 (69)
236 -> 265 (11)
236 -> 268 (166)
236 -> 326 (122)
236 -> 356 (5)
236 -> 382 (26)
236 -> 393 (62)
237 -> 38 (75)
238 -> 50 (63)
238 -> 300 (1)
239 -> 193 (111)
241 -> 307 (21)
241 -> 311 (155)
242 -> 51 (21)
242 -> 185 (103)
243 -> 245 (55)
243 -> 343 (26)
246 -> 311 (121)
247 -> 311 (91)
248 -> 277 (156)
251 -> 3 (200)
252 -> 3 (144)
254 -> 214 (1)
254 -> 343 (127)
256 -> 3 (79)
257 -> 18 (160)
257 -> 83 (6)
257 -> 93 (88)
257 -> 112 (73)
257 -> 193 (120)
257 -> 331 (47)
260 -> 262 (153)
261 -> 265 (141)
262 -> 25 (170)
263 -> 30 (134)
263 -> 62 (154)
263 -> 138 (49)
263 -> 222 (57)
263 -> 240 (102)
263 -> 246 (31)
263 -> 267 (183)
263 -> 331 (63)
264 -> 3 (56)
267 -> 311 (183)
268 -> 3 (166)
269 -> 3 (31)
269 -> 18 (23)
269 -> 44 (70)
269 -> 150 (186)
269 -> 240 (22)
269 -> 350 (115)
270 -> 193 (29)
270 -> 286 (78)
271 -> 3 (114)
271 -> 26 (40)
273 -> 193 (165)
274 -> 12 (25)
274 -> 30 (1)
274 -> 209 (71)
274 -> 288 (61)
274 -> 297 (96)
274 -> 304 (148)
274 -> 381 (39)
275 -> 122 (18)
276 -> 311 (119)
277 -> 3 (61)
277 -> 311 (95)
278 -> 193 (160)
278 -> 265 (29)
280 -> 3 (128)
280 -> 193 (49)
281 -> 245 (140)
282 -> 311 (152)
283 -> 31 (57)
283 -> 76 (38)
283 -> 79 (15)
283 -> 191 (145)
283 -> 220 (159)
283 -> 264 (56)
284 -> 3 (135)
285 -> 245 (187)
286 -> 265 (78)
287 -> 193 (111)
287 -> 245 (36)
288 -> 3 (73)
289 -> 3 (135)
290 -> 311 (37)
293 -> 329 (49)
294 -> 13 (20)
294 -> 193 (186)
294 -> 290 (37)
295 -> 275 (18)
295 -> 281 (32)
295 -> 386 (36)
296 -> 3 (105)
296 -> 26 (66)
297 -> 265 (96)
298 -> 17 (29)
299 -> 193 (131)
300 -> 311 (122)
302 -> 311 (19)
304 -> 265 (148)
305 -> 265 (53)
306 -> 245 (83)
307 -> 311 (164)
308 -> 311 (140)
309 -> 42 (91)
309 -> 208 (165)
309 -> 240 (124)
309 -> 265 (43)
310 -> 3 (118)
310 -> 391 (43)
312 -> 311 (176)
313 -> 245 (135)
313 -> 311 (34)
314 -> 114 (73)
314 -> 239 (64)
314 -> 385 (8)
315 -> 3 (121)
315 -> 129 (28)
315 -> 218 (5)
315 -> 240 (180)
315 -> 376 (50)
315 -> 394 (99)
316 -> 3 (66)
316 -> 218 (9)
316 -> 245 (88)
316 -> 325 (42)
317 -> 265 (128)
317 -> 343 (44)
318 -> 39 (182)
318 -> 245 (18)
318 -> 273 (7)
318 -> 389 (148)
321 -> 262 (17)
322 -> 167 (61)
323 -> 328 (186)
324 -> 136 (18)
324 -> 240 (141)
324 -> 289 (18)
325 -> 240 (42)
326 -> 245 (62)
326 -> 359 (60)
328 -> 54 (60)
328 -> 240 (126)
329 -> 3 (146)
330 -> 183 (41)
330 -> 239 (29)
330 -> 311 (64)
331 -> 343 (110)
332 -> 364 (106)
335 -> 240 (125)
336 -> 239 (18)
336 -> 305 (12)
336 -> 385 (31)
337 -> 265 (195)
338 -> 28 (85)
338 -> 265 (83)
340 -> 265 (80)
341 -> 214 (41)
344 -> 193 (141)
344 -> 300 (9)
345 -> 311 (72)
346 -> 17 (66)
347 -> 3 (112)
348 -> 3 (186)
348 -> 9 (156)
348 -> 193 (181)
348 -> 265 (140)
348 -> 370 (14)
350 -> 193 (115)
352 -> 9 (17)
352 -> 240 (16)
353 -> 311 (161)
354 -> 240 (39)
356 -> 311 (192)
357 -> 62 (34)
358 -> 0 (102)
358 -> 106 (39)
359 -> 265 (110)
360 -> 3 (156)
360 -> 343 (42)
361 -> 240 (56)
361 -> 399 (40)
362 -> 218 (18)
362 -> 251 (30)
362 -> 398 (39)
364 -> 193 (184)
365 -> 15 (10)
365 -> 394 (2)
366 -> 245 (76)
367 -> 188 (7)
368 -> 245 (135)
370 -> 193 (128)
371 -> 364 (36)
373 -> 26 (24)
374 -> 63 (152)
375 -> 265 (200)
376 -> 240 (138)
377 -> 305 (28)
377 -> 341 (41)
378 -> 240 (150)
379 -> 193 (111)
380 -> 240 (117)
381 -> 193 (178)
382 -> 193 (188)
383 -> 311 (44)
384 -> 193 (147)
385 -> 3 (168)
386 -> 343 (165)
387 -> 89 (132)
387 -> 120 (182)
387 -> 125 (23)
387 -> 245 (25)
387 -> 311 (42)
388 -> 3 (3)
388 -> 190 (97)
389 -> 245 (187)
390 -> 240 (66)
391 -> 311 (187)
392 -> 281 (6)
393 -> 311 (150)
394 -> 343 (101)
395 -> 89 (2)
395 -> 226 (180)
395 -> 265 (48)
395 -> 345 (72)
396 -> 190 (49)
396 -> 284 (73)
397 -> 343 (168)
398 -> 3 (170)
399 -> 368 (135)
Fluxo: 30159
Arestas removidas: 13922

--Rotas do 4º turno-----------------------------
1 -> 190 (47)
1 -> 343 (113)
2 -> 49 (117)
2 -> 62 (34)
4 -> 32 (29)
9 -> 134 (173)
11 -> 3 (8)
12 -> 343 (184)
13 -> 265 (129)
15 -> 3 (120)
17 -> 240 (198)
18 -> 3 (183)
21 -> 193 (136)
24 -> 240 (142)
25 -> 3 (95)
26 -> 265 (130)
27 -> 3 (121)
30 -> 193 (135)
31 -> 343 (57)
31 -> 359 (5)
32 -> 240 (113)
35 -> 26 (5)
35 -> 311 (183)
37 -> 144 (77)
37 -> 265 (32)
38 -> 240 (143)
39 -> 265 (182)
42 -> 193 (91)
44 -> 265 (70)
44 -> 329 (12)
44 -> 364 (19)
47 -> 3 (123)
48 -> 391 (187)
49 -> 4 (29)
49 -> 265 (88)
50 -> 193 (143)
51 -> 214 (21)
52 -> 119 (49)
52 -> 120 (58)
52 -> 289 (9)
53 -> 193 (47)
53 -> 246 (45)
53 -> 247 (70)
54 -> 193 (60)
55 -> 3 (50)
56 -> 3 (81)
56 -> 311 (36)
58 -> 271 (1)
61 -> 240 (125)
62 -> 90 (188)
63 -> 245 (152)
65 -> 389 (39)
66 -> 265 (162)
67 -> 17 (83)
67 -> 245 (41)
68 -> 3 (177)
69 -> 215 (1)
72 -> 193 (135)
72 -> 245 (4)
73 -> 65 (39)
75 -> 99 (189)
76 -> 193 (38)
77 -> 311 (175)
79 -> 311 (160)
81 -> 343 (182)
82 -> 3 (114)
83 -> 343 (189)
87 -> 21 (136)
87 -> 55 (50)
88 -> 193 (166)
89 -> 265 (134)
90 -> 265 (131)
90 -> 311 (57)
92 -> 300 (112)
93 -> 186 (65)
93 -> 311 (88)
95 -> 72 (139)
95 -> 169 (184)
95 -> 193 (182)
95 -> 205 (156)
95 -> 287 (147)
95 -> 324 (141)
95 -> 360 (184)
97 -> 221 (2)
99 -> 3 (189)
102 -> 132 (87)
102 -> 265 (87)
103 -> 17 (109)
104 -> 311 (67)
105 -> 210 (14)
108 -> 51 (21)
108 -> 97 (2)
108 -> 120 (102)
108 -> 247 (21)
108 -> 386 (36)
110 -> 240 (174)
110 -> 311 (2)
111 -> 271 (35)
111 -> 284 (11)
111 -> 343 (116)
112 -> 245 (189)
114 -> 343 (158)
115 -> 3 (172)
117 -> 3 (142)
117 -> 48 (72)
117 -> 50 (80)
117 -> 53 (162)
117 -> 56 (117)
117 -> 112 (116)
117 -> 242 (140)
117 -> 251 (38)
117 -> 270 (78)
117 -> 295 (170)
117 -> 313 (169)
117 -> 357 (13)
117 -> 374 (129)
117 -> 386 (129)
117 -> 393 (88)
117 -> 397 (168)
119 -> 193 (195)
120 -> 311 (182)
121 -> 3 (166)
122 -> 374 (23)
124 -> 343 (49)
125 -> 3 (68)
126 -> 364 (73)
127 -> 32 (84)
129 -> 240 (166)
130 -> 311 (159)
132 -> 343 (87)
134 -> 245 (173)
135 -> 3 (10)
135 -> 13 (109)
135 -> 27 (121)
135 -> 48 (115)
135 -> 73 (39)
135 -> 81 (149)
135 -> 110 (176)
135 -> 130 (110)
135 -> 148 (134)
135 -> 179 (180)
135 -> 193 (117)
135 -> 211 (152)
135 -> 235 (114)
135 -> 237 (75)
135 -> 240 (103)
135 -> 245 (40)
135 -> 252 (115)
135 -> 254 (128)
135 -> 261 (141)
135 -> 285 (87)
135 -> 356 (187)
135 -> 378 (191)
136 -> 265 (194)
137 -> 193 (63)
137 -> 215 (25)
138 -> 275 (23)
138 -> 311 (49)
139 -> 343 (144)
143 -> 1 (160)
143 -> 3 (82)
143 -> 35 (188)
143 -> 52 (116)
143 -> 75 (167)
143 -> 77 (96)
143 -> 108 (182)
143 -> 130 (49)
143 -> 137 (88)
143 -> 145 (131)
143 -> 170 (131)
143 -> 172 (137)
143 -> 187 (91)
143 -> 192 (64)
143 -> 196 (171)
143 -> 202 (181)
143 -> 240 (96)
143 -> 323 (183)
143 -> 343 (73)
143 -> 370 (114)
143 -> 371 (175)
143 -> 377 (87)
143 -> 379 (133)
144 -> 115 (172)
145 -> 144 (20)
145 -> 239 (111)
146 -> 175 (163)
146 -> 282 (3)
148 -> 11 (8)
148 -> 245 (126)
149 -> 245 (193)
150 -> 240 (193)
151 -> 3 (136)
151 -> 245 (39)
152 -> 69 (1)
152 -> 129 (138)
152 -> 151 (175)
152 -> 156 (75)
152 -> 241 (181)
152 -> 302 (142)
152 -> 312 (176)
152 -> 353 (161)
153 -> 265 (108)
153 -> 271 (78)
156 -> 38 (68)
156 -> 150 (7)
157 -> 88 (166)
158 -> 87 (186)
162 -> 245 (178)
163 -> 193 (13)
164 -> 240 (84)
164 -> 245 (75)
169 -> 3 (184)
170 -> 190 (2)
170 -> 281 (24)
170 -> 296 (105)
171 -> 82 (36)
171 -> 265 (54)
172 -> 240 (150)
173 -> 3 (96)
175 -> 193 (148)
175 -> 343 (15)
176 -> 265 (63)
179 -> 119 (49)
179 -> 240 (131)
183 -> 193 (164)
184 -> 343 (154)
185 -> 245 (118)
186 -> 102 (174)
187 -> 245 (155)
188 -> 343 (120)
190 -> 343 (146)
191 -> 256 (79)
191 -> 265 (66)
192 -> 344 (64)
196 -> 240 (193)
197 -> 173 (96)
198 -> 9 (9)
198 -> 311 (142)
201 -> 82 (40)
201 -> 186 (109)
202 -> 193 (183)
204 -> 245 (26)
205 -> 343 (156)
207 -> 240 (103)
207 -> 276 (119)
207 -> 280 (130)
208 -> 240 (165)
209 -> 265 (200)
210 -> 311 (195)
211 -> 3 (152)
212 -> 12 (159)
212 -> 66 (162)
212 -> 75 (22)
212 -> 77 (79)
212 -> 95 (193)
212 -> 111 (162)
212 -> 117 (129)
212 -> 119 (97)
212 -> 121 (146)
212 -> 127 (84)
212 -> 171 (90)
212 -> 184 (154)
212 -> 187 (64)
212 -> 197 (96)
212 -> 201 (149)
212 -> 230 (76)
212 -> 232 (166)
212 -> 240 (193)
212 -> 251 (132)
212 -> 255 (64)
212 -> 265 (44)
212 -> 293 (152)
212 -> 310 (118)
212 -> 323 (3)
212 -> 367 (192)
212 -> 375 (96)
212 -> 383 (44)
212 -> 384 (147)
214 -> 265 (63)
215 -> 265 (133)
217 -> 104 (67)
217 -> 193 (89)
218 -> 311 (32)
220 -> 164 (159)
221 -> 202 (2)
222 -> 240 (57)
224 -> 82 (38)
224 -> 136 (78)
224 -> 364 (39)
226 -> 240 (116)
226 -> 265 (64)
227 -> 3 (143)
227 -> 9 (8)
227 -> 329 (18)
228 -> 61 (125)
228 -> 105 (14)
228 -> 149 (159)
228 -> 153 (186)
228 -> 158 (168)
228 -> 163 (13)
228 -> 183 (123)
228 -> 198 (151)
228 -> 224 (155)
228 -> 240 (119)
228 -> 337 (114)
228 -> 375 (104)
228 -> 376 (88)
230 -> 289 (76)
231 -> 15 (110)
231 -> 37 (109)
231 -> 58 (1)
231 -> 67 (124)
231 -> 83 (183)
231 -> 92 (112)
231 -> 103 (109)
231 -> 158 (18)
231 -> 172 (13)
231 -> 196 (22)
231 -> 227 (169)
231 -> 245 (158)
231 -> 252 (29)
231 -> 260 (161)
231 -> 273 (158)
231 -> 298 (6)
231 -> 307 (143)
231 -> 321 (133)
231 -> 347 (117)
231 -> 366 (76)
231 -> 399 (95)
232 -> 68 (177)
232 -> 209 (129)
232 -> 217 (156)
232 -> 317 (172)
233 -> 245 (195)
235 -> 265 (25)
235 -> 330 (23)
235 -> 344 (66)
236 -> 2 (151)
236 -> 3 (131)
236 -> 24 (142)
236 -> 47 (123)
236 -> 136 (116)
236 -> 193 (19)
236 -> 207 (187)
236 -> 215 (78)
236 -> 233 (182)
236 -> 245 (69)
236 -> 265 (11)
236 -> 268 (166)
236 -> 285 (100)
236 -> 326 (167)
236 -> 335 (125)
236 -> 336 (99)
236 -> 356 (5)
236 -> 382 (154)
236 -> 393 (62)
237 -> 38 (75)
238 -> 50 (63)
238 -> 300 (10)
238 -> 364 (53)
238 -> 385 (19)
239 -> 193 (111)
241 -> 114 (12)
241 -> 307 (14)
241 -> 311 (155)
242 -> 114 (135)
242 -> 185 (5)
243 -> 245 (55)
243 -> 343 (17)
246 -> 311 (121)
247 -> 311 (91)
251 -> 3 (200)
252 -> 3 (144)
254 -> 214 (1)
254 -> 343 (127)
255 -> 114 (11)
255 -> 305 (53)
256 -> 3 (79)
257 -> 18 (160)
257 -> 81 (33)
257 -> 83 (6)
257 -> 93 (153)
257 -> 112 (73)
257 -> 126 (73)
257 -> 149 (34)
257 -> 193 (120)
257 -> 204 (26)
257 -> 210 (181)
257 -> 319 (53)
257 -> 331 (47)
260 -> 262 (37)
260 -> 284 (124)
261 -> 265 (141)
262 -> 25 (95)
263 -> 30 (134)
263 -> 62 (154)
263 -> 138 (72)
263 -> 222 (57)
263 -> 238 (145)
263 -> 240 (102)
263 -> 267 (183)
263 -> 331 (63)
264 -> 3 (56)
266 -> 162 (178)
267 -> 311 (183)
268 -> 3 (166)
269 -> 3 (31)
269 -> 18 (23)
269 -> 44 (101)
269 -> 139 (114)
269 -> 150 (186)
269 -> 240 (22)
269 -> 337 (81)
269 -> 350 (115)
270 -> 286 (78)
271 -> 3 (114)
273 -> 193 (165)
274 -> 12 (25)
274 -> 30 (1)
274 -> 121 (20)
274 -> 124 (49)
274 -> 139 (30)
274 -> 157 (145)
274 -> 209 (71)
274 -> 288 (73)
274 -> 297 (96)
274 -> 304 (148)
274 -> 381 (133)
275 -> 122 (23)
276 -> 311 (119)
280 -> 3 (128)
280 -> 193 (2)
281 -> 245 (140)
282 -> 311 (3)
283 -> 31 (62)
283 -> 76 (38)
283 -> 79 (152)
283 -> 191 (145)
283 -> 220 (159)
283 -> 264 (56)
283 -> 382 (34)
284 -> 3 (135)
285 -> 245 (187)
286 -> 265 (78)
287 -> 193 (111)
287 -> 245 (36)
288 -> 3 (73)
289 -> 3 (135)
290 -> 311 (37)
293 -> 183 (41)
293 -> 329 (111)
294 -> 13 (20)
294 -> 193 (186)
294 -> 215 (29)
294 -> 243 (72)
294 -> 290 (37)
294 -> 387 (107)
295 -> 185 (113)
295 -> 281 (57)
296 -> 3 (105)
297 -> 265 (96)
298 -> 17 (6)
299 -> 193 (131)
300 -> 311 (122)
302 -> 299 (131)
302 -> 344 (11)
304 -> 265 (148)
305 -> 265 (53)
307 -> 311 (164)
309 -> 42 (91)
309 -> 208 (165)
309 -> 240 (124)
309 -> 265 (43)
310 -> 3 (118)
312 -> 311 (176)
313 -> 245 (135)
313 -> 311 (34)
315 -> 3 (121)
315 -> 79 (8)
315 -> 129 (28)
315 -> 218 (5)
315 -> 240 (180)
315 -> 246 (76)
315 -> 376 (50)
315 -> 394 (99)
316 -> 3 (66)
316 -> 157 (21)
316 -> 218 (9)
316 -> 245 (88)
316 -> 325 (42)
316 -> 352 (16)
317 -> 265 (128)
317 -> 343 (44)
318 -> 39 (182)
318 -> 146 (166)
318 -> 233 (13)
318 -> 245 (18)
318 -> 273 (7)
318 -> 389 (148)
319 -> 385 (53)
321 -> 144 (75)
321 -> 262 (58)
323 -> 328 (186)
324 -> 240 (141)
325 -> 240 (42)
326 -> 245 (62)
326 -> 359 (105)
328 -> 54 (60)
328 -> 240 (126)
329 -> 3 (146)
330 -> 311 (64)
331 -> 343 (110)
335 -> 240 (125)
336 -> 125 (68)
336 -> 385 (31)
337 -> 265 (195)
341 -> 214 (41)
344 -> 193 (141)
345 -> 311 (72)
347 -> 3 (112)
347 -> 329 (5)
348 -> 3 (186)
348 -> 9 (156)
348 -> 193 (181)
348 -> 265 (140)
348 -> 370 (14)
350 -> 193 (115)
352 -> 240 (16)
353 -> 311 (161)
356 -> 311 (192)
357 -> 281 (13)
359 -> 265 (110)
360 -> 3 (156)
360 -> 343 (28)
361 -> 240 (56)
361 -> 399 (40)
362 -> 218 (18)
362 -> 251 (30)
362 -> 398 (157)
364 -> 193 (184)
365 -> 15 (10)
365 -> 266 (178)
365 -> 394 (2)
366 -> 245 (76)
367 -> 188 (120)
367 -> 307 (7)
367 -> 385 (65)
368 -> 245 (135)
370 -> 193 (128)
371 -> 26 (125)
371 -> 289 (50)
374 -> 63 (152)
375 -> 265 (200)
376 -> 240 (138)
377 -> 281 (46)
377 -> 341 (41)
378 -> 240 (150)
378 -> 330 (41)
379 -> 120 (22)
379 -> 193 (111)
381 -> 193 (133)
382 -> 193 (188)
383 -> 311 (44)
384 -> 193 (147)
385 -> 3 (168)
386 -> 343 (165)
387 -> 89 (40)
387 -> 245 (25)
387 -> 311 (42)
388 -> 3 (3)
388 -> 190 (97)
389 -> 245 (187)
390 -> 240 (66)
391 -> 311 (187)
393 -> 311 (150)
394 -> 343 (101)
395 -> 89 (94)
395 -> 226 (180)
395 -> 265 (48)
395 -> 345 (72)
397 -> 343 (168)
398 -> 3 (157)
399 -> 368 (135)
Fluxo: 26644
Arestas removidas: 14540

--Rotas do 5º turno-----------------------------
1 -> 130 (14)
1 -> 343 (113)
2 -> 49 (117)
2 -> 62 (34)
4 -> 32 (29)
9 -> 134 (173)
12 -> 17 (89)
12 -> 183 (41)
12 -> 233 (13)
13 -> 265 (129)
15 -> 3 (120)
17 -> 240 (198)
18 -> 3 (183)
21 -> 193 (109)
24 -> 51 (21)
24 -> 240 (142)
25 -> 3 (26)
26 -> 265 (130)
27 -> 3 (121)
30 -> 193 (135)
31 -> 359 (95)
32 -> 240 (113)
35 -> 311 (183)
37 -> 99 (52)
37 -> 185 (25)
37 -> 265 (32)
38 -> 240 (143)
39 -> 265 (182)
42 -> 31 (23)
42 -> 193 (91)
42 -> 307 (21)
43 -> 120 (70)
43 -> 281 (42)
44 -> 265 (70)
44 -> 286 (75)
47 -> 3 (123)
49 -> 4 (29)
49 -> 265 (88)
50 -> 193 (64)
51 -> 214 (21)
53 -> 193 (47)
54 -> 193 (60)
58 -> 246 (45)
58 -> 271 (15)
58 -> 330 (64)
61 -> 240 (125)
62 -> 90 (188)
63 -> 245 (106)
65 -> 389 (187)
66 -> 265 (162)
67 -> 38 (14)
67 -> 215 (26)
67 -> 245 (41)
67 -> 289 (43)
68 -> 3 (169)
69 -> 127 (80)
69 -> 391 (107)
71 -> 186 (7)
72 -> 193 (11)
73 -> 65 (124)
74 -> 186 (27)
74 -> 289 (92)
75 -> 212 (135)
76 -> 119 (55)
76 -> 193 (38)
76 -> 378 (74)
77 -> 311 (175)
79 -> 311 (160)
81 -> 343 (156)
82 -> 3 (114)
83 -> 343 (183)
87 -> 21 (109)
88 -> 193 (166)
89 -> 265 (134)
90 -> 265 (131)
90 -> 311 (57)
92 -> 120 (112)
93 -> 311 (88)
95 -> 72 (11)
95 -> 193 (182)
97 -> 221 (104)
99 -> 3 (189)
101 -> 329 (6)
102 -> 265 (87)
103 -> 17 (109)
105 -> 210 (146)
108 -> 97 (104)
110 -> 240 (174)
110 -> 311 (2)
112 -> 245 (104)
115 -> 3 (172)
117 -> 3 (142)
119 -> 193 (195)
120 -> 311 (182)
121 -> 3 (166)
122 -> 374 (106)
124 -> 65 (63)
124 -> 286 (3)
125 -> 3 (68)
126 -> 133 (41)
126 -> 364 (73)
127 -> 32 (84)
129 -> 240 (166)
130 -> 311 (159)
133 -> 275 (58)
134 -> 245 (173)
135 -> 13 (109)
135 -> 27 (121)
135 -> 81 (149)
135 -> 110 (176)
135 -> 148 (36)
135 -> 193 (117)
135 -> 240 (103)
136 -> 265 (194)
137 -> 193 (63)
138 -> 275 (15)
138 -> 311 (49)
139 -> 343 (114)
143 -> 1 (127)
143 -> 3 (82)
143 -> 35 (183)
143 -> 77 (96)
143 -> 130 (85)
143 -> 202 (181)
143 -> 240 (96)
144 -> 115 (172)
145 -> 144 (29)
145 -> 239 (111)
148 -> 245 (36)
149 -> 245 (193)
150 -> 240 (193)
151 -> 3 (136)
151 -> 245 (39)
152 -> 69 (187)
152 -> 129 (138)
152 -> 151 (175)
152 -> 156 (153)
152 -> 241 (181)
152 -> 263 (184)
152 -> 302 (138)
152 -> 312 (176)
152 -> 353 (161)
153 -> 185 (78)
153 -> 265 (108)
156 -> 38 (129)
156 -> 133 (17)
156 -> 150 (7)
157 -> 88 (166)
158 -> 87 (109)
158 -> 99 (18)
160 -> 329 (118)
162 -> 245 (178)
163 -> 193 (13)
163 -> 237 (49)
164 -> 240 (84)
164 -> 245 (75)
169 -> 3 (104)
171 -> 130 (24)
171 -> 265 (54)
172 -> 240 (150)
179 -> 240 (131)
183 -> 193 (164)
185 -> 245 (118)
186 -> 102 (87)
187 -> 245 (155)
189 -> 296 (129)
189 -> 323 (23)
190 -> 300 (122)
191 -> 256 (79)
191 -> 265 (66)
192 -> 344 (6)
196 -> 240 (178)
198 -> 311 (142)
199 -> 385 (65)
202 -> 193 (181)
204 -> 245 (26)
207 -> 240 (103)
207 -> 276 (84)
208 -> 240 (165)
209 -> 265 (200)
210 -> 311 (195)
212 -> 66 (162)
212 -> 95 (193)
212 -> 117 (129)
212 -> 119 (97)
212 -> 121 (146)
212 -> 187 (129)
212 -> 232 (169)
212 -> 240 (193)
212 -> 251 (132)
212 -> 384 (147)
214 -> 265 (63)
215 -> 265 (133)
218 -> 311 (32)
220 -> 164 (159)
221 -> 169 (104)
222 -> 240 (57)
222 -> 318 (62)
224 -> 82 (100)
226 -> 240 (116)
226 -> 265 (64)
227 -> 3 (143)
227 -> 386 (16)
228 -> 61 (125)
228 -> 105 (116)
228 -> 149 (159)
228 -> 153 (186)
228 -> 183 (123)
228 -> 198 (142)
228 -> 224 (100)
228 -> 240 (119)
228 -> 337 (114)
228 -> 375 (109)
228 -> 376 (88)
230 -> 318 (84)
230 -> 378 (32)
231 -> 15 (110)
231 -> 37 (109)
231 -> 67 (124)
231 -> 83 (183)
231 -> 92 (112)
231 -> 103 (109)
231 -> 172 (140)
231 -> 189 (152)
231 -> 196 (178)
231 -> 227 (159)
231 -> 245 (158)
231 -> 252 (111)
231 -> 260 (161)
231 -> 273 (158)
231 -> 298 (100)
231 -> 307 (143)
231 -> 321 (133)
231 -> 347 (117)
231 -> 363 (165)
231 -> 366 (76)
231 -> 383 (90)
231 -> 396 (99)
231 -> 399 (95)
232 -> 68 (169)
233 -> 245 (195)
235 -> 135 (114)
235 -> 265 (25)
236 -> 2 (151)
236 -> 3 (131)
236 -> 24 (163)
236 -> 47 (123)
236 -> 58 (124)
236 -> 73 (124)
236 -> 75 (129)
236 -> 136 (116)
236 -> 145 (140)
236 -> 193 (19)
236 -> 207 (187)
236 -> 215 (78)
236 -> 233 (182)
236 -> 245 (69)
236 -> 255 (163)
236 -> 265 (11)
236 -> 268 (192)
236 -> 285 (184)
236 -> 326 (167)
236 -> 335 (176)
236 -> 336 (190)
236 -> 346 (68)
236 -> 382 (154)
236 -> 393 (99)
237 -> 50 (64)
238 -> 31 (32)
238 -> 186 (45)
238 -> 324 (89)
239 -> 193 (111)
241 -> 119 (26)
241 -> 311 (155)
243 -> 245 (55)
246 -> 311 (121)
247 -> 311 (91)
251 -> 3 (200)
252 -> 3 (111)
255 -> 127 (4)
255 -> 305 (105)
255 -> 391 (54)
256 -> 3 (79)
257 -> 18 (158)
257 -> 112 (104)
257 -> 193 (120)
260 -> 262 (26)
260 -> 284 (135)
262 -> 25 (26)
263 -> 30 (134)
263 -> 62 (154)
263 -> 138 (64)
263 -> 238 (166)
263 -> 240 (102)
263 -> 267 (183)
264 -> 3 (56)
264 -> 190 (122)
266 -> 162 (178)
266 -> 186 (8)
267 -> 311 (183)
268 -> 3 (166)
268 -> 251 (11)
268 -> 273 (7)
268 -> 391 (8)
269 -> 3 (31)
269 -> 18 (25)
269 -> 44 (145)
269 -> 126 (114)
269 -> 139 (114)
269 -> 150 (186)
269 -> 163 (62)
269 -> 240 (22)
269 -> 310 (60)
269 -> 337 (81)
269 -> 350 (151)
270 -> 117 (13)
271 -> 3 (114)
273 -> 193 (165)
274 -> 12 (143)
274 -> 30 (1)
274 -> 43 (112)
274 -> 81 (7)
274 -> 93 (88)
274 -> 121 (20)
274 -> 124 (66)
274 -> 157 (145)
274 -> 160 (118)
274 -> 172 (10)
274 -> 187 (26)
274 -> 209 (93)
274 -> 270 (13)
274 -> 288 (162)
274 -> 295 (51)
274 -> 297 (96)
274 -> 304 (148)
274 -> 355 (123)
274 -> 381 (133)
274 -> 393 (51)
275 -> 122 (106)
276 -> 311 (84)
281 -> 245 (140)
283 -> 75 (6)
283 -> 76 (167)
283 -> 79 (152)
283 -> 105 (30)
283 -> 158 (127)
283 -> 191 (145)
283 -> 220 (159)
283 -> 257 (104)
283 -> 264 (178)
283 -> 332 (23)
283 -> 382 (34)
284 -> 3 (135)
285 -> 245 (187)
286 -> 265 (78)
288 -> 3 (73)
288 -> 185 (15)
288 -> 247 (29)
288 -> 344 (45)
289 -> 3 (135)
290 -> 285 (3)
290 -> 311 (37)
290 -> 323 (137)
290 -> 391 (2)
293 -> 329 (22)
294 -> 13 (20)
294 -> 171 (78)
294 -> 192 (6)
294 -> 193 (186)
294 -> 209 (107)
294 -> 215 (29)
294 -> 243 (55)
294 -> 290 (179)
294 -> 310 (58)
294 -> 327 (15)
294 -> 387 (128)
295 -> 149 (26)
295 -> 281 (15)
295 -> 391 (10)
296 -> 3 (105)
296 -> 26 (24)
297 -> 265 (96)
298 -> 82 (14)
298 -> 136 (78)
298 -> 149 (8)
299 -> 193 (131)
300 -> 311 (122)
302 -> 71 (7)
302 -> 299 (131)
304 -> 265 (148)
305 -> 265 (53)
305 -> 324 (52)
307 -> 311 (164)
309 -> 42 (135)
309 -> 74 (119)
309 -> 108 (104)
309 -> 208 (165)
309 -> 230 (116)
309 -> 240 (124)
309 -> 265 (43)
309 -> 339 (75)
310 -> 3 (118)
312 -> 311 (176)
315 -> 3 (121)
315 -> 79 (8)
315 -> 129 (28)
315 -> 199 (65)
315 -> 218 (5)
315 -> 240 (180)
315 -> 246 (76)
315 -> 376 (50)
315 -> 394 (99)
316 -> 3 (66)
316 -> 101 (6)
316 -> 157 (21)
316 -> 218 (9)
316 -> 222 (119)
316 -> 245 (88)
316 -> 319 (4)
316 -> 325 (52)
316 -> 352 (16)
316 -> 356 (135)
318 -> 39 (182)
319 -> 385 (4)
321 -> 144 (133)
323 -> 328 (186)
324 -> 240 (141)
325 -> 144 (10)
325 -> 240 (42)
326 -> 26 (90)
326 -> 245 (62)
326 -> 359 (15)
327 -> 237 (15)
328 -> 54 (60)
328 -> 240 (126)
329 -> 3 (146)
330 -> 311 (64)
332 -> 364 (111)
335 -> 99 (51)
335 -> 240 (125)
336 -> 125 (68)
336 -> 210 (33)
336 -> 281 (83)
336 -> 391 (6)
337 -> 265 (195)
339 -> 9 (17)
339 -> 210 (16)
339 -> 341 (42)
341 -> 214 (42)
343 -> 245 (178)
344 -> 193 (141)
345 -> 311 (72)
346 -> 99 (68)
347 -> 3 (112)
347 -> 323 (5)
348 -> 3 (186)
348 -> 9 (156)
348 -> 137 (63)
348 -> 193 (181)
348 -> 204 (26)
348 -> 265 (140)
348 -> 356 (57)
348 -> 370 (161)
350 -> 130 (36)
350 -> 193 (115)
352 -> 240 (16)
353 -> 311 (161)
355 -> 119 (17)
355 -> 247 (62)
355 -> 378 (44)
356 -> 311 (192)
359 -> 265 (110)
361 -> 235 (139)
361 -> 240 (56)
361 -> 293 (22)
361 -> 332 (88)
361 -> 399 (40)
362 -> 218 (18)
362 -> 251 (57)
362 -> 379 (117)
362 -> 398 (157)
363 -> 31 (34)
363 -> 179 (131)
364 -> 193 (184)
365 -> 15 (10)
365 -> 266 (186)
366 -> 245 (76)
368 -> 245 (135)
370 -> 193 (128)
370 -> 275 (33)
374 -> 63 (106)
375 -> 265 (109)
376 -> 240 (138)
378 -> 240 (150)
379 -> 31 (6)
379 -> 193 (111)
381 -> 193 (133)
382 -> 193 (188)
383 -> 344 (90)
384 -> 193 (147)
385 -> 3 (168)
386 -> 26 (16)
387 -> 89 (40)
387 -> 245 (25)
387 -> 311 (42)
387 -> 323 (21)
388 -> 3 (3)
389 -> 245 (187)
390 -> 53 (47)
390 -> 240 (66)
391 -> 311 (187)
393 -> 311 (150)
394 -> 385 (99)
395 -> 77 (79)
395 -> 89 (94)
395 -> 226 (180)
395 -> 265 (48)
395 -> 345 (72)
396 -> 271 (99)
398 -> 3 (157)
399 -> 368 (135)
Fluxo: 21899
Arestas removidas: 15374

--Rotas do 6º turno-----------------------------
1 -> 130 (34)
1 -> 190 (11)
1 -> 210 (31)
1 -> 289 (5)
1 -> 386 (7)
9 -> 134 (173)
12 -> 17 (89)
12 -> 314 (97)
13 -> 160 (6)
13 -> 192 (23)
13 -> 265 (129)
15 -> 3 (120)
17 -> 240 (198)
18 -> 3 (113)
24 -> 240 (142)
25 -> 245 (110)
26 -> 265 (130)
30 -> 193 (135)
31 -> 183 (12)
32 -> 240 (80)
35 -> 311 (183)
37 -> 58 (33)
37 -> 144 (50)
38 -> 240 (130)
39 -> 265 (182)
41 -> 114 (20)
41 -> 198 (59)
41 -> 233 (114)
42 -> 193 (91)
42 -> 239 (44)
43 -> 120 (89)
43 -> 330 (23)
44 -> 265 (70)
44 -> 329 (75)
50 -> 193 (56)
51 -> 65 (130)
51 -> 377 (2)
52 -> 149 (56)
53 -> 37 (83)
53 -> 247 (36)
57 -> 62 (115)
57 -> 394 (69)
58 -> 271 (78)
61 -> 240 (125)
62 -> 90 (115)
65 -> 389 (187)
66 -> 265 (162)
67 -> 198 (83)
67 -> 245 (41)
69 -> 127 (80)
69 -> 391 (107)
71 -> 119 (63)
71 -> 153 (89)
73 -> 61 (66)
74 -> 35 (60)
74 -> 166 (7)
74 -> 246 (45)
74 -> 396 (7)
75 -> 212 (135)
75 -> 373 (22)
76 -> 193 (38)
77 -> 311 (175)
78 -> 73 (32)
78 -> 199 (23)
79 -> 311 (160)
81 -> 135 (149)
82 -> 3 (114)
82 -> 165 (16)
82 -> 238 (5)
83 -> 343 (178)
88 -> 193 (166)
89 -> 265 (94)
90 -> 265 (115)
92 -> 120 (81)
93 -> 311 (88)
94 -> 344 (12)
99 -> 3 (180)
101 -> 323 (87)
101 -> 330 (41)
102 -> 265 (87)
103 -> 17 (109)
105 -> 210 (146)
108 -> 143 (198)
110 -> 240 (32)
111 -> 215 (143)
114 -> 255 (20)
115 -> 3 (50)
117 -> 3 (142)
119 -> 193 (195)
120 -> 311 (170)
121 -> 3 (166)
124 -> 35 (74)
125 -> 3 (68)
125 -> 183 (23)
126 -> 136 (71)
126 -> 364 (53)
127 -> 32 (80)
129 -> 240 (166)
130 -> 311 (159)
133 -> 210 (18)
133 -> 329 (49)
134 -> 245 (173)
135 -> 110 (32)
135 -> 193 (117)
136 -> 265 (194)
137 -> 193 (63)
138 -> 38 (1)
138 -> 311 (49)
139 -> 145 (109)
143 -> 202 (102)
143 -> 240 (96)
144 -> 115 (50)
145 -> 239 (55)
145 -> 255 (54)
149 -> 245 (193)
150 -> 240 (186)
151 -> 3 (136)
151 -> 245 (39)
152 -> 69 (187)
152 -> 129 (138)
152 -> 151 (175)
152 -> 156 (153)
152 -> 241 (181)
152 -> 263 (184)
152 -> 302 (146)
152 -> 312 (176)
152 -> 353 (161)
153 -> 265 (89)
156 -> 38 (129)
156 -> 357 (24)
157 -> 88 (166)
160 -> 82 (135)
162 -> 245 (178)
163 -> 71 (152)
164 -> 240 (84)
164 -> 245 (61)
165 -> 26 (52)
166 -> 367 (196)
170 -> 77 (41)
170 -> 377 (3)
171 -> 130 (89)
171 -> 271 (36)
172 -> 240 (150)
179 -> 240 (131)
183 -> 193 (90)
184 -> 233 (81)
185 -> 245 (118)
186 -> 102 (87)
186 -> 201 (24)
186 -> 238 (45)
186 -> 239 (12)
187 -> 245 (155)
189 -> 323 (39)
189 -> 336 (30)
189 -> 393 (42)
190 -> 300 (134)
192 -> 296 (105)
196 -> 240 (178)
198 -> 311 (142)
199 -> 1 (88)
201 -> 31 (12)
201 -> 185 (12)
202 -> 193 (102)
204 -> 251 (119)
204 -> 378 (71)
205 -> 138 (50)
205 -> 247 (55)
207 -> 240 (103)
207 -> 276 (80)
208 -> 240 (165)
208 -> 344 (16)
209 -> 265 (200)
210 -> 311 (195)
212 -> 240 (135)
215 -> 265 (133)
215 -> 285 (1)
215 -> 320 (9)
218 -> 133 (67)
218 -> 190 (28)
218 -> 311 (32)
218 -> 336 (13)
220 -> 164 (145)
222 -> 240 (57)
222 -> 318 (87)
222 -> 357 (43)
224 -> 9 (17)
224 -> 237 (28)
226 -> 240 (116)
226 -> 265 (64)
227 -> 3 (143)
227 -> 66 (53)
228 -> 61 (59)
228 -> 240 (119)
230 -> 318 (95)
231 -> 15 (110)
231 -> 67 (124)
231 -> 83 (178)
231 -> 103 (109)
231 -> 172 (140)
231 -> 196 (178)
231 -> 227 (196)
231 -> 245 (158)
231 -> 252 (111)
231 -> 260 (110)
231 -> 273 (158)
231 -> 307 (143)
231 -> 347 (112)
231 -> 366 (76)
233 -> 245 (195)
235 -> 58 (45)
235 -> 265 (25)
235 -> 344 (81)
236 -> 3 (131)
236 -> 207 (183)
237 -> 50 (56)
238 -> 183 (55)
239 -> 193 (111)
241 -> 311 (155)
241 -> 393 (26)
242 -> 185 (106)
242 -> 344 (32)
243 -> 245 (55)
246 -> 311 (121)
247 -> 311 (91)
249 -> 26 (28)
249 -> 289 (42)
251 -> 3 (200)
252 -> 3 (111)
255 -> 305 (74)
257 -> 193 (104)
260 -> 262 (110)
262 -> 25 (110)
263 -> 240 (102)
263 -> 267 (82)
264 -> 165 (36)
264 -> 190 (94)
266 -> 162 (178)
266 -> 357 (8)
267 -> 311 (82)
268 -> 3 (166)
269 -> 18 (113)
269 -> 44 (145)
269 -> 126 (124)
269 -> 150 (186)
269 -> 236 (141)
269 -> 240 (22)
269 -> 310 (60)
269 -> 337 (168)
269 -> 350 (151)
270 -> 117 (142)
271 -> 3 (114)
273 -> 193 (165)
274 -> 12 (186)
274 -> 30 (90)
274 -> 43 (112)
274 -> 81 (119)
274 -> 93 (88)
274 -> 121 (115)
274 -> 124 (74)
274 -> 157 (145)
274 -> 160 (118)
274 -> 170 (44)
274 -> 187 (142)
274 -> 209 (93)
274 -> 270 (103)
274 -> 288 (80)
274 -> 295 (51)
274 -> 297 (166)
274 -> 304 (148)
274 -> 355 (123)
274 -> 381 (133)
274 -> 393 (82)
276 -> 311 (80)
281 -> 245 (123)
283 -> 79 (152)
283 -> 105 (146)
283 -> 220 (145)
283 -> 257 (104)
283 -> 382 (105)
284 -> 3 (31)
285 -> 245 (187)
286 -> 237 (28)
286 -> 265 (78)
288 -> 391 (80)
289 -> 3 (135)
290 -> 119 (132)
293 -> 76 (38)
293 -> 268 (39)
293 -> 289 (88)
293 -> 329 (4)
294 -> 13 (158)
294 -> 81 (30)
294 -> 166 (189)
294 -> 171 (125)
294 -> 192 (82)
294 -> 193 (186)
294 -> 209 (107)
294 -> 243 (55)
294 -> 290 (132)
294 -> 310 (58)
294 -> 337 (27)
294 -> 387 (130)
295 -> 149 (51)
296 -> 3 (105)
297 -> 249 (70)
297 -> 265 (96)
299 -> 193 (33)
300 -> 284 (12)
300 -> 311 (122)
302 -> 268 (113)
302 -> 299 (33)
304 -> 265 (148)
305 -> 265 (53)
305 -> 324 (21)
307 -> 311 (164)
309 -> 42 (135)
309 -> 74 (119)
309 -> 108 (136)
309 -> 208 (181)
309 -> 228 (178)
309 -> 230 (95)
309 -> 240 (124)
309 -> 265 (43)
309 -> 339 (142)
309 -> 346 (180)
310 -> 3 (118)
312 -> 311 (176)
314 -> 149 (86)
314 -> 160 (11)
315 -> 3 (121)
315 -> 30 (45)
315 -> 79 (8)
315 -> 129 (28)
315 -> 184 (81)
315 -> 199 (65)
315 -> 240 (180)
315 -> 246 (76)
315 -> 327 (149)
315 -> 331 (132)
315 -> 394 (99)
316 -> 3 (66)
316 -> 75 (157)
316 -> 101 (128)
316 -> 157 (21)
316 -> 172 (10)
316 -> 222 (187)
316 -> 245 (88)
316 -> 270 (39)
316 -> 319 (61)
316 -> 325 (103)
316 -> 352 (184)
316 -> 356 (135)
316 -> 382 (83)
318 -> 39 (182)
319 -> 385 (173)
320 -> 92 (8)
320 -> 190 (1)
323 -> 328 (126)
324 -> 240 (21)
325 -> 94 (12)
325 -> 125 (91)
326 -> 245 (11)
327 -> 286 (106)
327 -> 363 (43)
328 -> 240 (126)
329 -> 3 (135)
330 -> 311 (64)
331 -> 51 (132)
332 -> 73 (34)
332 -> 364 (131)
335 -> 240 (125)
335 -> 386 (43)
336 -> 281 (43)
337 -> 265 (195)
339 -> 136 (123)
339 -> 284 (19)
343 -> 245 (178)
344 -> 193 (141)
345 -> 311 (72)
345 -> 329 (7)
346 -> 99 (180)
347 -> 3 (112)
348 -> 3 (186)
348 -> 9 (156)
348 -> 137 (63)
348 -> 193 (181)
348 -> 204 (190)
348 -> 265 (140)
348 -> 356 (57)
348 -> 370 (173)
348 -> 392 (154)
350 -> 130 (36)
350 -> 193 (115)
352 -> 57 (184)
353 -> 311 (161)
355 -> 66 (109)
355 -> 268 (14)
356 -> 311 (192)
357 -> 281 (75)
361 -> 41 (193)
361 -> 108 (62)
361 -> 187 (13)
361 -> 235 (151)
361 -> 240 (56)
361 -> 242 (138)
361 -> 293 (169)
361 -> 332 (165)
361 -> 335 (168)
361 -> 376 (195)
361 -> 399 (124)
362 -> 163 (152)
362 -> 283 (88)
362 -> 379 (160)
362 -> 398 (157)
363 -> 179 (43)
364 -> 193 (184)
365 -> 15 (10)
365 -> 24 (142)
365 -> 121 (51)
365 -> 139 (109)
365 -> 189 (111)
365 -> 205 (105)
365 -> 266 (186)
366 -> 245 (76)
367 -> 285 (164)
367 -> 307 (21)
367 -> 326 (11)
368 -> 245 (124)
370 -> 193 (128)
370 -> 224 (45)
371 -> 179 (88)
373 -> 285 (22)
376 -> 65 (57)
376 -> 240 (138)
377 -> 281 (5)
378 -> 240 (71)
379 -> 35 (49)
379 -> 193 (111)
381 -> 193 (133)
382 -> 193 (188)
385 -> 3 (168)
385 -> 238 (5)
386 -> 26 (50)
387 -> 311 (42)
387 -> 371 (88)
388 -> 319 (112)
389 -> 245 (187)
390 -> 52 (56)
390 -> 53 (119)
390 -> 78 (55)
390 -> 111 (143)
390 -> 231 (110)
390 -> 240 (66)
390 -> 264 (130)
391 -> 311 (187)
392 -> 92 (73)
392 -> 251 (81)
393 -> 311 (150)
394 -> 186 (168)
395 -> 77 (134)
395 -> 89 (94)
395 -> 218 (140)
395 -> 226 (180)
395 -> 265 (48)
395 -> 345 (79)
396 -> 273 (7)
398 -> 3 (157)
399 -> 368 (124)
Fluxo: 17682
Arestas removidas: 17502

--Rotas do 7º turno-----------------------------
1 -> 130 (64)
1 -> 210 (22)
1 -> 273 (11)
3 -> 240 (140)
9 -> 134 (156)
13 -> 160 (29)
13 -> 265 (129)
15 -> 231 (48)
24 -> 240 (142)
26 -> 265 (67)
30 -> 193 (135)
35 -> 311 (157)
37 -> 58 (60)
37 -> 144 (5)
39 -> 265 (182)
41 -> 198 (93)
41 -> 233 (100)
42 -> 193 (91)
42 -> 239 (44)
43 -> 120 (14)
44 -> 265 (70)
51 -> 65 (80)
51 -> 136 (52)
52 -> 149 (63)
53 -> 37 (65)
53 -> 69 (18)
53 -> 247 (36)
58 -> 66 (60)
61 -> 240 (59)
65 -> 389 (137)
66 -> 265 (162)
67 -> 245 (41)
69 -> 391 (107)
71 -> 119 (87)
71 -> 153 (19)
74 -> 35 (60)
74 -> 246 (45)
74 -> 355 (14)
75 -> 373 (157)
76 -> 153 (89)
76 -> 193 (38)
77 -> 311 (175)
78 -> 199 (32)
79 -> 311 (160)
81 -> 135 (148)
88 -> 193 (156)
89 -> 265 (94)
92 -> 67 (5)
92 -> 120 (41)
93 -> 311 (88)
101 -> 69 (53)
101 -> 330 (45)
101 -> 371 (30)
102 -> 265 (87)
105 -> 210 (146)
108 -> 143 (181)
110 -> 311 (105)
111 -> 215 (143)
119 -> 193 (195)
120 -> 311 (55)
124 -> 35 (11)
126 -> 364 (8)
129 -> 240 (166)
130 -> 311 (119)
133 -> 210 (27)
133 -> 344 (16)
133 -> 364 (16)
134 -> 245 (156)
135 -> 110 (31)
135 -> 193 (117)
136 -> 265 (194)
137 -> 193 (63)
138 -> 281 (1)
138 -> 311 (49)
139 -> 145 (109)
143 -> 202 (181)
144 -> 305 (5)
145 -> 239 (67)
145 -> 255 (42)
149 -> 245 (63)
151 -> 245 (139)
152 -> 69 (36)
152 -> 129 (138)
152 -> 151 (139)
152 -> 241 (155)
152 -> 263 (184)
152 -> 302 (12)
152 -> 312 (176)
152 -> 353 (161)
153 -> 265 (108)
157 -> 88 (156)
160 -> 224 (29)
162 -> 245 (178)
163 -> 71 (106)
163 -> 227 (46)
165 -> 26 (24)
171 -> 44 (70)
171 -> 130 (55)
172 -> 240 (121)
183 -> 193 (41)
184 -> 233 (81)
185 -> 245 (97)
186 -> 102 (87)
186 -> 273 (12)
187 -> 245 (155)
189 -> 323 (36)
189 -> 336 (7)
189 -> 393 (68)
198 -> 311 (142)
199 -> 1 (97)
202 -> 193 (181)
204 -> 92 (46)
205 -> 138 (50)
205 -> 247 (55)
208 -> 240 (165)
208 -> 344 (16)
209 -> 265 (200)
210 -> 311 (195)
215 -> 265 (133)
215 -> 285 (10)
218 -> 133 (59)
218 -> 198 (49)
218 -> 311 (32)
222 -> 240 (57)
222 -> 318 (87)
222 -> 357 (27)
224 -> 364 (29)
226 -> 265 (137)
227 -> 66 (46)
228 -> 61 (59)
228 -> 240 (119)
230 -> 318 (95)
231 -> 245 (158)
233 -> 245 (195)
235 -> 265 (25)
235 -> 330 (19)
235 -> 344 (81)
235 -> 387 (26)
238 -> 183 (41)
239 -> 193 (111)
240 -> 110 (74)
241 -> 311 (155)
242 -> 77 (41)
242 -> 185 (97)
246 -> 311 (121)
247 -> 311 (91)
255 -> 66 (42)
263 -> 240 (102)
263 -> 267 (82)
264 -> 105 (106)
264 -> 165 (24)
266 -> 126 (8)
266 -> 162 (178)
267 -> 311 (82)
269 -> 337 (168)
273 -> 193 (53)
274 -> 30 (90)
274 -> 43 (14)
274 -> 93 (88)
274 -> 187 (142)
274 -> 209 (93)
274 -> 297 (96)
274 -> 304 (148)
274 -> 381 (133)
274 -> 393 (82)
281 -> 245 (35)
283 -> 79 (29)
283 -> 105 (40)
283 -> 382 (19)
285 -> 245 (167)
286 -> 124 (4)
286 -> 265 (78)
286 -> 307 (60)
290 -> 119 (108)
293 -> 76 (127)
293 -> 233 (14)
293 -> 344 (28)
294 -> 13 (158)
294 -> 81 (88)
294 -> 152 (137)
294 -> 171 (125)
294 -> 193 (186)
294 -> 209 (107)
294 -> 290 (108)
297 -> 265 (96)
299 -> 193 (12)
302 -> 299 (12)
304 -> 265 (148)
305 -> 265 (5)
307 -> 311 (145)
309 -> 42 (135)
309 -> 74 (119)
309 -> 108 (136)
309 -> 208 (181)
309 -> 228 (178)
309 -> 230 (95)
309 -> 240 (124)
309 -> 265 (43)
309 -> 339 (142)
310 -> 269 (51)
312 -> 311 (176)
315 -> 30 (45)
315 -> 79 (131)
315 -> 129 (28)
315 -> 184 (81)
315 -> 199 (65)
315 -> 240 (180)
315 -> 246 (76)
315 -> 269 (80)
315 -> 327 (149)
315 -> 331 (132)
315 -> 394 (99)
316 -> 75 (157)
316 -> 101 (128)
316 -> 157 (156)
316 -> 172 (121)
316 -> 222 (171)
316 -> 356 (135)
316 -> 382 (169)
318 -> 39 (182)
319 -> 385 (126)
323 -> 67 (36)
327 -> 286 (142)
327 -> 363 (7)
330 -> 311 (64)
331 -> 51 (132)
332 -> 350 (106)
332 -> 364 (59)
335 -> 240 (125)
335 -> 386 (43)
336 -> 281 (7)
337 -> 265 (168)
339 -> 136 (142)
344 -> 193 (141)
345 -> 52 (7)
345 -> 311 (72)
348 -> 3 (186)
348 -> 9 (156)
348 -> 137 (63)
348 -> 193 (181)
348 -> 204 (46)
348 -> 265 (140)
348 -> 356 (57)
348 -> 370 (128)
350 -> 193 (106)
353 -> 311 (161)
355 -> 66 (14)
356 -> 311 (192)
357 -> 281 (27)
361 -> 41 (193)
361 -> 108 (45)
361 -> 187 (13)
361 -> 235 (151)
361 -> 240 (56)
361 -> 242 (138)
361 -> 269 (32)
361 -> 293 (169)
361 -> 316 (146)
361 -> 332 (165)
361 -> 335 (168)
361 -> 376 (195)
361 -> 399 (124)
362 -> 81 (60)
362 -> 163 (152)
362 -> 274 (186)
362 -> 283 (88)
362 -> 379 (197)
362 -> 398 (42)
363 -> 124 (7)
364 -> 193 (112)
365 -> 15 (48)
365 -> 24 (142)
365 -> 139 (109)
365 -> 189 (111)
365 -> 205 (105)
365 -> 266 (186)
368 -> 245 (124)
370 -> 193 (128)
371 -> 273 (30)
373 -> 285 (157)
376 -> 65 (57)
376 -> 240 (138)
379 -> 35 (86)
379 -> 193 (111)
381 -> 193 (133)
382 -> 193 (188)
385 -> 238 (41)
385 -> 307 (85)
386 -> 26 (43)
387 -> 311 (26)
388 -> 294 (159)
388 -> 319 (126)
389 -> 245 (137)
390 -> 52 (56)
390 -> 53 (119)
390 -> 78 (32)
390 -> 111 (143)
390 -> 231 (110)
390 -> 240 (66)
390 -> 264 (130)
391 -> 311 (107)
393 -> 311 (150)
394 -> 186 (99)
395 -> 77 (134)
395 -> 89 (94)
395 -> 218 (140)
395 -> 226 (137)
395 -> 265 (48)
395 -> 310 (51)
395 -> 345 (79)
395 -> 348 (41)
398 -> 3 (42)
399 -> 368 (124)
Fluxo: 11031
Arestas removidas: 17638

--Rotas do 8º turno-----------------------------
1 -> 273 (113)
3 -> 151 (75)
9 -> 134 (29)
13 -> 265 (122)
15 -> 231 (48)
24 -> 126 (64)
24 -> 192 (78)
26 -> 265 (130)
30 -> 193 (135)
35 -> 311 (143)
37 -> 144 (7)
38 -> 183 (13)
39 -> 265 (62)
41 -> 198 (93)
41 -> 233 (100)
42 -> 193 (91)
42 -> 239 (44)
44 -> 265 (70)
50 -> 193 (64)
51 -> 65 (81)
51 -> 136 (51)
52 -> 149 (63)
53 -> 37 (7)
53 -> 392 (110)
58 -> 66 (94)
65 -> 389 (193)
66 -> 265 (162)
67 -> 245 (41)
71 -> 119 (159)
74 -> 35 (60)
74 -> 246 (45)
74 -> 396 (14)
76 -> 153 (47)
76 -> 193 (38)
77 -> 311 (175)
79 -> 311 (160)
81 -> 135 (60)
89 -> 265 (94)
94 -> 67 (41)
94 -> 136 (1)
102 -> 265 (87)
108 -> 143 (181)
110 -> 311 (105)
111 -> 215 (143)
119 -> 193 (159)
126 -> 364 (73)
129 -> 152 (49)
133 -> 364 (67)
134 -> 245 (29)
135 -> 193 (60)
136 -> 265 (194)
138 -> 38 (13)
138 -> 165 (42)
138 -> 281 (29)
139 -> 145 (109)
143 -> 202 (181)
144 -> 305 (7)
145 -> 239 (67)
145 -> 255 (42)
149 -> 245 (101)
151 -> 245 (124)
152 -> 151 (49)
153 -> 265 (47)
162 -> 245 (178)
163 -> 71 (152)
165 -> 26 (78)
179 -> 71 (7)
183 -> 193 (78)
184 -> 233 (81)
185 -> 245 (97)
186 -> 102 (87)
186 -> 273 (12)
187 -> 245 (155)
189 -> 336 (83)
189 -> 357 (28)
190 -> 1 (48)
190 -> 9 (8)
190 -> 350 (17)
192 -> 13 (78)
198 -> 311 (93)
199 -> 1 (65)
202 -> 193 (181)
205 -> 138 (84)
205 -> 247 (21)
208 -> 94 (42)
208 -> 344 (139)
209 -> 265 (93)
215 -> 265 (133)
215 -> 285 (10)
218 -> 133 (67)
218 -> 190 (73)
226 -> 265 (137)
230 -> 318 (62)
231 -> 245 (158)
233 -> 245 (195)
235 -> 58 (94)
235 -> 126 (9)
235 -> 265 (25)
235 -> 295 (21)
235 -> 344 (2)
237 -> 50 (64)
238 -> 183 (65)
239 -> 193 (111)
240 -> 3 (75)
240 -> 110 (105)
241 -> 311 (155)
242 -> 77 (41)
242 -> 185 (97)
246 -> 311 (121)
247 -> 9 (21)
249 -> 26 (28)
255 -> 305 (42)
264 -> 13 (44)
264 -> 165 (36)
264 -> 314 (9)
264 -> 392 (41)
266 -> 162 (178)
266 -> 295 (8)
269 -> 337 (168)
271 -> 26 (11)
271 -> 273 (13)
273 -> 193 (138)
274 -> 187 (64)
274 -> 209 (93)
274 -> 304 (29)
281 -> 245 (140)
283 -> 79 (29)
283 -> 382 (59)
285 -> 245 (19)
286 -> 237 (64)
286 -> 265 (78)
293 -> 44 (70)
293 -> 76 (85)
293 -> 233 (14)
294 -> 193 (182)
295 -> 149 (29)
297 -> 265 (96)
304 -> 265 (29)
305 -> 265 (49)
307 -> 249 (28)
307 -> 271 (24)
307 -> 367 (9)
309 -> 42 (135)
309 -> 74 (119)
309 -> 108 (136)
309 -> 208 (181)
309 -> 230 (62)
309 -> 265 (43)
309 -> 339 (142)
310 -> 269 (56)
311 -> 245 (82)
314 -> 149 (9)
315 -> 30 (109)
315 -> 79 (131)
315 -> 129 (49)
315 -> 184 (81)
315 -> 199 (65)
315 -> 240 (180)
315 -> 246 (76)
315 -> 269 (80)
315 -> 327 (149)
315 -> 331 (132)
315 -> 394 (99)
316 -> 356 (135)
316 -> 382 (11)
318 -> 39 (62)
319 -> 385 (126)
327 -> 286 (142)
327 -> 363 (7)
331 -> 51 (132)
332 -> 297 (96)
332 -> 350 (69)
335 -> 241 (155)
335 -> 386 (13)
336 -> 281 (83)
337 -> 265 (168)
339 -> 136 (142)
344 -> 193 (141)
345 -> 52 (7)
345 -> 311 (72)
348 -> 193 (151)
350 -> 193 (115)
355 -> 66 (54)
355 -> 350 (29)
356 -> 311 (135)
357 -> 281 (28)
359 -> 265 (6)
361 -> 41 (193)
361 -> 108 (45)
361 -> 187 (91)
361 -> 235 (151)
361 -> 242 (138)
361 -> 269 (32)
361 -> 293 (169)
361 -> 316 (146)
361 -> 332 (165)
361 -> 335 (168)
361 -> 376 (195)
361 -> 399 (124)
362 -> 81 (60)
362 -> 163 (152)
362 -> 274 (186)
362 -> 283 (88)
362 -> 379 (194)
363 -> 179 (7)
364 -> 193 (140)
365 -> 15 (48)
365 -> 24 (142)
365 -> 139 (109)
365 -> 189 (111)
365 -> 205 (105)
365 -> 266 (186)
367 -> 285 (9)
368 -> 245 (124)
376 -> 65 (112)
376 -> 355 (83)
379 -> 35 (83)
379 -> 193 (111)
382 -> 193 (70)
385 -> 238 (65)
385 -> 307 (61)
386 -> 26 (13)
388 -> 294 (182)
388 -> 319 (126)
389 -> 245 (187)
389 -> 359 (6)
390 -> 52 (56)
390 -> 53 (117)
390 -> 111 (143)
390 -> 231 (110)
390 -> 264 (130)
392 -> 348 (151)
394 -> 186 (99)
395 -> 30 (26)
395 -> 77 (134)
395 -> 89 (94)
395 -> 218 (140)
395 -> 226 (137)
395 -> 265 (48)
395 -> 310 (56)
395 -> 345 (79)
395 -> 390 (189)
396 -> 66 (14)
399 -> 368 (124)
Fluxo: 6545
Arestas removidas: 17690

--Rotas do 9º turno-----------------------------
1 -> 273 (77)
3 -> 151 (90)
3 -> 348 (110)
9 -> 134 (150)
13 -> 265 (119)
15 -> 231 (91)
24 -> 126 (73)
24 -> 192 (69)
26 -> 265 (130)
30 -> 193 (135)
35 -> 74 (60)
38 -> 183 (8)
41 -> 198 (79)
41 -> 233 (114)
42 -> 193 (91)
44 -> 265 (70)
50 -> 193 (28)
51 -> 136 (113)
51 -> 377 (19)
52 -> 149 (102)
58 -> 66 (45)
65 -> 136 (81)
65 -> 389 (31)
66 -> 265 (162)
67 -> 245 (41)
71 -> 119 (167)
74 -> 166 (60)
76 -> 153 (33)
76 -> 193 (38)
77 -> 170 (76)
77 -> 192 (50)
77 -> 330 (8)
79 -> 283 (49)
79 -> 311 (82)
81 -> 135 (60)
89 -> 265 (94)
93 -> 183 (19)
102 -> 265 (87)
108 -> 143 (66)
108 -> 309 (43)
111 -> 215 (67)
119 -> 193 (167)
124 -> 66 (64)
125 -> 183 (13)
126 -> 364 (73)
129 -> 152 (49)
133 -> 364 (67)
134 -> 245 (150)
135 -> 193 (60)
136 -> 265 (194)
138 -> 38 (8)
138 -> 281 (76)
139 -> 145 (109)
143 -> 202 (66)
145 -> 239 (109)
149 -> 245 (114)
151 -> 245 (139)
152 -> 151 (49)
153 -> 265 (33)
162 -> 245 (178)
163 -> 71 (152)
164 -> 245 (137)
166 -> 367 (60)
170 -> 396 (76)
179 -> 71 (7)
183 -> 193 (105)
184 -> 233 (81)
185 -> 245 (118)
186 -> 102 (87)
186 -> 273 (12)
187 -> 245 (155)
189 -> 323 (47)
189 -> 336 (64)
190 -> 1 (12)
190 -> 9 (53)
190 -> 350 (8)
192 -> 13 (119)
198 -> 67 (41)
198 -> 350 (38)
199 -> 1 (65)
201 -> 185 (12)
202 -> 193 (66)
205 -> 138 (84)
205 -> 247 (21)
209 -> 265 (93)
215 -> 265 (67)
218 -> 133 (67)
218 -> 190 (73)
220 -> 164 (137)
226 -> 265 (137)
231 -> 245 (158)
233 -> 245 (195)
235 -> 58 (45)
235 -> 265 (25)
235 -> 344 (81)
237 -> 50 (28)
238 -> 183 (65)
239 -> 193 (109)
240 -> 3 (200)
241 -> 201 (12)
241 -> 295 (4)
242 -> 185 (106)
242 -> 344 (32)
246 -> 9 (76)
247 -> 9 (21)
249 -> 26 (28)
266 -> 162 (178)
266 -> 295 (8)
269 -> 337 (168)
271 -> 26 (2)
273 -> 193 (165)
274 -> 187 (64)
274 -> 209 (93)
274 -> 304 (29)
281 -> 245 (140)
283 -> 220 (137)
285 -> 245 (68)
286 -> 124 (64)
286 -> 265 (78)
293 -> 44 (70)
293 -> 76 (71)
293 -> 344 (28)
294 -> 193 (182)
295 -> 149 (12)
297 -> 265 (96)
304 -> 265 (29)
307 -> 237 (28)
307 -> 249 (23)
307 -> 271 (2)
307 -> 367 (8)
309 -> 265 (43)
310 -> 269 (56)
311 -> 245 (82)
315 -> 30 (109)
315 -> 79 (131)
315 -> 129 (49)
315 -> 184 (81)
315 -> 199 (65)
315 -> 240 (180)
315 -> 246 (76)
315 -> 269 (80)
315 -> 327 (149)
315 -> 331 (132)
315 -> 394 (99)
316 -> 382 (146)
319 -> 385 (126)
323 -> 42 (47)
326 -> 245 (32)
327 -> 286 (142)
327 -> 363 (7)
330 -> 71 (8)
331 -> 51 (132)
332 -> 297 (96)
332 -> 350 (69)
335 -> 240 (20)
335 -> 241 (16)
335 -> 386 (132)
336 -> 281 (64)
337 -> 265 (168)
344 -> 193 (141)
345 -> 52 (47)
345 -> 93 (19)
345 -> 125 (13)
348 -> 193 (110)
350 -> 193 (115)
355 -> 42 (44)
355 -> 66 (39)
361 -> 41 (193)
361 -> 108 (109)
361 -> 187 (91)
361 -> 235 (151)
361 -> 242 (138)
361 -> 269 (32)
361 -> 293 (169)
361 -> 316 (146)
361 -> 332 (165)
361 -> 335 (168)
361 -> 376 (195)
361 -> 399 (124)
362 -> 81 (60)
362 -> 163 (152)
362 -> 274 (186)
362 -> 283 (88)
362 -> 379 (171)
363 -> 179 (7)
364 -> 193 (140)
365 -> 15 (91)
365 -> 24 (142)
365 -> 139 (109)
365 -> 189 (111)
365 -> 205 (105)
365 -> 266 (186)
367 -> 285 (68)
368 -> 245 (124)
376 -> 65 (112)
376 -> 355 (83)
377 -> 66 (14)
377 -> 249 (5)
379 -> 35 (60)
379 -> 193 (111)
382 -> 193 (146)
385 -> 238 (65)
385 -> 307 (61)
386 -> 26 (100)
386 -> 326 (32)
388 -> 294 (182)
388 -> 319 (126)
389 -> 245 (31)
390 -> 52 (55)
390 -> 111 (67)
390 -> 231 (67)
394 -> 186 (99)
395 -> 30 (26)
395 -> 77 (134)
395 -> 89 (94)
395 -> 218 (140)
395 -> 226 (137)
395 -> 265 (48)
395 -> 310 (56)
395 -> 345 (79)
395 -> 390 (189)
396 -> 273 (76)
399 -> 368 (124)
Fluxo: 5444
Arestas removidas: 17702

--Rotas do 10º turno-----------------------------
1 -> 273 (77)
3 -> 151 (90)
3 -> 348 (110)
9 -> 134 (150)
13 -> 265 (119)
15 -> 231 (91)
24 -> 126 (73)
24 -> 192 (69)
26 -> 265 (130)
30 -> 193 (135)
35 -> 74 (60)
38 -> 183 (8)
41 -> 198 (79)
41 -> 233 (114)
42 -> 193 (91)
44 -> 265 (70)
50 -> 193 (28)
51 -> 136 (113)
51 -> 377 (19)
52 -> 149 (102)
58 -> 66 (45)
65 -> 136 (81)
65 -> 389 (31)
66 -> 265 (162)
67 -> 245 (41)
71 -> 119 (167)
74 -> 166 (60)
76 -> 153 (33)
76 -> 193 (38)
77 -> 170 (76)
77 -> 192 (50)
77 -> 330 (8)
79 -> 283 (49)
79 -> 311 (82)
81 -> 135 (60)
89 -> 265 (94)
93 -> 183 (19)
102 -> 265 (87)
108 -> 143 (66)
108 -> 309 (43)
111 -> 215 (67)
119 -> 193 (167)
124 -> 66 (64)
125 -> 183 (13)
126 -> 364 (73)
129 -> 152 (49)
133 -> 364 (67)
134 -> 245 (150)
135 -> 193 (60)
136 -> 265 (194)
138 -> 38 (8)
138 -> 281 (76)
139 -> 145 (109)
143 -> 202 (66)
145 -> 239 (109)
149 -> 245 (114)
151 -> 245 (139)
152 -> 151 (49)
153 -> 265 (33)
162 -> 245 (178)
163 -> 71 (152)
164 -> 245 (137)
166 -> 367 (60)
170 -> 396 (76)
179 -> 71 (7)
183 -> 193 (105)
184 -> 233 (81)
185 -> 245 (118)
186 -> 102 (87)
186 -> 273 (12)
187 -> 245 (155)
189 -> 323 (47)
189 -> 336 (64)
190 -> 1 (12)
190 -> 9 (53)
190 -> 350 (8)
192 -> 13 (119)
198 -> 67 (41)
198 -> 350 (38)
199 -> 1 (65)
201 -> 185 (12)
202 -> 193 (66)
205 -> 138 (84)
205 -> 247 (21)
209 -> 265 (93)
215 -> 265 (67)
218 -> 133 (67)
218 -> 190 (73)
220 -> 164 (137)
226 -> 265 (137)
231 -> 245 (158)
233 -> 245 (195)
235 -> 58 (45)
235 -> 265 (25)
235 -> 344 (81)
237 -> 50 (28)
238 -> 183 (65)
239 -> 193 (109)
240 -> 3 (200)
241 -> 201 (12)
241 -> 295 (4)
242 -> 185 (106)
242 -> 344 (32)
246 -> 9 (76)
247 -> 9 (21)
249 -> 26 (28)
266 -> 162 (178)
266 -> 295 (8)
269 -> 337 (168)
271 -> 26 (2)
273 -> 193 (165)
274 -> 187 (64)
274 -> 209 (93)
274 -> 304 (29)
281 -> 245 (140)
283 -> 220 (137)
285 -> 245 (68)
286 -> 124 (64)
286 -> 265 (78)
293 -> 44 (70)
293 -> 76 (71)
293 -> 344 (28)
294 -> 193 (182)
295 -> 149 (12)
297 -> 265 (96)
304 -> 265 (29)
307 -> 237 (28)
307 -> 249 (23)
307 -> 271 (2)
307 -> 367 (8)
309 -> 265 (43)
310 -> 269 (56)
311 -> 245 (82)
315 -> 30 (109)
315 -> 79 (131)
315 -> 129 (49)
315 -> 184 (81)
315 -> 199 (65)
315 -> 240 (180)
315 -> 246 (76)
315 -> 269 (80)
315 -> 327 (149)
315 -> 331 (132)
315 -> 394 (99)
316 -> 382 (146)
319 -> 385 (126)
323 -> 42 (47)
326 -> 245 (32)
327 -> 286 (142)
327 -> 363 (7)
330 -> 71 (8)
331 -> 51 (132)
332 -> 297 (96)
332 -> 350 (69)
335 -> 240 (20)
335 -> 241 (16)
335 -> 386 (132)
336 -> 281 (64)
337 -> 265 (168)
344 -> 193 (141)
345 -> 52 (47)
345 -> 93 (19)
345 -> 125 (13)
348 -> 193 (110)
350 -> 193 (115)
355 -> 42 (44)
355 -> 66 (39)
361 -> 41 (193)
361 -> 108 (109)
361 -> 187 (91)
361 -> 235 (151)
361 -> 242 (138)
361 -> 269 (32)
361 -> 293 (169)
361 -> 316 (146)
361 -> 332 (165)
361 -> 335 (168)
361 -> 376 (195)
361 -> 399 (124)
362 -> 81 (60)
362 -> 163 (152)
362 -> 274 (186)
362 -> 283 (88)
362 -> 379 (171)
363 -> 179 (7)
364 -> 193 (140)
365 -> 15 (91)
365 -> 24 (142)
365 -> 139 (109)
365 -> 189 (111)
365 -> 205 (105)
365 -> 266 (186)
367 -> 285 (68)
368 -> 245 (124)
376 -> 65 (112)
376 -> 355 (83)
377 -> 66 (14)
377 -> 249 (5)
379 -> 35 (60)
379 -> 193 (111)
382 -> 193 (146)
385 -> 238 (65)
385 -> 307 (61)
386 -> 26 (100)
386 -> 326 (32)
388 -> 294 (182)
388 -> 319 (126)
389 -> 245 (31)
390 -> 52 (55)
390 -> 111 (67)
390 -> 231 (67)
394 -> 186 (99)
395 -> 30 (26)
395 -> 77 (134)
395 -> 89 (94)
395 -> 218 (140)
395 -> 226 (137)
395 -> 265 (48)
395 -> 310 (56)
395 -> 345 (79)
395 -> 390 (189)
396 -> 273 (76)
399 -> 368 (124)
Fluxo: 5444
Arestas removidas: 17702

--Rotas do 11º turno-----------------------------
13 -> 265 (50)
15 -> 231 (91)
24 -> 94 (54)
24 -> 126 (88)
30 -> 193 (135)
35 -> 74 (60)
41 -> 233 (114)
42 -> 193 (91)
44 -> 265 (70)
66 -> 265 (60)
67 -> 245 (41)
71 -> 119 (152)
74 -> 396 (60)
76 -> 193 (38)
77 -> 192 (50)
79 -> 311 (82)
81 -> 135 (60)
89 -> 265 (94)
94 -> 67 (41)
94 -> 136 (13)
108 -> 309 (43)
119 -> 193 (152)
126 -> 136 (71)
126 -> 364 (17)
133 -> 136 (67)
135 -> 193 (60)
136 -> 265 (161)
138 -> 281 (84)
139 -> 145 (109)
145 -> 239 (109)
162 -> 245 (178)
163 -> 71 (152)
164 -> 245 (88)
179 -> 136 (10)
183 -> 193 (65)
184 -> 233 (81)
185 -> 245 (106)
187 -> 245 (155)
189 -> 323 (91)
189 -> 336 (20)
190 -> 350 (57)
192 -> 13 (50)
205 -> 138 (84)
209 -> 265 (93)
218 -> 133 (67)
218 -> 190 (57)
220 -> 164 (88)
226 -> 265 (137)
231 -> 245 (158)
233 -> 245 (195)
235 -> 265 (25)
235 -> 344 (81)
238 -> 183 (65)
239 -> 193 (109)
242 -> 185 (106)
242 -> 344 (32)
266 -> 162 (178)
269 -> 337 (112)
274 -> 187 (64)
274 -> 209 (93)
274 -> 297 (29)
281 -> 245 (104)
283 -> 220 (88)
286 -> 265 (78)
293 -> 44 (70)
293 -> 76 (38)
293 -> 344 (28)
294 -> 193 (182)
297 -> 265 (29)
307 -> 179 (10)
307 -> 286 (51)
309 -> 265 (43)
311 -> 245 (82)
315 -> 30 (109)
315 -> 79 (82)
315 -> 184 (81)
315 -> 269 (80)
315 -> 327 (27)
316 -> 382 (10)
319 -> 385 (126)
323 -> 42 (91)
327 -> 286 (27)
336 -> 281 (20)
337 -> 265 (112)
344 -> 193 (141)
350 -> 193 (57)
361 -> 41 (114)
361 -> 108 (43)
361 -> 187 (91)
361 -> 235 (106)
361 -> 242 (138)
361 -> 269 (32)
361 -> 293 (136)
361 -> 316 (10)
362 -> 81 (60)
362 -> 163 (152)
362 -> 274 (186)
362 -> 283 (88)
362 -> 379 (171)
364 -> 193 (17)
365 -> 15 (91)
365 -> 24 (142)
365 -> 139 (109)
365 -> 189 (111)
365 -> 205 (84)
365 -> 266 (178)
379 -> 35 (60)
379 -> 193 (111)
382 -> 193 (10)
385 -> 238 (65)
385 -> 307 (61)
388 -> 294 (182)
388 -> 315 (59)
388 -> 319 (126)
388 -> 395 (133)
390 -> 231 (67)
395 -> 30 (26)
395 -> 77 (50)
395 -> 89 (94)
395 -> 218 (124)
395 -> 226 (137)
395 -> 265 (48)
395 -> 390 (67)
396 -> 66 (60)
Fluxo: 3275
Arestas removidas: 17702

--Rotas do 12º turno-----------------------------
30 -> 193 (135)
35 -> 74 (60)
42 -> 193 (17)
44 -> 265 (65)
71 -> 119 (152)
74 -> 309 (60)
79 -> 311 (82)
81 -> 135 (60)
89 -> 265 (9)
119 -> 193 (152)
135 -> 193 (60)
136 -> 265 (1)
163 -> 71 (152)
164 -> 245 (6)
179 -> 136 (1)
187 -> 245 (142)
209 -> 265 (44)
220 -> 164 (6)
238 -> 44 (65)
274 -> 187 (142)
274 -> 209 (44)
283 -> 79 (82)
283 -> 220 (6)
286 -> 265 (60)
294 -> 193 (182)
307 -> 179 (1)
307 -> 286 (60)
309 -> 42 (17)
309 -> 265 (43)
311 -> 245 (82)
315 -> 30 (59)
319 -> 385 (126)
362 -> 81 (60)
362 -> 163 (152)
362 -> 274 (186)
362 -> 283 (88)
362 -> 379 (171)
379 -> 35 (60)
379 -> 193 (111)
385 -> 238 (65)
385 -> 307 (61)
388 -> 294 (182)
388 -> 315 (59)
388 -> 319 (126)
388 -> 395 (133)
395 -> 30 (76)
395 -> 89 (9)
395 -> 265 (48)
Fluxo: 1157
Arestas removidas: 17702

--Rotas do 13º turno-----------------------------
30 -> 193 (135)
44 -> 265 (65)
89 -> 265 (9)
136 -> 265 (1)
179 -> 136 (1)
238 -> 44 (65)
286 -> 265 (60)
294 -> 193 (182)
307 -> 179 (1)
307 -> 286 (60)
315 -> 30 (59)
319 -> 385 (126)
362 -> 379 (76)
379 -> 193 (76)
385 -> 238 (65)
385 -> 307 (61)
388 -> 294 (182)
388 -> 315 (59)
388 -> 319 (126)
388 -> 395 (133)
395 -> 30 (76)
395 -> 89 (9)
395 -> 265 (48)
Fluxo: 576
Arestas removidas: 17702

--Rotas do 14º turno-----------------------------
30 -> 193 (135)
44 -> 265 (65)
89 -> 265 (9)
136 -> 265 (1)
179 -> 136 (1)
238 -> 44 (65)
286 -> 265 (60)
294 -> 193 (182)
307 -> 179 (1)
307 -> 286 (60)
315 -> 30 (59)
319 -> 385 (126)
385 -> 238 (65)
385 -> 307 (61)
388 -> 294 (182)
388 -> 315 (59)
388 -> 319 (126)
388 -> 395 (133)
395 -> 30 (76)
395 -> 89 (9)
395 -> 265 (48)
Fluxo: 500
Arestas removidas: 17702

--Rotas do 15º turno-----------------------------
30 -> 193 (135)
44 -> 265 (65)
89 -> 265 (9)
136 -> 265 (1)
179 -> 136 (1)
238 -> 44 (65)
286 -> 265 (60)
294 -> 193 (182)
307 -> 179 (1)
307 -> 286 (60)
315 -> 30 (59)
319 -> 385 (126)
385 -> 238 (65)
385 -> 307 (61)
388 -> 294 (182)
388 -> 315 (59)
388 -> 319 (126)
388 -> 395 (133)
395 -> 30 (76)
395 -> 89 (9)
395 -> 265 (48)
Fluxo: 500
Arestas removidas: 17702

--Rotas do 16º turno-----------------------------
30 -> 193 (135)
44 -> 265 (65)
89 -> 265 (9)
136 -> 265 (1)
179 -> 136 (1)
238 -> 44 (65)
286 -> 265 (60)
294 -> 193 (182)
307 -> 179 (1)
307 -> 286 (60)
315 -> 30 (59)
319 -> 385 (126)
385 -> 238 (65)
385 -> 307 (61)
388 -> 294 (182)
388 -> 315 (59)
388 -> 319 (126)
388 -> 395 (133)
395 -> 30 (76)
395 -> 89 (9)
395 -> 265 (48)
Fluxo: 500
Arestas removidas: 17702

--Rotas do 17º turno-----------------------------
30 -> 193 (135)
44 -> 265 (65)
89 -> 265 (9)
136 -> 265 (1)
179 -> 136 (1)
238 -> 44 (65)
286 -> 265 (60)
294 -> 193 (182)
307 -> 179 (1)
307 -> 286 (60)
315 -> 30 (59)
319 -> 385 (126)
385 -> 238 (65)
385 -> 307 (61)
388 -> 294 (182)
388 -> 315 (59)
388 -> 319 (126)
388 -> 395 (133)
395 -> 30 (76)
395 -> 89 (9)
395 -> 265 (48)
Fluxo: 500
Arestas removidas: 17702

--Rotas do 18º turno-----------------------------
30 -> 193 (135)
44 -> 265 (65)
89 -> 265 (9)
136 -> 265 (1)
179 -> 136 (1)
238 -> 44 (65)
286 -> 265 (60)
294 -> 193 (182)
307 -> 179 (1)
307 -> 286 (60)
315 -> 30 (59)
319 -> 385 (126)
385 -> 238 (65)
385 -> 307 (61)
388 -> 294 (182)
388 -> 315 (59)
388 -> 319 (126)
388 -> 395 (133)
395 -> 30 (76)
395 -> 89 (9)
395 -> 265 (48)
Fluxo: 500
Arestas removidas: 17702

--Rotas do 19º turno-----------------------------
30 -> 193 (135)
44 -> 265 (59)
89 -> 265 (9)
238 -> 44 (59)
294 -> 193 (182)
315 -> 30 (59)
319 -> 385 (59)
385 -> 238 (59)
388 -> 294 (182)
388 -> 315 (59)
388 -> 319 (59)
388 -> 395 (133)
395 -> 30 (76)
395 -> 89 (9)
395 -> 265 (48)
Fluxo: 433
Arestas removidas: 17702

População evacuada: 222381 de 222381 UTs
O tempo total para evacuar 100.00% da população é: 20 unidades de tempo.
