--Rotas do 1ยบ turno-----------------------------
0 -> 133 (146)
1 -> 261 (169)
2 -> 133 (124)
2 -> 967 (76)
3 -> 133 (129)
3 -> 844 (37)
4 -> 0 (146)
4 -> 24 (179)
4 -> 26 (87)
4 -> 33 (138)
4 -> 36 (90)
4 -> 37 (192)
4 -> 38 (141)
4 -> 45 (180)
4 -> 46 (96)
4 -> 52 (197)
4 -> 56 (162)
4 -> 58 (175)
4 -> 64 (175)
4 -> 73 (194)
4 -> 101 (197)
4 -> 181 (193)
4 -> 283 (99)
4 -> 292 (195)
4 -> 338 (109)
4 -> 641 (120)
4 -> 651 (73)
4 -> 669 (16)
4 -> 705 (86)
4 -> 792 (97)
4 -> 844 (179)
4 -> 981 (65)
5 -> 3 (166)
5 -> 12 (168)
5 -> 18 (106)
5 -> 27 (69)
5 -> 41 (146)
5 -> 44 (99)
5 -> 55 (199)
5 -> 56 (1)
5 -> 63 (139)
5 -> 65 (178)
5 -> 71 (167)
5 -> 72 (132)
5 -> 74 (137)
5 -> 80 (189)
5 -> 83 (176)
5 -> 95 (171)
5 -> 105 (134)
5 -> 122 (78)
5 -> 123 (175)
5 -> 129 (166)
5 -> 133 (162)
5 -> 148 (128)
5 -> 154 (103)
5 -> 204 (154)
5 -> 214 (170)
5 -> 228 (131)
5 -> 250 (123)
5 -> 361 (51)
5 -> 392 (148)
5 -> 414 (195)
5 -> 479 (149)
5 -> 536 (167)
5 -> 557 (150)
5 -> 559 (124)
5 -> 614 (62)
5 -> 615 (158)
5 -> 617 (119)
5 -> 624 (17)
5 -> 633 (152)
5 -> 643 (13)
5 -> 660 (67)
5 -> 688 (29)
5 -> 844 (60)
6 -> 706 (19)
6 -> 981 (86)
7 -> 651 (194)
8 -> 133 (160)
9 -> 133 (157)
9 -> 338 (36)
10 -> 338 (95)
11 -> 361 (114)
11 -> 844 (33)
12 -> 338 (168)
13 -> 261 (142)
13 -> 651 (49)
14 -> 338 (133)
15 -> 759 (2)
15 -> 844 (110)
16 -> 320 (144)
16 -> 651 (52)
17 -> 8 (160)
17 -> 14 (133)
17 -> 15 (112)
17 -> 16 (196)
17 -> 23 (192)
17 -> 34 (158)
17 -> 39 (114)
17 -> 63 (44)
17 -> 81 (171)
17 -> 86 (183)
17 -> 111 (136)
17 -> 113 (195)
17 -> 119 (127)
17 -> 129 (12)
17 -> 133 (105)
17 -> 137 (189)
17 -> 139 (150)
17 -> 145 (145)
17 -> 147 (160)
17 -> 156 (187)
17 -> 170 (175)
17 -> 224 (123)
17 -> 274 (167)
17 -> 305 (130)
17 -> 319 (135)
17 -> 361 (141)
17 -> 495 (196)
17 -> 595 (98)
17 -> 614 (120)
17 -> 651 (190)
17 -> 670 (145)
17 -> 673 (120)
17 -> 710 (168)
17 -> 831 (97)
17 -> 835 (141)
17 -> 844 (125)
17 -> 896 (167)
17 -> 939 (54)
17 -> 978 (22)
18 -> 361 (80)
18 -> 844 (26)
20 -> 261 (171)
20 -> 844 (24)
21 -> 338 (99)
21 -> 981 (73)
22 -> 361 (75)
23 -> 261 (176)
23 -> 844 (16)
24 -> 133 (146)
24 -> 361 (33)
26 -> 651 (159)
27 -> 320 (69)
28 -> 320 (104)
29 -> 261 (149)
30 -> 981 (100)
31 -> 981 (152)
33 -> 320 (138)
34 -> 338 (121)
34 -> 797 (37)
35 -> 361 (74)
36 -> 320 (90)
37 -> 338 (112)
37 -> 651 (80)
38 -> 133 (86)
38 -> 967 (55)
39 -> 844 (170)
40 -> 967 (185)
41 -> 844 (176)
42 -> 338 (109)
43 -> 133 (195)
44 -> 651 (99)
45 -> 261 (143)
45 -> 981 (37)
46 -> 844 (96)
47 -> 133 (147)
48 -> 967 (196)
49 -> 309 (151)
50 -> 92 (102)
51 -> 651 (172)
52 -> 361 (187)
52 -> 651 (10)
53 -> 338 (134)
53 -> 361 (32)
54 -> 7 (137)
54 -> 13 (191)
54 -> 28 (104)
54 -> 40 (185)
54 -> 49 (151)
54 -> 70 (150)
54 -> 78 (139)
54 -> 82 (131)
54 -> 84 (125)
54 -> 85 (159)
54 -> 90 (191)
54 -> 103 (148)
54 -> 104 (122)
54 -> 112 (157)
54 -> 118 (168)
54 -> 121 (171)
54 -> 131 (138)
54 -> 135 (154)
54 -> 144 (46)
54 -> 152 (113)
54 -> 165 (127)
54 -> 298 (138)
54 -> 409 (176)
54 -> 434 (174)
54 -> 658 (141)
54 -> 732 (132)
54 -> 742 (161)
54 -> 844 (165)
54 -> 857 (112)
54 -> 920 (130)
54 -> 923 (123)
54 -> 924 (146)
54 -> 938 (32)
54 -> 993 (170)
55 -> 361 (104)
55 -> 844 (95)
56 -> 320 (163)
57 -> 224 (24)
58 -> 261 (138)
58 -> 651 (37)
60 -> 791 (56)
61 -> 1 (118)
61 -> 2 (200)
61 -> 7 (57)
61 -> 11 (147)
61 -> 48 (116)
61 -> 50 (59)
61 -> 69 (144)
61 -> 72 (37)
61 -> 77 (179)
61 -> 88 (167)
61 -> 106 (194)
61 -> 108 (149)
61 -> 114 (131)
61 -> 143 (195)
61 -> 151 (120)
61 -> 153 (198)
61 -> 155 (152)
61 -> 162 (81)
61 -> 168 (148)
61 -> 176 (121)
61 -> 197 (151)
61 -> 221 (179)
61 -> 233 (191)
61 -> 236 (141)
61 -> 261 (117)
61 -> 263 (192)
61 -> 320 (187)
61 -> 338 (104)
61 -> 341 (182)
61 -> 347 (150)
61 -> 402 (168)
61 -> 408 (154)
61 -> 431 (98)
61 -> 461 (105)
61 -> 470 (123)
61 -> 518 (77)
61 -> 522 (183)
61 -> 723 (119)
61 -> 748 (136)
61 -> 763 (143)
61 -> 811 (131)
61 -> 925 (114)
61 -> 927 (160)
61 -> 929 (174)
61 -> 947 (133)
61 -> 956 (179)
61 -> 963 (162)
62 -> 39 (56)
62 -> 53 (166)
62 -> 84 (37)
62 -> 128 (194)
62 -> 141 (177)
62 -> 151 (41)
62 -> 158 (136)
62 -> 172 (179)
62 -> 175 (153)
62 -> 178 (159)
62 -> 198 (149)
62 -> 200 (181)
62 -> 245 (166)
62 -> 254 (144)
62 -> 261 (101)
62 -> 266 (188)
62 -> 269 (140)
62 -> 338 (127)
62 -> 349 (124)
62 -> 419 (107)
62 -> 467 (110)
62 -> 501 (90)
62 -> 502 (186)
62 -> 520 (153)
62 -> 528 (159)
62 -> 544 (110)
62 -> 555 (132)
62 -> 559 (62)
62 -> 570 (163)
62 -> 587 (174)
62 -> 597 (105)
62 -> 605 (127)
62 -> 636 (182)
62 -> 695 (187)
62 -> 702 (181)
62 -> 706 (85)
62 -> 712 (178)
62 -> 717 (162)
62 -> 724 (101)
62 -> 740 (117)
62 -> 748 (63)
62 -> 763 (56)
62 -> 812 (156)
62 -> 815 (129)
62 -> 853 (118)
62 -> 898 (155)
62 -> 900 (141)
62 -> 956 (19)
62 -> 970 (94)
62 -> 981 (136)
63 -> 133 (183)
64 -> 176 (66)
64 -> 967 (109)
65 -> 361 (158)
65 -> 981 (20)
66 -> 981 (61)
67 -> 261 (92)
67 -> 967 (53)
68 -> 261 (147)
68 -> 338 (4)
69 -> 338 (144)
70 -> 967 (150)
71 -> 133 (167)
72 -> 651 (169)
73 -> 320 (194)
74 -> 133 (194)
75 -> 338 (140)
75 -> 967 (9)
76 -> 261 (116)
76 -> 338 (33)
77 -> 361 (108)
77 -> 844 (71)
78 -> 651 (139)
79 -> 261 (164)
80 -> 320 (107)
80 -> 981 (82)
81 -> 338 (107)
81 -> 651 (64)
82 -> 338 (95)
82 -> 361 (36)
83 -> 338 (155)
83 -> 844 (21)
84 -> 338 (162)
85 -> 338 (159)
86 -> 651 (162)
86 -> 844 (21)
87 -> 361 (96)
88 -> 261 (95)
88 -> 361 (72)
90 -> 261 (113)
90 -> 844 (78)
91 -> 940 (21)
92 -> 133 (102)
93 -> 651 (137)
93 -> 706 (15)
93 -> 759 (29)
93 -> 946 (13)
94 -> 21 (172)
94 -> 29 (149)
94 -> 51 (172)
94 -> 179 (144)
94 -> 185 (114)
94 -> 189 (134)
94 -> 273 (174)
94 -> 489 (173)
94 -> 561 (140)
94 -> 569 (51)
94 -> 624 (120)
94 -> 640 (21)
94 -> 650 (52)
95 -> 361 (69)
95 -> 981 (102)
96 -> 6 (105)
96 -> 47 (98)
96 -> 50 (43)
96 -> 98 (190)
96 -> 132 (179)
96 -> 134 (148)
96 -> 138 (190)
96 -> 140 (158)
96 -> 160 (160)
96 -> 191 (164)
96 -> 192 (135)
96 -> 197 (3)
96 -> 320 (178)
96 -> 343 (145)
96 -> 388 (192)
96 -> 469 (200)
96 -> 647 (194)
96 -> 680 (197)
96 -> 704 (157)
96 -> 708 (152)
96 -> 719 (153)
96 -> 889 (166)
96 -> 904 (116)
96 -> 958 (153)
96 -> 967 (170)
96 -> 993 (7)
97 -> 467 (55)
97 -> 852 (14)
97 -> 938 (7)
97 -> 967 (82)
98 -> 133 (186)
98 -> 981 (4)
101 -> 133 (83)
101 -> 844 (114)
103 -> 361 (189)
104 -> 133 (144)
105 -> 844 (132)
105 -> 967 (2)
106 -> 361 (159)
106 -> 981 (35)
107 -> 361 (155)
108 -> 338 (177)
109 -> 133 (93)
109 -> 261 (33)
110 -> 260 (2)
110 -> 967 (96)
111 -> 261 (164)
112 -> 261 (136)
112 -> 305 (13)
112 -> 402 (7)
112 -> 467 (1)
113 -> 844 (189)
113 -> 981 (6)
114 -> 981 (192)
115 -> 261 (124)
115 -> 338 (18)
116 -> 261 (144)
117 -> 133 (182)
117 -> 338 (13)
118 -> 338 (168)
119 -> 261 (127)
120 -> 967 (74)
121 -> 261 (180)
122 -> 133 (196)
123 -> 361 (157)
123 -> 967 (18)
124 -> 133 (182)
124 -> 261 (5)
125 -> 163 (106)
126 -> 261 (200)
127 -> 133 (126)
127 -> 338 (31)
128 -> 261 (138)
128 -> 338 (56)
129 -> 320 (178)
131 -> 967 (136)
131 -> 981 (2)
132 -> 844 (155)
132 -> 967 (24)
134 -> 261 (123)
134 -> 361 (25)
135 -> 361 (129)
135 -> 981 (25)
136 -> 844 (165)
137 -> 133 (185)
137 -> 706 (4)
138 -> 844 (94)
138 -> 981 (96)
139 -> 261 (142)
139 -> 651 (8)
140 -> 261 (158)
141 -> 133 (160)
141 -> 361 (17)
142 -> 57 (24)
142 -> 79 (164)
142 -> 97 (158)
142 -> 103 (41)
142 -> 133 (65)
142 -> 144 (39)
142 -> 180 (193)
142 -> 187 (159)
142 -> 191 (30)
142 -> 192 (59)
142 -> 207 (144)
142 -> 209 (180)
142 -> 213 (146)
142 -> 215 (134)
142 -> 272 (195)
142 -> 317 (159)
142 -> 364 (90)
142 -> 423 (173)
142 -> 429 (179)
142 -> 484 (60)
142 -> 508 (128)
142 -> 511 (138)
142 -> 566 (98)
142 -> 572 (124)
142 -> 585 (169)
142 -> 586 (141)
142 -> 675 (90)
142 -> 844 (172)
142 -> 862 (73)
142 -> 880 (157)
142 -> 883 (51)
142 -> 933 (117)
142 -> 954 (87)
143 -> 133 (98)
143 -> 844 (97)
144 -> 855 (85)
145 -> 261 (198)
146 -> 844 (103)
146 -> 967 (68)
147 -> 133 (176)
148 -> 981 (170)
149 -> 981 (98)
150 -> 361 (183)
151 -> 133 (161)
152 -> 155 (10)
152 -> 844 (103)
153 -> 844 (183)
153 -> 967 (15)
154 -> 338 (103)
155 -> 133 (162)
156 -> 133 (121)
156 -> 361 (66)
157 -> 133 (167)
158 -> 261 (118)
158 -> 651 (18)
159 -> 361 (102)
160 -> 844 (125)
160 -> 981 (35)
161 -> 651 (168)
161 -> 967 (24)
162 -> 261 (81)
163 -> 133 (106)
164 -> 133 (183)
165 -> 967 (127)
166 -> 133 (124)
166 -> 261 (24)
167 -> 790 (155)
168 -> 338 (91)
168 -> 361 (57)
169 -> 133 (121)
169 -> 361 (64)
170 -> 20 (195)
172 -> 338 (179)
173 -> 967 (61)
174 -> 981 (158)
175 -> 261 (123)
175 -> 361 (30)
176 -> 361 (195)
177 -> 651 (167)
177 -> 981 (3)
178 -> 651 (164)
179 -> 967 (157)
180 -> 361 (196)
181 -> 844 (194)
182 -> 125 (33)
183 -> 338 (81)
184 -> 338 (127)
184 -> 651 (54)
185 -> 338 (114)
187 -> 338 (156)
187 -> 967 (3)
188 -> 261 (155)
188 -> 967 (35)
189 -> 338 (155)
190 -> 844 (132)
190 -> 967 (11)
191 -> 844 (194)
192 -> 338 (194)
193 -> 967 (135)
194 -> 133 (158)
195 -> 967 (198)
196 -> 133 (171)
197 -> 338 (154)
198 -> 261 (149)
199 -> 981 (192)
200 -> 361 (168)
200 -> 651 (13)
201 -> 338 (155)
201 -> 981 (35)
202 -> 75 (149)
202 -> 93 (194)
202 -> 110 (98)
202 -> 133 (143)
202 -> 166 (148)
202 -> 193 (135)
202 -> 242 (170)
202 -> 248 (181)
202 -> 265 (191)
202 -> 286 (112)
202 -> 289 (196)
202 -> 294 (200)
202 -> 297 (141)
202 -> 299 (192)
202 -> 304 (184)
202 -> 307 (174)
202 -> 309 (198)
202 -> 318 (121)
202 -> 322 (163)
202 -> 323 (153)
202 -> 330 (199)
202 -> 337 (136)
202 -> 367 (113)
202 -> 376 (165)
202 -> 399 (127)
202 -> 427 (161)
202 -> 445 (177)
202 -> 448 (189)
202 -> 491 (181)
202 -> 505 (105)
202 -> 525 (177)
202 -> 542 (86)
202 -> 569 (141)
202 -> 579 (119)
202 -> 598 (134)
202 -> 610 (103)
202 -> 627 (129)
202 -> 639 (120)
202 -> 650 (104)
202 -> 683 (170)
202 -> 699 (134)
202 -> 739 (91)
202 -> 768 (149)
202 -> 771 (88)
202 -> 833 (195)
202 -> 844 (80)
202 -> 851 (69)
202 -> 862 (106)
202 -> 915 (150)
202 -> 967 (97)
202 -> 981 (49)
203 -> 133 (146)
204 -> 133 (154)
206 -> 133 (155)
206 -> 651 (22)
207 -> 133 (185)
208 -> 651 (120)
209 -> 844 (187)
210 -> 338 (189)
211 -> 261 (178)
211 -> 651 (1)
212 -> 133 (177)
212 -> 466 (6)
213 -> 338 (110)
213 -> 967 (36)
214 -> 361 (189)
215 -> 261 (134)
218 -> 651 (148)
220 -> 133 (109)
220 -> 338 (85)
221 -> 981 (189)
222 -> 133 (118)
223 -> 261 (99)
224 -> 133 (147)
225 -> 844 (105)
226 -> 361 (129)
226 -> 981 (67)
227 -> 338 (190)
227 -> 981 (6)
228 -> 967 (175)
229 -> 467 (13)
229 -> 552 (2)
230 -> 844 (139)
231 -> 338 (160)
232 -> 133 (127)
232 -> 796 (16)
233 -> 133 (191)
234 -> 261 (182)
234 -> 361 (1)
235 -> 338 (136)
235 -> 361 (61)
236 -> 261 (159)
237 -> 338 (113)
238 -> 338 (118)
238 -> 361 (82)
239 -> 338 (169)
240 -> 338 (179)
241 -> 133 (83)
242 -> 967 (170)
243 -> 338 (150)
243 -> 844 (38)
245 -> 261 (174)
246 -> 844 (185)
247 -> 133 (184)
248 -> 133 (154)
248 -> 967 (27)
249 -> 261 (138)
249 -> 338 (58)
250 -> 133 (123)
251 -> 133 (109)
252 -> 651 (115)
252 -> 967 (72)
253 -> 261 (121)
254 -> 133 (191)
255 -> 338 (165)
256 -> 361 (89)
257 -> 338 (99)
257 -> 651 (33)
258 -> 261 (168)
258 -> 338 (11)
259 -> 133 (134)
259 -> 361 (58)
260 -> 584 (2)
262 -> 133 (187)
263 -> 981 (195)
264 -> 338 (176)
265 -> 338 (136)
265 -> 651 (55)
266 -> 133 (162)
266 -> 338 (26)
267 -> 276 (6)
267 -> 793 (75)
268 -> 361 (170)
269 -> 844 (175)
270 -> 651 (144)
271 -> 9 (193)
271 -> 43 (167)
271 -> 67 (145)
271 -> 109 (126)
271 -> 126 (198)
271 -> 184 (181)
271 -> 300 (75)
271 -> 320 (184)
271 -> 338 (126)
271 -> 360 (189)
271 -> 361 (192)
271 -> 534 (64)
271 -> 640 (140)
271 -> 651 (128)
271 -> 752 (144)
271 -> 762 (175)
271 -> 775 (156)
271 -> 776 (59)
271 -> 802 (35)
271 -> 810 (10)
271 -> 840 (16)
271 -> 844 (149)
272 -> 844 (193)
272 -> 976 (2)
273 -> 981 (174)
274 -> 338 (177)
275 -> 133 (188)
276 -> 338 (181)
278 -> 43 (28)
278 -> 116 (110)
278 -> 195 (68)
278 -> 230 (139)
278 -> 261 (120)
278 -> 459 (166)
278 -> 651 (91)
278 -> 751 (139)
278 -> 844 (109)
278 -> 864 (193)
278 -> 871 (159)
278 -> 981 (176)
279 -> 133 (105)
279 -> 338 (63)
280 -> 981 (193)
281 -> 605 (18)
283 -> 435 (131)
284 -> 76 (149)
284 -> 121 (9)
284 -> 161 (192)
284 -> 209 (7)
284 -> 218 (146)
284 -> 232 (143)
284 -> 239 (103)
284 -> 247 (131)
284 -> 309 (134)
284 -> 316 (134)
284 -> 329 (115)
284 -> 473 (181)
284 -> 563 (116)
284 -> 583 (190)
284 -> 584 (184)
284 -> 588 (94)
284 -> 595 (99)
284 -> 597 (64)
284 -> 615 (7)
284 -> 635 (121)
284 -> 651 (195)
284 -> 662 (156)
284 -> 753 (148)
284 -> 778 (131)
284 -> 844 (134)
284 -> 977 (155)
284 -> 981 (96)
285 -> 844 (136)
286 -> 361 (185)
287 -> 115 (142)
287 -> 127 (157)
287 -> 157 (97)
287 -> 188 (190)
287 -> 194 (158)
287 -> 196 (171)
287 -> 220 (194)
287 -> 225 (105)
287 -> 226 (196)
287 -> 234 (183)
287 -> 300 (98)
287 -> 315 (127)
287 -> 361 (182)
287 -> 405 (183)
287 -> 447 (194)
287 -> 601 (109)
287 -> 651 (152)
287 -> 653 (139)
287 -> 939 (103)
288 -> 117 (195)
288 -> 361 (125)
288 -> 479 (35)
288 -> 604 (53)
288 -> 784 (31)
288 -> 799 (86)
289 -> 133 (176)
289 -> 361 (20)
290 -> 133 (144)
290 -> 844 (17)
291 -> 261 (124)
291 -> 981 (75)
292 -> 66 (35)
292 -> 402 (16)
292 -> 574 (22)
292 -> 626 (15)
292 -> 717 (3)
292 -> 967 (104)
293 -> 361 (127)
294 -> 261 (194)
294 -> 651 (6)
295 -> 68 (151)
295 -> 126 (2)
295 -> 169 (185)
295 -> 210 (124)
295 -> 211 (179)
295 -> 246 (169)
295 -> 280 (152)
295 -> 321 (139)
295 -> 545 (126)
295 -> 607 (113)
296 -> 981 (189)
297 -> 133 (141)
298 -> 981 (138)
299 -> 133 (134)
299 -> 261 (58)
300 -> 844 (173)
301 -> 361 (181)
302 -> 981 (193)
303 -> 651 (186)
304 -> 261 (149)
304 -> 361 (35)
305 -> 967 (143)
306 -> 47 (49)
306 -> 146 (171)
306 -> 149 (98)
306 -> 195 (130)
306 -> 199 (192)
306 -> 210 (65)
306 -> 262 (187)
306 -> 269 (35)
306 -> 280 (41)
306 -> 301 (94)
306 -> 338 (184)
306 -> 478 (162)
306 -> 592 (173)
306 -> 651 (161)
306 -> 981 (158)
307 -> 321 (42)
307 -> 344 (29)
307 -> 473 (18)
307 -> 844 (62)
307 -> 879 (23)
308 -> 651 (145)
308 -> 844 (2)
310 -> 10 (95)
310 -> 133 (130)
310 -> 164 (183)
310 -> 227 (196)
310 -> 261 (89)
310 -> 309 (126)
310 -> 338 (173)
310 -> 363 (169)
310 -> 598 (58)
310 -> 610 (16)
310 -> 652 (120)
310 -> 659 (43)
310 -> 663 (143)
310 -> 679 (169)
310 -> 688 (98)
310 -> 694 (4)
310 -> 844 (103)
311 -> 104 (1)
311 -> 338 (186)
312 -> 261 (115)
313 -> 261 (150)
313 -> 967 (33)
314 -> 261 (182)
315 -> 361 (136)
316 -> 133 (97)
316 -> 562 (30)
316 -> 944 (7)
317 -> 440 (27)
317 -> 981 (132)
318 -> 967 (121)
319 -> 338 (116)
319 -> 797 (5)
319 -> 846 (13)
319 -> 898 (1)
320 -> 844 (197)
321 -> 967 (181)
322 -> 261 (157)
322 -> 361 (6)
323 -> 261 (103)
323 -> 338 (50)
324 -> 651 (193)
325 -> 133 (115)
325 -> 201 (190)
325 -> 235 (197)
325 -> 240 (137)
325 -> 247 (53)
325 -> 251 (105)
325 -> 257 (132)
325 -> 279 (168)
325 -> 312 (115)
325 -> 329 (55)
325 -> 334 (126)
325 -> 338 (150)
325 -> 352 (113)
325 -> 355 (163)
325 -> 359 (143)
325 -> 361 (148)
325 -> 369 (175)
325 -> 398 (180)
325 -> 430 (197)
325 -> 438 (125)
325 -> 440 (163)
325 -> 443 (177)
325 -> 455 (179)
325 -> 472 (154)
325 -> 556 (180)
325 -> 558 (176)
325 -> 635 (78)
325 -> 758 (192)
325 -> 771 (82)
325 -> 802 (78)
325 -> 863 (119)
325 -> 881 (144)
325 -> 902 (114)
325 -> 913 (132)
325 -> 922 (31)
325 -> 945 (168)
326 -> 338 (182)
326 -> 651 (2)
327 -> 133 (124)
328 -> 967 (182)
329 -> 261 (170)
330 -> 338 (105)
330 -> 967 (94)
331 -> 264 (112)
332 -> 844 (187)
333 -> 361 (93)
333 -> 995 (30)
334 -> 361 (153)
335 -> 133 (85)
335 -> 981 (65)
336 -> 844 (156)
337 -> 338 (169)
339 -> 651 (122)
340 -> 254 (47)
340 -> 256 (27)
341 -> 981 (185)
342 -> 303 (186)
342 -> 308 (147)
342 -> 327 (124)
342 -> 334 (27)
342 -> 338 (90)
342 -> 344 (164)
342 -> 345 (162)
342 -> 346 (179)
342 -> 348 (120)
342 -> 350 (9)
342 -> 356 (119)
342 -> 366 (74)
342 -> 371 (116)
342 -> 377 (177)
342 -> 385 (155)
342 -> 397 (182)
342 -> 436 (141)
342 -> 456 (153)
342 -> 468 (120)
342 -> 472 (25)
342 -> 477 (195)
342 -> 485 (130)
342 -> 496 (119)
342 -> 506 (155)
342 -> 507 (172)
342 -> 546 (154)
342 -> 600 (106)
342 -> 631 (116)
342 -> 673 (48)
342 -> 689 (163)
342 -> 692 (126)
342 -> 721 (161)
342 -> 735 (115)
342 -> 739 (98)
342 -> 770 (76)
342 -> 783 (145)
342 -> 804 (111)
342 -> 821 (134)
342 -> 851 (120)
342 -> 855 (99)
342 -> 858 (171)
342 -> 880 (38)
342 -> 899 (107)
342 -> 915 (40)
342 -> 923 (35)
342 -> 950 (91)
342 -> 967 (103)
342 -> 981 (93)
343 -> 133 (194)
344 -> 967 (193)
345 -> 338 (167)
346 -> 361 (102)
346 -> 981 (77)
347 -> 651 (150)
348 -> 133 (100)
348 -> 844 (20)
349 -> 261 (199)
350 -> 315 (9)
352 -> 981 (114)
354 -> 967 (93)
355 -> 338 (146)
355 -> 361 (17)
356 -> 261 (183)
357 -> 651 (150)
358 -> 261 (197)
359 -> 338 (127)
359 -> 651 (16)
360 -> 967 (194)
362 -> 133 (165)
363 -> 133 (197)
364 -> 651 (198)
365 -> 261 (110)
365 -> 844 (9)
366 -> 651 (74)
367 -> 133 (196)
368 -> 361 (187)
369 -> 361 (161)
369 -> 981 (14)
370 -> 967 (94)
371 -> 261 (179)
372 -> 715 (151)
372 -> 842 (1)
373 -> 844 (101)
373 -> 930 (6)
374 -> 133 (140)
374 -> 239 (66)
374 -> 251 (4)
374 -> 258 (179)
374 -> 301 (87)
374 -> 302 (161)
374 -> 314 (135)
374 -> 337 (33)
374 -> 361 (186)
374 -> 368 (143)
374 -> 371 (63)
374 -> 789 (190)
374 -> 798 (177)
374 -> 967 (150)
374 -> 974 (79)
375 -> 133 (172)
376 -> 981 (165)
377 -> 547 (48)
377 -> 651 (53)
377 -> 981 (76)
378 -> 981 (174)
379 -> 261 (166)
379 -> 338 (15)
380 -> 338 (138)
381 -> 651 (134)
381 -> 844 (23)
382 -> 651 (169)
383 -> 338 (160)
383 -> 844 (40)
384 -> 844 (165)
384 -> 981 (14)
385 -> 261 (179)
386 -> 361 (169)
387 -> 338 (141)
388 -> 651 (195)
389 -> 338 (106)
390 -> 133 (137)
390 -> 261 (61)
392 -> 133 (158)
393 -> 844 (172)
394 -> 261 (197)
395 -> 261 (143)
395 -> 361 (45)
396 -> 261 (178)
397 -> 261 (180)
397 -> 981 (2)
398 -> 361 (165)
398 -> 844 (15)
399 -> 261 (177)
400 -> 361 (132)
400 -> 651 (51)
401 -> 338 (128)
402 -> 338 (191)
403 -> 651 (187)
404 -> 844 (159)
405 -> 361 (183)
406 -> 338 (74)
406 -> 361 (111)
407 -> 133 (60)
407 -> 967 (97)
408 -> 361 (154)
409 -> 309 (133)
409 -> 361 (43)
410 -> 338 (140)
412 -> 981 (174)
413 -> 361 (131)
414 -> 261 (195)
415 -> 133 (121)
415 -> 320 (132)
415 -> 338 (185)
415 -> 361 (102)
415 -> 441 (180)
415 -> 651 (172)
416 -> 981 (130)
418 -> 133 (181)
418 -> 338 (9)
419 -> 571 (107)
420 -> 261 (142)
421 -> 133 (159)
423 -> 133 (196)
424 -> 651 (166)
426 -> 361 (140)
426 -> 967 (20)
427 -> 261 (106)
427 -> 338 (55)
428 -> 30 (100)
428 -> 87 (96)
428 -> 133 (161)
428 -> 150 (128)
428 -> 255 (157)
428 -> 275 (188)
428 -> 276 (175)
428 -> 309 (162)
428 -> 314 (47)
428 -> 320 (92)
428 -> 363 (28)
428 -> 373 (107)
428 -> 379 (181)
428 -> 380 (117)
428 -> 386 (169)
428 -> 420 (142)
428 -> 450 (154)
428 -> 451 (147)
428 -> 476 (197)
428 -> 496 (18)
428 -> 533 (83)
428 -> 537 (165)
428 -> 562 (118)
428 -> 585 (17)
428 -> 594 (159)
428 -> 604 (44)
428 -> 613 (186)
428 -> 625 (136)
428 -> 644 (153)
428 -> 654 (98)
428 -> 685 (122)
428 -> 728 (172)
428 -> 747 (101)
428 -> 756 (107)
428 -> 761 (166)
428 -> 797 (157)
428 -> 799 (56)
428 -> 807 (129)
428 -> 808 (22)
428 -> 819 (111)
428 -> 847 (119)
428 -> 848 (96)
428 -> 888 (94)
428 -> 946 (156)
428 -> 967 (65)
428 -> 972 (191)
428 -> 983 (177)
429 -> 104 (21)
429 -> 651 (151)
429 -> 706 (7)
430 -> 261 (111)
430 -> 361 (86)
431 -> 361 (144)
432 -> 116 (34)
432 -> 240 (42)
432 -> 252 (187)
432 -> 255 (8)
432 -> 290 (161)
432 -> 291 (199)
432 -> 296 (169)
432 -> 339 (122)
432 -> 361 (192)
432 -> 364 (108)
432 -> 368 (44)
432 -> 416 (130)
432 -> 439 (182)
432 -> 444 (112)
432 -> 449 (142)
432 -> 471 (168)
432 -> 487 (176)
432 -> 490 (147)
432 -> 509 (177)
432 -> 522 (1)
432 -> 538 (146)
432 -> 540 (175)
432 -> 599 (159)
432 -> 603 (123)
432 -> 651 (113)
432 -> 656 (159)
432 -> 659 (151)
432 -> 660 (121)
432 -> 679 (5)
432 -> 693 (135)
432 -> 747 (87)
432 -> 754 (169)
432 -> 784 (129)
432 -> 791 (135)
432 -> 820 (56)
432 -> 843 (192)
432 -> 844 (198)
432 -> 857 (41)
432 -> 913 (65)
432 -> 949 (95)
432 -> 967 (69)
433 -> 133 (137)
433 -> 338 (49)
434 -> 338 (191)
435 -> 651 (131)
436 -> 261 (133)
436 -> 651 (8)
437 -> 133 (172)
437 -> 981 (17)
438 -> 261 (125)
439 -> 133 (165)
439 -> 361 (17)
440 -> 651 (190)
441 -> 173 (61)
441 -> 338 (118)
441 -> 352 (1)
443 -> 981 (177)
444 -> 361 (185)
445 -> 125 (73)
445 -> 361 (104)
446 -> 844 (197)
447 -> 338 (199)
448 -> 236 (18)
448 -> 651 (100)
448 -> 844 (71)
449 -> 133 (194)
450 -> 133 (187)
451 -> 133 (147)
452 -> 384 (179)
454 -> 844 (158)
455 -> 651 (115)
455 -> 844 (64)
456 -> 361 (133)
456 -> 981 (20)
457 -> 133 (146)
458 -> 338 (135)
459 -> 651 (183)
460 -> 338 (176)
461 -> 967 (197)
462 -> 338 (183)
463 -> 338 (199)
464 -> 338 (129)
464 -> 361 (21)
465 -> 338 (65)
465 -> 967 (128)
466 -> 338 (183)
467 -> 651 (179)
468 -> 190 (143)
469 -> 458 (50)
469 -> 844 (150)
470 -> 133 (163)
471 -> 602 (5)
471 -> 967 (163)
472 -> 651 (179)
473 -> 361 (199)
474 -> 261 (200)
475 -> 338 (192)
476 -> 651 (105)
476 -> 981 (92)
477 -> 133 (109)
477 -> 338 (86)
478 -> 133 (96)
478 -> 320 (66)
479 -> 261 (184)
480 -> 133 (93)
481 -> 651 (141)
481 -> 844 (10)
484 -> 511 (60)
485 -> 967 (130)
486 -> 133 (160)
487 -> 361 (176)
488 -> 463 (16)
488 -> 976 (34)
489 -> 981 (173)
490 -> 133 (147)
491 -> 338 (121)
491 -> 844 (60)
492 -> 133 (186)
493 -> 844 (168)
494 -> 302 (32)
495 -> 41 (30)
495 -> 361 (157)
495 -> 658 (3)
495 -> 698 (6)
496 -> 133 (137)
497 -> 178 (5)
498 -> 844 (132)
498 -> 981 (40)
499 -> 133 (197)
500 -> 133 (112)
500 -> 203 (126)
500 -> 207 (41)
500 -> 249 (196)
500 -> 261 (119)
500 -> 296 (20)
500 -> 332 (156)
500 -> 356 (64)
500 -> 358 (194)
500 -> 375 (172)
500 -> 382 (85)
500 -> 385 (24)
500 -> 396 (165)
500 -> 400 (183)
500 -> 450 (33)
500 -> 465 (193)
500 -> 499 (185)
500 -> 504 (179)
500 -> 560 (132)
500 -> 651 (183)
500 -> 669 (136)
500 -> 674 (106)
500 -> 733 (155)
500 -> 751 (44)
500 -> 793 (102)
500 -> 795 (50)
500 -> 811 (69)
500 -> 840 (135)
500 -> 918 (153)
500 -> 929 (14)
500 -> 935 (20)
501 -> 967 (90)
502 -> 981 (196)
503 -> 133 (69)
503 -> 150 (55)
503 -> 238 (200)
503 -> 259 (192)
503 -> 261 (168)
503 -> 328 (139)
503 -> 332 (31)
503 -> 394 (139)
503 -> 401 (128)
503 -> 418 (190)
503 -> 446 (165)
503 -> 464 (150)
503 -> 474 (127)
503 -> 488 (50)
503 -> 492 (125)
503 -> 506 (39)
503 -> 514 (168)
503 -> 548 (184)
503 -> 565 (199)
503 -> 651 (86)
503 -> 691 (159)
503 -> 707 (73)
503 -> 713 (131)
503 -> 727 (153)
503 -> 753 (45)
503 -> 782 (123)
503 -> 806 (134)
503 -> 841 (140)
503 -> 861 (103)
503 -> 934 (155)
504 -> 981 (179)
505 -> 651 (150)
506 -> 361 (194)
507 -> 261 (137)
507 -> 651 (35)
508 -> 651 (167)
509 -> 651 (157)
509 -> 844 (20)
510 -> 261 (189)
510 -> 338 (10)
511 -> 981 (198)
512 -> 179 (13)
512 -> 261 (134)
513 -> 361 (125)
514 -> 261 (194)
515 -> 361 (181)
517 -> 651 (137)
517 -> 844 (19)
518 -> 651 (108)
519 -> 133 (174)
519 -> 967 (23)
520 -> 698 (14)
520 -> 715 (33)
520 -> 981 (106)
521 -> 361 (109)
522 -> 981 (184)
523 -> 133 (117)
524 -> 22 (75)
524 -> 120 (74)
524 -> 246 (16)
524 -> 268 (168)
524 -> 335 (150)
524 -> 365 (119)
524 -> 378 (174)
524 -> 390 (198)
524 -> 395 (188)
524 -> 410 (140)
524 -> 424 (166)
524 -> 437 (189)
524 -> 466 (177)
524 -> 492 (61)
524 -> 510 (199)
524 -> 515 (181)
524 -> 531 (186)
524 -> 551 (114)
524 -> 606 (190)
524 -> 608 (167)
524 -> 621 (2)
524 -> 638 (165)
524 -> 651 (139)
524 -> 678 (146)
524 -> 687 (125)
524 -> 729 (193)
524 -> 779 (180)
524 -> 842 (199)
524 -> 878 (110)
524 -> 931 (122)
525 -> 338 (194)
526 -> 338 (191)
527 -> 844 (63)
528 -> 133 (172)
529 -> 133 (14)
531 -> 651 (132)
531 -> 981 (54)
532 -> 651 (195)
533 -> 844 (83)
534 -> 981 (64)
536 -> 361 (173)
537 -> 361 (163)
537 -> 651 (2)
538 -> 967 (182)
539 -> 651 (154)
540 -> 133 (175)
542 -> 133 (110)
543 -> 133 (166)
543 -> 177 (170)
543 -> 309 (135)
543 -> 320 (162)
543 -> 324 (163)
543 -> 357 (150)
543 -> 361 (87)
543 -> 406 (185)
543 -> 421 (159)
543 -> 444 (73)
543 -> 446 (32)
543 -> 449 (52)
543 -> 521 (109)
543 -> 523 (117)
543 -> 601 (88)
543 -> 664 (162)
543 -> 827 (147)
543 -> 839 (186)
543 -> 844 (174)
543 -> 856 (150)
543 -> 873 (160)
543 -> 890 (142)
543 -> 981 (179)
543 -> 986 (97)
544 -> 261 (191)
545 -> 651 (184)
546 -> 967 (154)
547 -> 981 (141)
548 -> 261 (157)
548 -> 967 (27)
550 -> 967 (103)
551 -> 361 (88)
551 -> 651 (26)
552 -> 133 (191)
553 -> 133 (98)
553 -> 243 (188)
553 -> 328 (43)
553 -> 407 (157)
553 -> 526 (98)
553 -> 545 (58)
553 -> 590 (157)
553 -> 612 (200)
553 -> 712 (7)
553 -> 742 (30)
553 -> 844 (76)
553 -> 912 (102)
553 -> 967 (127)
555 -> 338 (172)
556 -> 361 (189)
557 -> 338 (150)
558 -> 338 (191)
559 -> 844 (186)
560 -> 133 (74)
560 -> 981 (58)
561 -> 844 (195)
562 -> 981 (163)
563 -> 844 (188)
564 -> 844 (185)
565 -> 261 (121)
565 -> 361 (78)
566 -> 981 (168)
568 -> 651 (137)
568 -> 967 (50)
569 -> 361 (192)
570 -> 844 (189)
571 -> 107 (155)
572 -> 66 (23)
572 -> 388 (3)
572 -> 527 (4)
572 -> 844 (94)
574 -> 133 (175)
575 -> 261 (155)
575 -> 967 (6)
576 -> 261 (163)
577 -> 180 (3)
577 -> 206 (177)
577 -> 212 (183)
577 -> 237 (113)
577 -> 261 (79)
577 -> 326 (184)
577 -> 338 (157)
577 -> 381 (157)
577 -> 626 (139)
577 -> 964 (98)
578 -> 35 (74)
578 -> 133 (11)
578 -> 145 (53)
578 -> 283 (32)
578 -> 338 (67)
578 -> 361 (15)
578 -> 367 (83)
578 -> 382 (84)
578 -> 383 (200)
578 -> 387 (141)
578 -> 393 (172)
578 -> 431 (46)
578 -> 447 (5)
578 -> 459 (17)
578 -> 461 (92)
578 -> 463 (183)
578 -> 481 (151)
578 -> 493 (168)
578 -> 517 (156)
578 -> 526 (93)
578 -> 576 (149)
578 -> 581 (191)
578 -> 607 (19)
578 -> 630 (134)
578 -> 651 (15)
578 -> 656 (38)
578 -> 670 (14)
578 -> 685 (74)
578 -> 746 (192)
578 -> 768 (44)
578 -> 801 (123)
578 -> 814 (193)
578 -> 823 (126)
578 -> 824 (139)
578 -> 831 (98)
578 -> 836 (187)
578 -> 837 (121)
578 -> 846 (130)
578 -> 868 (194)
578 -> 870 (141)
578 -> 871 (11)
578 -> 876 (168)
578 -> 921 (115)
578 -> 933 (80)
578 -> 934 (44)
578 -> 952 (104)
578 -> 967 (144)
578 -> 981 (139)
579 -> 844 (192)
580 -> 338 (178)
580 -> 361 (13)
581 -> 844 (157)
581 -> 981 (34)
582 -> 60 (56)
582 -> 122 (118)
582 -> 124 (187)
582 -> 133 (24)
582 -> 270 (144)
582 -> 309 (171)
582 -> 320 (65)
582 -> 338 (189)
582 -> 360 (5)
582 -> 396 (13)
582 -> 457 (146)
582 -> 462 (183)
582 -> 470 (40)
582 -> 475 (149)
582 -> 532 (166)
582 -> 561 (55)
582 -> 563 (72)
582 -> 579 (73)
582 -> 591 (124)
582 -> 611 (196)
582 -> 618 (161)
582 -> 619 (8)
582 -> 657 (167)
582 -> 661 (200)
582 -> 665 (177)
582 -> 666 (181)
582 -> 668 (197)
582 -> 674 (91)
582 -> 690 (162)
582 -> 737 (172)
582 -> 762 (17)
582 -> 822 (133)
582 -> 834 (177)
582 -> 866 (126)
582 -> 894 (190)
582 -> 906 (118)
582 -> 916 (107)
582 -> 917 (112)
582 -> 926 (21)
582 -> 964 (70)
582 -> 967 (68)
582 -> 968 (112)
582 -> 986 (97)
583 -> 133 (136)
583 -> 370 (7)
583 -> 527 (16)
583 -> 719 (23)
583 -> 989 (8)
584 -> 338 (186)
585 -> 338 (186)
586 -> 588 (94)
586 -> 724 (47)
587 -> 629 (74)
587 -> 981 (100)
588 -> 967 (188)
590 -> 261 (168)
591 -> 844 (124)
592 -> 651 (173)
593 -> 547 (2)
593 -> 844 (75)
594 -> 361 (199)
595 -> 261 (197)
596 -> 361 (69)
597 -> 338 (169)
598 -> 338 (192)
599 -> 338 (194)
600 -> 844 (99)
600 -> 981 (7)
601 -> 967 (197)
602 -> 361 (44)
603 -> 361 (110)
603 -> 651 (13)
604 -> 133 (97)
605 -> 133 (145)
606 -> 338 (199)
607 -> 261 (132)
608 -> 844 (167)
609 -> 133 (156)
610 -> 651 (125)
611 -> 133 (153)
611 -> 651 (43)
612 -> 338 (177)
612 -> 844 (23)
613 -> 133 (128)
613 -> 338 (58)
614 -> 338 (182)
615 -> 981 (165)
616 -> 133 (148)
616 -> 844 (41)
617 -> 967 (185)
618 -> 133 (99)
618 -> 651 (62)
619 -> 946 (8)
621 -> 268 (2)
623 -> 967 (123)
624 -> 338 (137)
625 -> 651 (136)
626 -> 338 (154)
627 -> 844 (144)
628 -> 133 (149)
628 -> 361 (32)
629 -> 981 (183)
630 -> 338 (137)
631 -> 967 (116)
632 -> 338 (184)
633 -> 361 (152)
634 -> 338 (126)
634 -> 844 (62)
635 -> 361 (199)
636 -> 981 (184)
637 -> 54 (10)
637 -> 133 (195)
637 -> 253 (121)
637 -> 324 (30)
637 -> 404 (121)
637 -> 452 (179)
637 -> 475 (43)
637 -> 498 (172)
637 -> 519 (197)
637 -> 544 (81)
637 -> 552 (189)
637 -> 566 (70)
637 -> 617 (66)
637 -> 632 (120)
637 -> 636 (2)
637 -> 642 (195)
637 -> 650 (7)
637 -> 671 (8)
637 -> 688 (11)
637 -> 730 (77)
637 -> 750 (169)
637 -> 757 (168)
637 -> 766 (165)
637 -> 826 (184)
637 -> 829 (116)
637 -> 844 (196)
637 -> 885 (145)
637 -> 903 (150)
637 -> 941 (106)
637 -> 944 (179)
637 -> 945 (6)
637 -> 952 (95)
637 -> 959 (134)
637 -> 960 (182)
637 -> 965 (125)
637 -> 973 (97)
637 -> 979 (147)
637 -> 991 (144)
637 -> 994 (165)
638 -> 338 (123)
638 -> 844 (42)
639 -> 338 (188)
640 -> 651 (161)
641 -> 208 (120)
642 -> 338 (187)
642 -> 361 (8)
643 -> 361 (176)
644 -> 338 (85)
644 -> 844 (68)
646 -> 133 (133)
647 -> 286 (73)
647 -> 361 (110)
647 -> 590 (11)
648 -> 338 (182)
648 -> 474 (73)
648 -> 550 (103)
648 -> 629 (91)
648 -> 690 (23)
648 -> 691 (2)
648 -> 703 (174)
648 -> 709 (177)
648 -> 937 (166)
648 -> 967 (132)
649 -> 1 (51)
649 -> 228 (44)
649 -> 261 (150)
649 -> 285 (136)
649 -> 345 (5)
649 -> 354 (93)
649 -> 362 (165)
649 -> 426 (160)
649 -> 454 (158)
649 -> 514 (26)
649 -> 536 (6)
649 -> 539 (154)
649 -> 568 (187)
649 -> 574 (153)
649 -> 632 (64)
649 -> 677 (197)
649 -> 698 (153)
649 -> 711 (195)
649 -> 718 (191)
649 -> 722 (170)
649 -> 844 (159)
649 -> 847 (18)
649 -> 872 (160)
649 -> 878 (57)
649 -> 884 (126)
649 -> 899 (23)
649 -> 910 (161)
649 -> 911 (96)
649 -> 930 (181)
649 -> 937 (4)
649 -> 955 (160)
649 -> 972 (2)
649 -> 981 (153)
649 -> 987 (112)
649 -> 996 (150)
650 -> 651 (163)
652 -> 981 (120)
653 -> 651 (139)
654 -> 338 (172)
655 -> 189 (6)
655 -> 361 (56)
656 -> 133 (197)
657 -> 261 (120)
657 -> 361 (47)
658 -> 338 (144)
659 -> 261 (194)
660 -> 133 (188)
661 -> 133 (120)
661 -> 967 (80)
662 -> 133 (169)
663 -> 967 (143)
664 -> 261 (162)
665 -> 651 (98)
665 -> 981 (79)
666 -> 338 (127)
666 -> 844 (54)
667 -> 967 (195)
668 -> 261 (188)
668 -> 651 (9)
669 -> 174 (158)
670 -> 338 (159)
671 -> 176 (8)
672 -> 133 (120)
672 -> 261 (127)
672 -> 320 (99)
672 -> 570 (26)
672 -> 800 (14)
672 -> 967 (69)
672 -> 968 (58)
673 -> 361 (168)
674 -> 844 (197)
675 -> 361 (158)
676 -> 26 (72)
676 -> 74 (57)
676 -> 91 (21)
676 -> 157 (70)
676 -> 203 (20)
676 -> 309 (187)
676 -> 336 (156)
676 -> 343 (49)
676 -> 361 (192)
676 -> 480 (93)
676 -> 499 (12)
676 -> 580 (191)
676 -> 616 (189)
676 -> 681 (155)
676 -> 682 (152)
676 -> 741 (82)
676 -> 764 (179)
676 -> 765 (146)
676 -> 773 (163)
676 -> 829 (77)
676 -> 844 (47)
676 -> 879 (160)
676 -> 901 (101)
676 -> 936 (162)
676 -> 957 (183)
677 -> 844 (186)
677 -> 981 (11)
678 -> 720 (146)
679 -> 133 (174)
680 -> 133 (160)
680 -> 819 (37)
681 -> 981 (130)
681 -> 989 (25)
682 -> 981 (168)
683 -> 844 (170)
684 -> 844 (198)
685 -> 844 (196)
687 -> 338 (194)
688 -> 981 (138)
689 -> 361 (163)
690 -> 261 (185)
691 -> 575 (161)
692 -> 981 (169)
693 -> 967 (184)
694 -> 338 (193)
695 -> 338 (147)
695 -> 759 (22)
695 -> 783 (18)
696 -> 962 (181)
697 -> 630 (3)
698 -> 651 (173)
699 -> 133 (182)
700 -> 720 (41)
701 -> 967 (120)
702 -> 361 (167)
702 -> 529 (14)
703 -> 361 (174)
704 -> 458 (25)
704 -> 967 (132)
705 -> 320 (86)
706 -> 361 (130)
707 -> 338 (73)
708 -> 133 (152)
709 -> 967 (177)
710 -> 133 (153)
710 -> 562 (15)
711 -> 133 (99)
711 -> 844 (96)
712 -> 133 (185)
713 -> 651 (131)
714 -> 844 (141)
714 -> 981 (57)
715 -> 981 (184)
716 -> 133 (163)
716 -> 338 (19)
717 -> 133 (184)
718 -> 981 (191)
719 -> 133 (176)
720 -> 261 (187)
721 -> 133 (192)
722 -> 361 (192)
723 -> 261 (119)
724 -> 338 (193)
725 -> 293 (127)
725 -> 338 (140)
725 -> 433 (186)
725 -> 700 (41)
725 -> 701 (120)
725 -> 844 (93)
725 -> 887 (176)
727 -> 844 (153)
728 -> 261 (172)
729 -> 261 (192)
729 -> 651 (1)
730 -> 593 (77)
732 -> 338 (132)
733 -> 981 (193)
734 -> 133 (97)
734 -> 338 (93)
735 -> 361 (196)
736 -> 981 (156)
737 -> 261 (144)
737 -> 338 (28)
738 -> 844 (200)
739 -> 981 (189)
740 -> 320 (117)
741 -> 361 (160)
742 -> 338 (191)
746 -> 361 (177)
746 -> 967 (15)
747 -> 338 (188)
748 -> 844 (199)
750 -> 261 (139)
750 -> 651 (30)
751 -> 133 (183)
752 -> 844 (153)
753 -> 651 (193)
754 -> 361 (94)
754 -> 981 (75)
755 -> 320 (68)
756 -> 338 (107)
757 -> 981 (169)
758 -> 256 (62)
758 -> 651 (130)
759 -> 338 (159)
760 -> 682 (16)
761 -> 338 (166)
762 -> 133 (192)
763 -> 133 (199)
764 -> 133 (102)
764 -> 338 (77)
765 -> 361 (107)
765 -> 651 (39)
766 -> 261 (116)
766 -> 361 (49)
767 -> 133 (188)
767 -> 844 (12)
768 -> 967 (193)
769 -> 264 (64)
770 -> 361 (76)
771 -> 261 (170)
773 -> 338 (134)
773 -> 651 (29)
775 -> 651 (156)
776 -> 651 (59)
777 -> 844 (78)
778 -> 403 (131)
779 -> 261 (143)
779 -> 981 (37)
780 -> 133 (106)
782 -> 361 (200)
783 -> 981 (167)
784 -> 651 (189)
785 -> 48 (80)
785 -> 133 (12)
785 -> 218 (2)
785 -> 222 (118)
785 -> 229 (15)
785 -> 263 (3)
785 -> 267 (81)
785 -> 309 (121)
785 -> 338 (13)
785 -> 372 (152)
785 -> 389 (106)
785 -> 399 (50)
785 -> 413 (131)
785 -> 415 (90)
785 -> 494 (32)
785 -> 505 (45)
785 -> 508 (39)
785 -> 555 (40)
785 -> 556 (9)
785 -> 564 (177)
785 -> 606 (9)
785 -> 623 (123)
785 -> 627 (15)
785 -> 643 (163)
785 -> 654 (74)
785 -> 675 (68)
785 -> 694 (189)
785 -> 696 (159)
785 -> 734 (190)
785 -> 760 (16)
785 -> 780 (106)
785 -> 782 (77)
785 -> 809 (167)
785 -> 810 (179)
785 -> 813 (179)
785 -> 825 (74)
785 -> 827 (20)
785 -> 867 (190)
785 -> 877 (89)
785 -> 938 (160)
785 -> 967 (59)
785 -> 971 (126)
785 -> 985 (181)
785 -> 990 (127)
788 -> 320 (157)
788 -> 512 (147)
788 -> 844 (61)
788 -> 890 (16)
789 -> 182 (33)
789 -> 844 (157)
790 -> 338 (155)
791 -> 338 (192)
792 -> 361 (97)
793 -> 844 (177)
795 -> 967 (50)
796 -> 361 (16)
797 -> 651 (199)
798 -> 844 (177)
799 -> 844 (142)
800 -> 662 (13)
800 -> 757 (1)
801 -> 261 (77)
801 -> 967 (46)
802 -> 651 (113)
803 -> 361 (83)
804 -> 981 (111)
806 -> 844 (134)
807 -> 394 (58)
807 -> 629 (18)
807 -> 918 (30)
807 -> 995 (23)
808 -> 667 (22)
809 -> 133 (160)
809 -> 967 (7)
810 -> 338 (189)
811 -> 133 (200)
812 -> 320 (148)
812 -> 338 (8)
813 -> 338 (113)
813 -> 844 (66)
814 -> 361 (109)
814 -> 844 (84)
815 -> 338 (129)
817 -> 133 (131)
817 -> 261 (190)
817 -> 338 (164)
817 -> 349 (75)
817 -> 361 (79)
817 -> 460 (126)
817 -> 599 (35)
817 -> 844 (182)
817 -> 861 (70)
817 -> 892 (163)
817 -> 897 (106)
817 -> 907 (182)
817 -> 914 (176)
817 -> 949 (88)
817 -> 967 (174)
817 -> 974 (49)
817 -> 982 (159)
817 -> 997 (168)
818 -> 133 (115)
818 -> 338 (69)
819 -> 651 (160)
820 -> 403 (56)
821 -> 946 (10)
821 -> 967 (124)
822 -> 338 (78)
822 -> 651 (55)
823 -> 133 (71)
823 -> 981 (55)
824 -> 261 (122)
824 -> 434 (17)
825 -> 340 (74)
826 -> 338 (144)
826 -> 981 (40)
827 -> 651 (167)
828 -> 159 (102)
828 -> 261 (120)
828 -> 320 (82)
828 -> 333 (123)
828 -> 486 (160)
828 -> 525 (17)
828 -> 528 (13)
828 -> 532 (29)
828 -> 542 (24)
828 -> 564 (8)
828 -> 594 (40)
828 -> 596 (69)
828 -> 628 (181)
828 -> 634 (188)
828 -> 651 (151)
828 -> 655 (62)
828 -> 721 (31)
828 -> 733 (38)
828 -> 738 (200)
828 -> 752 (9)
828 -> 830 (179)
828 -> 832 (186)
828 -> 841 (36)
828 -> 844 (29)
828 -> 845 (145)
828 -> 858 (5)
828 -> 859 (138)
828 -> 886 (151)
828 -> 948 (165)
828 -> 966 (110)
828 -> 967 (188)
829 -> 338 (193)
830 -> 338 (165)
830 -> 844 (14)
831 -> 133 (195)
832 -> 967 (186)
833 -> 66 (3)
833 -> 320 (63)
833 -> 361 (129)
834 -> 361 (168)
834 -> 981 (9)
835 -> 261 (189)
836 -> 651 (179)
836 -> 844 (8)
837 -> 133 (72)
837 -> 338 (49)
839 -> 133 (186)
840 -> 133 (151)
841 -> 361 (176)
842 -> 338 (200)
843 -> 361 (192)
845 -> 338 (145)
846 -> 133 (143)
847 -> 133 (137)
848 -> 651 (96)
849 -> 380 (21)
849 -> 995 (74)
850 -> 338 (174)
850 -> 844 (16)
851 -> 844 (189)
852 -> 576 (14)
853 -> 651 (118)
854 -> 932 (178)
855 -> 651 (184)
856 -> 967 (150)
857 -> 133 (153)
858 -> 981 (176)
859 -> 133 (107)
859 -> 518 (31)
860 -> 111 (28)
860 -> 133 (15)
860 -> 148 (42)
860 -> 167 (155)
860 -> 223 (99)
860 -> 231 (160)
860 -> 331 (112)
860 -> 361 (50)
860 -> 610 (6)
860 -> 646 (133)
860 -> 714 (198)
860 -> 759 (106)
860 -> 818 (184)
860 -> 888 (91)
860 -> 942 (188)
861 -> 338 (173)
862 -> 651 (179)
863 -> 338 (176)
864 -> 338 (193)
865 -> 133 (78)
865 -> 651 (79)
866 -> 967 (147)
867 -> 651 (133)
867 -> 967 (57)
868 -> 261 (165)
868 -> 338 (29)
869 -> 114 (61)
869 -> 183 (81)
869 -> 261 (94)
869 -> 281 (18)
869 -> 320 (77)
869 -> 338 (130)
869 -> 392 (10)
869 -> 497 (5)
869 -> 651 (69)
869 -> 669 (6)
869 -> 692 (43)
869 -> 693 (49)
869 -> 697 (3)
869 -> 716 (182)
869 -> 741 (78)
869 -> 777 (78)
869 -> 844 (39)
869 -> 854 (97)
869 -> 865 (157)
869 -> 943 (139)
869 -> 967 (117)
869 -> 969 (168)
870 -> 967 (141)
871 -> 133 (170)
872 -> 261 (121)
872 -> 651 (39)
873 -> 844 (160)
874 -> 108 (28)
874 -> 214 (19)
874 -> 311 (187)
874 -> 341 (3)
874 -> 412 (174)
874 -> 639 (68)
874 -> 736 (156)
874 -> 769 (64)
874 -> 844 (26)
874 -> 875 (176)
874 -> 981 (194)
875 -> 133 (176)
876 -> 133 (168)
877 -> 133 (88)
877 -> 181 (1)
878 -> 133 (167)
879 -> 313 (183)
880 -> 981 (195)
881 -> 133 (183)
882 -> 338 (131)
883 -> 819 (12)
883 -> 881 (39)
884 -> 133 (101)
884 -> 338 (25)
885 -> 651 (145)
886 -> 844 (151)
887 -> 967 (176)
888 -> 967 (185)
889 -> 651 (166)
890 -> 361 (158)
891 -> 133 (153)
891 -> 136 (165)
891 -> 147 (16)
891 -> 274 (10)
891 -> 338 (102)
891 -> 361 (151)
891 -> 460 (50)
891 -> 651 (116)
891 -> 667 (173)
891 -> 684 (198)
891 -> 687 (69)
891 -> 735 (81)
891 -> 803 (83)
891 -> 844 (151)
891 -> 882 (131)
891 -> 908 (186)
891 -> 961 (133)
892 -> 133 (120)
892 -> 361 (43)
894 -> 261 (139)
894 -> 967 (51)
896 -> 898 (17)
896 -> 967 (150)
897 -> 844 (106)
898 -> 651 (173)
899 -> 338 (130)
900 -> 844 (141)
901 -> 844 (101)
902 -> 423 (23)
902 -> 547 (91)
903 -> 261 (150)
904 -> 133 (111)
904 -> 783 (4)
904 -> 983 (1)
906 -> 361 (118)
907 -> 261 (147)
907 -> 844 (35)
908 -> 133 (173)
908 -> 338 (13)
910 -> 133 (161)
911 -> 844 (96)
912 -> 338 (102)
913 -> 844 (197)
914 -> 189 (15)
914 -> 361 (161)
915 -> 338 (190)
916 -> 967 (107)
917 -> 967 (112)
918 -> 361 (183)
920 -> 338 (130)
921 -> 835 (48)
921 -> 981 (67)
922 -> 527 (16)
922 -> 558 (15)
923 -> 651 (158)
924 -> 967 (146)
925 -> 981 (114)
926 -> 866 (21)
927 -> 133 (160)
928 -> 31 (152)
928 -> 133 (96)
928 -> 320 (147)
928 -> 361 (155)
928 -> 513 (125)
928 -> 699 (48)
928 -> 755 (68)
928 -> 767 (200)
928 -> 784 (29)
928 -> 951 (137)
929 -> 361 (188)
930 -> 261 (187)
931 -> 361 (122)
932 -> 261 (178)
933 -> 361 (197)
934 -> 844 (199)
935 -> 170 (20)
936 -> 338 (162)
937 -> 133 (170)
938 -> 981 (199)
939 -> 940 (157)
940 -> 261 (178)
941 -> 989 (106)
942 -> 338 (149)
942 -> 602 (39)
943 -> 133 (116)
943 -> 651 (23)
944 -> 361 (186)
945 -> 133 (174)
946 -> 651 (187)
947 -> 844 (133)
948 -> 844 (104)
948 -> 981 (61)
949 -> 967 (183)
950 -> 651 (91)
951 -> 651 (190)
952 -> 967 (199)
954 -> 458 (60)
954 -> 527 (27)
955 -> 651 (160)
956 -> 133 (198)
957 -> 338 (160)
957 -> 844 (23)
958 -> 221 (10)
958 -> 717 (19)
958 -> 791 (1)
958 -> 981 (123)
959 -> 651 (134)
960 -> 404 (38)
960 -> 844 (144)
961 -> 844 (133)
962 -> 981 (181)
963 -> 844 (162)
964 -> 844 (168)
965 -> 338 (125)
966 -> 844 (110)
968 -> 981 (170)
969 -> 338 (106)
969 -> 651 (62)
970 -> 854 (41)
970 -> 951 (53)
971 -> 133 (126)
972 -> 133 (193)
973 -> 338 (97)
974 -> 651 (128)
976 -> 538 (36)
977 -> 571 (48)
977 -> 696 (22)
977 -> 724 (45)
977 -> 854 (40)
978 -> 722 (22)
979 -> 967 (147)
980 -> 42 (109)
980 -> 241 (83)
980 -> 245 (8)
980 -> 309 (141)
980 -> 338 (197)
980 -> 502 (10)
980 -> 609 (156)
980 -> 651 (85)
980 -> 849 (95)
980 -> 850 (190)
980 -> 863 (57)
980 -> 967 (124)
982 -> 468 (23)
982 -> 981 (136)
983 -> 967 (178)
985 -> 338 (110)
985 -> 981 (71)
986 -> 133 (194)
987 -> 133 (109)
987 -> 338 (3)
989 -> 361 (139)
990 -> 133 (127)
991 -> 844 (144)
992 -> 370 (87)
992 -> 651 (191)
993 -> 133 (177)
994 -> 651 (165)
995 -> 844 (127)
996 -> 358 (3)
996 -> 981 (147)
997 -> 651 (168)
999 -> 309 (175)
999 -> 338 (166)
999 -> 967 (188)
Fluxo: 150148
Arestas removidas: 193255

--Rotas do 2ยบ turno-----------------------------
1 -> 502 (60)
1 -> 639 (68)
4 -> 844 (179)
5 -> 361 (51)
5 -> 844 (18)
6 -> 981 (86)
10 -> 338 (95)
15 -> 844 (110)
17 -> 133 (105)
17 -> 361 (141)
17 -> 651 (190)
17 -> 844 (125)
19 -> 181 (95)
19 -> 370 (40)
21 -> 338 (86)
22 -> 361 (75)
26 -> 651 (159)
30 -> 981 (100)
31 -> 272 (23)
31 -> 981 (152)
32 -> 44 (19)
32 -> 108 (64)
32 -> 292 (58)
34 -> 338 (121)
35 -> 165 (91)
35 -> 361 (74)
35 -> 370 (1)
35 -> 653 (16)
39 -> 844 (133)
41 -> 844 (176)
42 -> 338 (109)
42 -> 569 (63)
42 -> 572 (11)
44 -> 651 (99)
47 -> 133 (98)
48 -> 967 (196)
50 -> 10 (88)
50 -> 489 (39)
50 -> 606 (9)
50 -> 610 (37)
50 -> 653 (13)
53 -> 338 (134)
53 -> 361 (32)
54 -> 844 (165)
59 -> 218 (2)
59 -> 569 (129)
59 -> 693 (12)
61 -> 338 (104)
62 -> 39 (133)
62 -> 53 (166)
62 -> 84 (103)
62 -> 128 (194)
62 -> 141 (177)
62 -> 151 (83)
62 -> 158 (136)
62 -> 172 (179)
62 -> 175 (153)
62 -> 178 (159)
62 -> 198 (149)
62 -> 200 (181)
62 -> 261 (101)
62 -> 266 (73)
62 -> 338 (127)
62 -> 467 (72)
62 -> 981 (136)
64 -> 967 (76)
66 -> 981 (61)
68 -> 261 (147)
68 -> 338 (4)
69 -> 338 (144)
70 -> 967 (150)
74 -> 508 (22)
74 -> 639 (7)
74 -> 742 (4)
75 -> 338 (140)
75 -> 967 (9)
76 -> 261 (116)
76 -> 338 (33)
79 -> 261 (164)
84 -> 338 (103)
87 -> 361 (96)
89 -> 338 (74)
93 -> 651 (137)
94 -> 21 (86)
96 -> 6 (86)
96 -> 47 (98)
96 -> 98 (92)
96 -> 967 (170)
97 -> 967 (82)
98 -> 133 (92)
103 -> 361 (148)
107 -> 361 (12)
108 -> 338 (177)
110 -> 967 (96)
111 -> 429 (137)
111 -> 815 (23)
114 -> 981 (192)
115 -> 261 (124)
115 -> 338 (18)
120 -> 44 (80)
120 -> 635 (37)
120 -> 967 (74)
121 -> 261 (175)
122 -> 133 (131)
124 -> 133 (182)
126 -> 261 (144)
127 -> 133 (126)
127 -> 338 (31)
128 -> 261 (138)
128 -> 338 (56)
130 -> 176 (75)
130 -> 408 (7)
132 -> 844 (60)
133 -> 651 (183)
136 -> 458 (12)
136 -> 545 (3)
136 -> 844 (165)
141 -> 133 (160)
141 -> 361 (17)
142 -> 4 (141)
142 -> 79 (164)
142 -> 97 (82)
142 -> 103 (148)
142 -> 180 (17)
142 -> 187 (61)
142 -> 844 (172)
146 -> 844 (103)
146 -> 967 (68)
147 -> 652 (100)
148 -> 981 (170)
149 -> 981 (98)
150 -> 361 (183)
151 -> 133 (83)
152 -> 844 (103)
153 -> 844 (47)
154 -> 338 (103)
157 -> 133 (167)
158 -> 261 (118)
158 -> 651 (18)
159 -> 34 (78)
159 -> 361 (102)
161 -> 651 (168)
161 -> 967 (24)
165 -> 967 (127)
166 -> 133 (124)
167 -> 181 (31)
167 -> 388 (92)
167 -> 402 (73)
169 -> 133 (121)
169 -> 361 (64)
172 -> 338 (179)
174 -> 981 (108)
175 -> 261 (123)
175 -> 361 (30)
176 -> 361 (129)
177 -> 651 (167)
177 -> 981 (3)
178 -> 651 (164)
179 -> 967 (157)
180 -> 361 (196)
181 -> 844 (194)
183 -> 179 (27)
183 -> 338 (81)
185 -> 338 (114)
186 -> 601 (5)
186 -> 626 (73)
186 -> 635 (28)
186 -> 683 (21)
187 -> 338 (104)
188 -> 261 (98)
189 -> 338 (155)
193 -> 967 (135)
195 -> 967 (198)
198 -> 261 (149)
199 -> 981 (192)
200 -> 361 (168)
200 -> 651 (13)
201 -> 338 (155)
201 -> 981 (35)
202 -> 75 (149)
202 -> 93 (137)
202 -> 110 (96)
202 -> 133 (143)
202 -> 166 (124)
202 -> 193 (135)
202 -> 242 (170)
202 -> 248 (181)
202 -> 265 (191)
202 -> 286 (112)
202 -> 289 (39)
202 -> 309 (127)
202 -> 844 (80)
202 -> 967 (97)
202 -> 981 (49)
203 -> 133 (146)
205 -> 41 (135)
206 -> 133 (155)
206 -> 651 (22)
207 -> 133 (154)
208 -> 651 (120)
209 -> 844 (154)
210 -> 338 (124)
211 -> 261 (178)
211 -> 651 (1)
214 -> 361 (189)
216 -> 108 (31)
216 -> 214 (38)
216 -> 505 (35)
216 -> 561 (37)
217 -> 402 (19)
217 -> 405 (108)
217 -> 587 (18)
218 -> 651 (148)
222 -> 15 (20)
222 -> 133 (118)
223 -> 633 (175)
226 -> 361 (9)
228 -> 967 (175)
229 -> 15 (33)
229 -> 69 (75)
229 -> 108 (73)
230 -> 844 (139)
231 -> 338 (160)
231 -> 388 (16)
232 -> 133 (127)
233 -> 651 (12)
235 -> 338 (136)
235 -> 361 (55)
238 -> 338 (118)
238 -> 361 (82)
239 -> 338 (103)
240 -> 338 (136)
241 -> 588 (109)
242 -> 967 (170)
243 -> 338 (150)
243 -> 844 (38)
244 -> 317 (113)
244 -> 525 (14)
245 -> 431 (33)
245 -> 557 (150)
245 -> 561 (7)
246 -> 844 (169)
247 -> 133 (131)
248 -> 133 (154)
248 -> 967 (27)
249 -> 338 (132)
251 -> 133 (105)
252 -> 651 (115)
252 -> 967 (72)
255 -> 338 (157)
258 -> 261 (168)
258 -> 338 (11)
259 -> 133 (134)
259 -> 361 (58)
261 -> 338 (192)
262 -> 133 (187)
263 -> 981 (195)
264 -> 338 (112)
265 -> 338 (136)
265 -> 651 (55)
266 -> 338 (73)
267 -> 347 (68)
267 -> 469 (45)
267 -> 525 (45)
268 -> 361 (170)
269 -> 844 (175)
270 -> 625 (13)
270 -> 651 (144)
271 -> 361 (192)
272 -> 844 (23)
273 -> 981 (137)
274 -> 338 (177)
275 -> 133 (188)
276 -> 338 (181)
278 -> 844 (109)
278 -> 981 (87)
280 -> 981 (193)
281 -> 179 (65)
283 -> 435 (22)
284 -> 76 (149)
284 -> 121 (175)
284 -> 161 (192)
284 -> 209 (154)
284 -> 218 (146)
284 -> 232 (127)
284 -> 239 (103)
284 -> 247 (131)
284 -> 309 (134)
284 -> 316 (97)
284 -> 473 (21)
284 -> 651 (195)
284 -> 844 (134)
284 -> 981 (96)
285 -> 388 (24)
285 -> 598 (7)
285 -> 844 (136)
286 -> 361 (112)
287 -> 115 (142)
287 -> 127 (157)
287 -> 157 (97)
287 -> 188 (98)
287 -> 361 (182)
287 -> 651 (152)
288 -> 361 (125)
289 -> 361 (39)
290 -> 133 (144)
290 -> 844 (17)
291 -> 981 (147)
292 -> 967 (104)
293 -> 34 (37)
293 -> 361 (127)
295 -> 68 (151)
295 -> 126 (144)
295 -> 169 (185)
295 -> 210 (124)
295 -> 211 (179)
295 -> 246 (169)
295 -> 280 (96)
295 -> 321 (92)
296 -> 981 (169)
298 -> 981 (138)
300 -> 844 (173)
301 -> 361 (181)
302 -> 981 (193)
303 -> 651 (186)
305 -> 967 (5)
306 -> 146 (171)
306 -> 149 (98)
306 -> 195 (193)
306 -> 199 (192)
306 -> 262 (187)
306 -> 269 (175)
306 -> 280 (97)
306 -> 301 (94)
306 -> 338 (184)
306 -> 478 (138)
306 -> 592 (173)
306 -> 651 (161)
306 -> 981 (158)
306 -> 992 (175)
307 -> 844 (62)
308 -> 651 (145)
308 -> 844 (2)
309 -> 338 (177)
310 -> 133 (130)
310 -> 338 (16)
311 -> 152 (6)
311 -> 273 (8)
311 -> 338 (186)
313 -> 967 (37)
316 -> 133 (97)
317 -> 981 (132)
319 -> 338 (116)
320 -> 844 (197)
321 -> 967 (92)
322 -> 361 (11)
324 -> 651 (163)
325 -> 133 (115)
325 -> 201 (190)
325 -> 235 (191)
325 -> 338 (150)
325 -> 361 (148)
327 -> 133 (124)
328 -> 967 (182)
331 -> 264 (112)
332 -> 844 (187)
333 -> 41 (41)
333 -> 179 (5)
333 -> 361 (93)
334 -> 361 (147)
335 -> 133 (85)
335 -> 981 (65)
336 -> 844 (156)
337 -> 338 (169)
339 -> 651 (122)
341 -> 981 (185)
342 -> 303 (186)
342 -> 308 (147)
342 -> 327 (124)
342 -> 334 (147)
342 -> 344 (164)
342 -> 345 (162)
342 -> 346 (179)
342 -> 348 (120)
342 -> 356 (119)
342 -> 371 (116)
342 -> 377 (129)
342 -> 385 (155)
342 -> 397 (182)
342 -> 436 (141)
342 -> 456 (153)
342 -> 472 (130)
342 -> 477 (195)
342 -> 485 (130)
342 -> 496 (119)
342 -> 506 (155)
342 -> 507 (172)
342 -> 546 (154)
342 -> 600 (106)
342 -> 631 (116)
342 -> 673 (168)
342 -> 689 (77)
342 -> 967 (103)
342 -> 981 (93)
344 -> 967 (164)
345 -> 338 (162)
346 -> 361 (102)
346 -> 981 (77)
347 -> 651 (150)
348 -> 133 (100)
348 -> 844 (20)
351 -> 283 (22)
351 -> 683 (83)
354 -> 408 (3)
354 -> 572 (14)
354 -> 598 (41)
354 -> 967 (93)
356 -> 261 (165)
357 -> 651 (150)
360 -> 967 (194)
362 -> 133 (165)
362 -> 632 (3)
363 -> 133 (191)
364 -> 651 (198)
365 -> 153 (29)
365 -> 844 (90)
367 -> 133 (118)
368 -> 361 (143)
369 -> 361 (88)
370 -> 967 (94)
371 -> 261 (116)
372 -> 66 (61)
372 -> 273 (17)
372 -> 319 (76)
373 -> 844 (101)
374 -> 133 (140)
374 -> 251 (105)
374 -> 258 (179)
374 -> 301 (87)
374 -> 302 (161)
374 -> 337 (169)
374 -> 361 (186)
374 -> 368 (143)
374 -> 789 (157)
374 -> 915 (100)
374 -> 967 (150)
374 -> 974 (21)
375 -> 133 (172)
377 -> 651 (53)
377 -> 981 (76)
378 -> 981 (188)
379 -> 338 (151)
380 -> 338 (138)
382 -> 651 (169)
383 -> 338 (160)
383 -> 844 (40)
385 -> 261 (155)
386 -> 361 (169)
387 -> 338 (141)
388 -> 651 (195)
389 -> 319 (40)
389 -> 338 (106)
389 -> 429 (14)
390 -> 133 (137)
392 -> 555 (24)
392 -> 615 (3)
392 -> 650 (13)
392 -> 663 (27)
392 -> 704 (75)
393 -> 844 (172)
395 -> 361 (133)
395 -> 369 (41)
395 -> 378 (14)
397 -> 261 (180)
397 -> 981 (2)
399 -> 228 (12)
399 -> 525 (43)
399 -> 556 (34)
399 -> 626 (9)
400 -> 361 (132)
400 -> 651 (51)
401 -> 338 (128)
402 -> 338 (191)
404 -> 844 (121)
405 -> 361 (183)
406 -> 338 (74)
406 -> 361 (111)
407 -> 15 (12)
407 -> 967 (97)
408 -> 361 (51)
410 -> 338 (140)
411 -> 374 (159)
412 -> 388 (12)
412 -> 408 (6)
412 -> 981 (174)
413 -> 361 (131)
413 -> 572 (35)
415 -> 338 (185)
416 -> 981 (130)
418 -> 133 (181)
418 -> 338 (9)
419 -> 263 (52)
419 -> 571 (88)
419 -> 733 (20)
421 -> 133 (159)
424 -> 651 (166)
426 -> 361 (140)
426 -> 967 (20)
427 -> 338 (8)
428 -> 30 (100)
428 -> 87 (96)
428 -> 133 (161)
428 -> 150 (128)
428 -> 255 (157)
428 -> 275 (188)
428 -> 276 (175)
428 -> 363 (191)
428 -> 373 (101)
428 -> 379 (151)
428 -> 380 (117)
428 -> 386 (169)
428 -> 450 (154)
428 -> 451 (147)
428 -> 476 (197)
428 -> 537 (165)
428 -> 562 (118)
428 -> 585 (164)
428 -> 625 (120)
429 -> 651 (151)
431 -> 361 (144)
432 -> 240 (136)
432 -> 252 (187)
432 -> 290 (161)
432 -> 291 (147)
432 -> 296 (169)
432 -> 339 (122)
432 -> 361 (192)
432 -> 364 (186)
432 -> 416 (130)
432 -> 439 (182)
432 -> 444 (112)
432 -> 449 (142)
432 -> 471 (163)
432 -> 487 (176)
432 -> 490 (147)
432 -> 509 (177)
432 -> 522 (107)
432 -> 538 (146)
432 -> 540 (175)
432 -> 599 (159)
432 -> 603 (123)
432 -> 651 (113)
432 -> 747 (125)
432 -> 754 (119)
432 -> 844 (198)
433 -> 132 (60)
433 -> 338 (126)
434 -> 338 (42)
435 -> 651 (22)
436 -> 261 (133)
436 -> 651 (8)
437 -> 133 (172)
437 -> 981 (17)
439 -> 133 (165)
439 -> 361 (17)
440 -> 651 (190)
444 -> 361 (112)
446 -> 844 (165)
447 -> 338 (186)
448 -> 651 (49)
449 -> 133 (142)
450 -> 133 (154)
451 -> 133 (147)
453 -> 495 (126)
453 -> 545 (8)
454 -> 559 (41)
454 -> 844 (158)
456 -> 361 (133)
456 -> 981 (20)
457 -> 133 (146)
458 -> 338 (135)
459 -> 651 (183)
460 -> 338 (176)
461 -> 967 (197)
462 -> 338 (183)
463 -> 338 (183)
464 -> 338 (129)
464 -> 361 (21)
465 -> 338 (65)
465 -> 967 (128)
466 -> 338 (177)
467 -> 651 (179)
469 -> 844 (150)
470 -> 133 (163)
471 -> 967 (163)
472 -> 651 (130)
473 -> 361 (21)
474 -> 261 (135)
475 -> 338 (149)
476 -> 651 (105)
476 -> 981 (92)
477 -> 133 (109)
477 -> 338 (86)
478 -> 133 (96)
478 -> 520 (42)
481 -> 651 (141)
481 -> 844 (10)
484 -> 511 (82)
485 -> 967 (130)
486 -> 70 (97)
486 -> 133 (83)
487 -> 361 (176)
489 -> 981 (173)
490 -> 133 (147)
492 -> 133 (125)
493 -> 844 (168)
495 -> 361 (157)
496 -> 133 (119)
497 -> 178 (5)
497 -> 179 (53)
497 -> 458 (32)
497 -> 467 (21)
497 -> 527 (27)
497 -> 534 (41)
498 -> 844 (132)
498 -> 981 (40)
499 -> 133 (185)
500 -> 133 (112)
500 -> 203 (126)
500 -> 207 (154)
500 -> 249 (132)
500 -> 261 (119)
500 -> 288 (86)
500 -> 332 (156)
500 -> 356 (46)
500 -> 375 (172)
500 -> 382 (85)
500 -> 400 (183)
500 -> 465 (193)
500 -> 499 (185)
500 -> 504 (179)
500 -> 560 (132)
500 -> 651 (183)
500 -> 674 (106)
500 -> 793 (102)
500 -> 918 (74)
501 -> 967 (90)
502 -> 981 (196)
503 -> 17 (164)
503 -> 133 (69)
503 -> 150 (55)
503 -> 238 (200)
503 -> 259 (192)
503 -> 261 (168)
503 -> 328 (139)
503 -> 332 (31)
503 -> 401 (128)
503 -> 418 (190)
503 -> 446 (165)
503 -> 464 (150)
503 -> 492 (125)
503 -> 506 (39)
503 -> 548 (98)
503 -> 565 (174)
503 -> 651 (86)
503 -> 707 (73)
503 -> 713 (131)
503 -> 727 (153)
503 -> 753 (59)
504 -> 981 (179)
505 -> 651 (150)
506 -> 361 (194)
507 -> 261 (137)
507 -> 651 (35)
508 -> 651 (167)
509 -> 651 (157)
509 -> 844 (20)
510 -> 187 (27)
510 -> 338 (172)
511 -> 981 (82)
513 -> 361 (125)
513 -> 559 (17)
515 -> 361 (181)
517 -> 651 (137)
517 -> 844 (19)
519 -> 133 (174)
519 -> 967 (23)
520 -> 981 (42)
521 -> 361 (109)
522 -> 981 (184)
523 -> 133 (117)
524 -> 120 (191)
524 -> 268 (168)
524 -> 335 (150)
524 -> 365 (119)
524 -> 378 (174)
524 -> 390 (137)
524 -> 395 (188)
524 -> 410 (140)
524 -> 424 (166)
524 -> 428 (179)
524 -> 437 (189)
524 -> 466 (177)
524 -> 510 (199)
524 -> 515 (181)
524 -> 530 (154)
524 -> 531 (186)
524 -> 551 (114)
524 -> 606 (190)
524 -> 608 (198)
524 -> 638 (165)
524 -> 651 (139)
524 -> 676 (88)
524 -> 687 (125)
524 -> 729 (193)
524 -> 779 (180)
524 -> 842 (199)
524 -> 878 (110)
524 -> 927 (89)
524 -> 931 (178)
524 -> 947 (95)
525 -> 338 (194)
526 -> 338 (191)
527 -> 844 (63)
528 -> 133 (76)
530 -> 26 (55)
530 -> 48 (44)
530 -> 228 (55)
531 -> 651 (132)
531 -> 981 (54)
532 -> 651 (195)
534 -> 981 (64)
536 -> 361 (173)
536 -> 570 (18)
536 -> 775 (8)
537 -> 361 (163)
537 -> 651 (2)
538 -> 967 (146)
539 -> 651 (154)
540 -> 133 (175)
542 -> 70 (53)
542 -> 108 (9)
542 -> 534 (7)
543 -> 133 (166)
543 -> 177 (170)
543 -> 320 (162)
543 -> 324 (163)
543 -> 357 (150)
543 -> 406 (185)
543 -> 421 (159)
543 -> 521 (109)
543 -> 523 (117)
543 -> 601 (160)
543 -> 637 (134)
543 -> 827 (147)
543 -> 839 (197)
543 -> 844 (174)
543 -> 856 (181)
543 -> 873 (173)
543 -> 981 (179)
545 -> 651 (184)
546 -> 967 (154)
548 -> 967 (98)
549 -> 154 (1)
549 -> 307 (62)
549 -> 402 (8)
550 -> 967 (103)
551 -> 361 (88)
551 -> 651 (26)
552 -> 133 (189)
553 -> 133 (98)
553 -> 142 (86)
553 -> 243 (188)
553 -> 328 (43)
553 -> 407 (109)
553 -> 526 (98)
553 -> 545 (106)
553 -> 612 (200)
553 -> 742 (144)
553 -> 844 (76)
553 -> 912 (102)
553 -> 967 (127)
555 -> 338 (172)
556 -> 361 (189)
557 -> 338 (150)
559 -> 844 (120)
560 -> 133 (74)
560 -> 981 (58)
561 -> 844 (178)
562 -> 981 (163)
563 -> 844 (188)
564 -> 844 (185)
565 -> 361 (174)
566 -> 981 (168)
568 -> 651 (137)
568 -> 967 (50)
569 -> 361 (192)
570 -> 844 (189)
571 -> 64 (76)
571 -> 107 (12)
572 -> 844 (92)
574 -> 133 (153)
577 -> 180 (179)
577 -> 206 (177)
577 -> 261 (79)
577 -> 338 (157)
578 -> 278 (196)
578 -> 367 (118)
578 -> 382 (84)
578 -> 383 (200)
578 -> 387 (141)
578 -> 393 (172)
578 -> 431 (111)
578 -> 447 (151)
578 -> 459 (119)
578 -> 461 (167)
578 -> 463 (183)
578 -> 481 (151)
578 -> 493 (168)
578 -> 517 (156)
578 -> 526 (93)
578 -> 581 (191)
578 -> 630 (134)
578 -> 656 (112)
578 -> 670 (87)
578 -> 685 (93)
578 -> 746 (192)
578 -> 768 (106)
578 -> 801 (121)
578 -> 814 (193)
578 -> 823 (126)
578 -> 831 (140)
578 -> 836 (113)
578 -> 967 (144)
578 -> 981 (139)
579 -> 844 (155)
580 -> 338 (178)
580 -> 361 (13)
581 -> 844 (157)
581 -> 981 (34)
582 -> 122 (131)
582 -> 124 (182)
582 -> 270 (157)
582 -> 338 (189)
582 -> 360 (172)
582 -> 457 (146)
582 -> 462 (183)
582 -> 470 (99)
582 -> 475 (149)
582 -> 532 (166)
582 -> 561 (126)
582 -> 563 (140)
582 -> 579 (144)
582 -> 591 (124)
582 -> 611 (196)
582 -> 618 (161)
582 -> 657 (148)
582 -> 661 (200)
582 -> 665 (177)
582 -> 666 (181)
582 -> 668 (164)
582 -> 674 (91)
582 -> 737 (172)
582 -> 762 (159)
582 -> 822 (133)
582 -> 834 (177)
582 -> 866 (126)
582 -> 894 (129)
582 -> 906 (118)
582 -> 917 (112)
585 -> 338 (186)
587 -> 981 (18)
588 -> 967 (135)
591 -> 844 (124)
592 -> 651 (173)
594 -> 361 (199)
596 -> 165 (36)
596 -> 292 (46)
596 -> 341 (17)
596 -> 361 (69)
596 -> 370 (8)
598 -> 338 (48)
599 -> 338 (194)
600 -> 844 (99)
600 -> 981 (7)
601 -> 967 (197)
602 -> 361 (39)
603 -> 361 (110)
603 -> 651 (13)
606 -> 338 (199)
608 -> 154 (31)
608 -> 844 (167)
610 -> 651 (125)
611 -> 133 (153)
611 -> 651 (43)
612 -> 338 (177)
612 -> 844 (23)
615 -> 981 (165)
616 -> 844 (150)
617 -> 967 (185)
618 -> 133 (99)
618 -> 651 (62)
621 -> 268 (2)
623 -> 967 (123)
624 -> 338 (137)
625 -> 651 (133)
626 -> 338 (82)
627 -> 844 (144)
628 -> 153 (18)
628 -> 361 (163)
629 -> 981 (91)
630 -> 338 (137)
631 -> 967 (116)
632 -> 338 (184)
633 -> 361 (152)
633 -> 572 (23)
634 -> 338 (126)
634 -> 844 (62)
635 -> 361 (78)
636 -> 981 (171)
637 -> 54 (158)
637 -> 61 (104)
637 -> 133 (195)
637 -> 310 (146)
637 -> 404 (121)
637 -> 498 (172)
637 -> 519 (197)
637 -> 552 (189)
637 -> 566 (155)
637 -> 617 (185)
637 -> 632 (120)
637 -> 636 (165)
637 -> 642 (195)
637 -> 650 (150)
637 -> 688 (138)
637 -> 750 (153)
637 -> 757 (168)
637 -> 766 (143)
637 -> 826 (184)
637 -> 829 (116)
637 -> 840 (116)
637 -> 844 (196)
637 -> 885 (145)
637 -> 929 (86)
637 -> 944 (179)
637 -> 945 (96)
637 -> 952 (148)
637 -> 959 (134)
637 -> 960 (144)
637 -> 965 (125)
637 -> 973 (97)
637 -> 991 (14)
638 -> 338 (123)
638 -> 844 (42)
639 -> 338 (188)
640 -> 651 (161)
641 -> 208 (120)
641 -> 461 (1)
642 -> 338 (187)
642 -> 361 (8)
643 -> 361 (176)
645 -> 181 (68)
645 -> 508 (40)
645 -> 545 (39)
645 -> 588 (26)
646 -> 370 (2)
646 -> 489 (134)
646 -> 527 (36)
648 -> 62 (199)
648 -> 216 (141)
648 -> 338 (182)
648 -> 474 (135)
648 -> 550 (103)
648 -> 629 (91)
648 -> 690 (57)
648 -> 691 (190)
648 -> 703 (174)
648 -> 709 (177)
648 -> 937 (166)
648 -> 967 (132)
649 -> 1 (128)
649 -> 228 (108)
649 -> 244 (127)
649 -> 261 (150)
649 -> 285 (167)
649 -> 354 (151)
649 -> 362 (168)
649 -> 426 (160)
649 -> 454 (199)
649 -> 536 (199)
649 -> 539 (154)
649 -> 568 (187)
649 -> 574 (153)
649 -> 677 (197)
649 -> 698 (153)
649 -> 711 (195)
649 -> 718 (191)
649 -> 722 (170)
649 -> 844 (159)
649 -> 872 (116)
649 -> 884 (126)
649 -> 910 (187)
649 -> 955 (180)
649 -> 981 (153)
649 -> 987 (112)
649 -> 996 (147)
650 -> 651 (163)
652 -> 981 (100)
653 -> 651 (87)
654 -> 338 (172)
655 -> 34 (6)
655 -> 179 (7)
655 -> 361 (56)
656 -> 133 (197)
657 -> 361 (148)
660 -> 469 (105)
660 -> 522 (77)
660 -> 555 (2)
661 -> 133 (120)
661 -> 967 (80)
663 -> 967 (143)
665 -> 651 (98)
665 -> 981 (79)
666 -> 338 (127)
666 -> 844 (54)
667 -> 967 (173)
668 -> 651 (164)
669 -> 174 (108)
670 -> 338 (87)
672 -> 133 (120)
672 -> 261 (127)
672 -> 320 (35)
672 -> 570 (123)
672 -> 800 (196)
672 -> 926 (124)
672 -> 967 (69)
672 -> 968 (108)
673 -> 361 (168)
674 -> 844 (197)
675 -> 361 (158)
676 -> 26 (104)
676 -> 157 (70)
676 -> 203 (20)
676 -> 336 (156)
676 -> 361 (192)
676 -> 580 (191)
676 -> 616 (150)
676 -> 681 (130)
676 -> 682 (152)
676 -> 764 (152)
676 -> 765 (146)
676 -> 773 (163)
676 -> 829 (77)
676 -> 844 (47)
676 -> 901 (101)
676 -> 936 (111)
677 -> 844 (186)
677 -> 981 (11)
679 -> 405 (74)
679 -> 534 (16)
679 -> 545 (12)
681 -> 981 (130)
682 -> 981 (152)
683 -> 844 (104)
684 -> 844 (198)
685 -> 844 (93)
687 -> 338 (194)
688 -> 981 (138)
689 -> 361 (77)
690 -> 261 (57)
691 -> 22 (75)
691 -> 69 (69)
691 -> 274 (27)
691 -> 317 (19)
692 -> 981 (116)
693 -> 967 (181)
694 -> 338 (193)
697 -> 411 (159)
697 -> 630 (3)
698 -> 651 (153)
699 -> 632 (61)
699 -> 636 (6)
700 -> 15 (45)
700 -> 402 (52)
700 -> 559 (62)
701 -> 967 (120)
703 -> 361 (174)
704 -> 967 (75)
707 -> 338 (73)
708 -> 566 (13)
708 -> 594 (40)
708 -> 653 (58)
708 -> 675 (23)
708 -> 692 (5)
709 -> 967 (177)
711 -> 133 (99)
711 -> 844 (96)
713 -> 651 (131)
714 -> 844 (141)
714 -> 981 (57)
716 -> 226 (9)
716 -> 338 (173)
718 -> 981 (191)
721 -> 298 (115)
722 -> 361 (170)
723 -> 508 (44)
723 -> 599 (35)
723 -> 601 (32)
725 -> 293 (164)
725 -> 338 (140)
725 -> 433 (186)
725 -> 700 (159)
725 -> 701 (120)
725 -> 887 (176)
727 -> 844 (153)
729 -> 89 (68)
729 -> 651 (125)
731 -> 288 (39)
731 -> 300 (134)
731 -> 370 (8)
733 -> 981 (193)
734 -> 338 (179)
735 -> 361 (176)
736 -> 405 (1)
736 -> 458 (31)
736 -> 545 (9)
736 -> 981 (156)
737 -> 338 (172)
738 -> 844 (200)
741 -> 361 (112)
742 -> 338 (148)
744 -> 621 (2)
745 -> 189 (155)
745 -> 545 (7)
745 -> 562 (22)
746 -> 361 (177)
746 -> 967 (15)
747 -> 338 (125)
750 -> 651 (153)
752 -> 844 (141)
753 -> 651 (59)
754 -> 361 (94)
754 -> 981 (25)
755 -> 305 (5)
757 -> 981 (168)
759 -> 338 (106)
762 -> 133 (159)
764 -> 338 (152)
765 -> 361 (107)
765 -> 651 (39)
766 -> 361 (143)
767 -> 844 (191)
768 -> 967 (106)
769 -> 154 (71)
773 -> 338 (134)
773 -> 651 (29)
775 -> 651 (8)
777 -> 402 (6)
777 -> 844 (78)
779 -> 322 (11)
779 -> 981 (169)
782 -> 361 (200)
784 -> 651 (153)
785 -> 32 (141)
785 -> 48 (152)
785 -> 59 (143)
785 -> 94 (86)
785 -> 202 (70)
785 -> 222 (138)
785 -> 229 (181)
785 -> 263 (143)
785 -> 267 (158)
785 -> 309 (43)
785 -> 338 (13)
785 -> 372 (154)
785 -> 389 (160)
785 -> 399 (98)
785 -> 413 (166)
785 -> 415 (167)
785 -> 484 (82)
785 -> 505 (115)
785 -> 508 (61)
785 -> 555 (146)
785 -> 556 (155)
785 -> 564 (177)
785 -> 623 (123)
785 -> 624 (137)
785 -> 627 (133)
785 -> 640 (161)
785 -> 643 (176)
785 -> 654 (159)
785 -> 675 (135)
785 -> 694 (193)
785 -> 734 (179)
785 -> 782 (129)
785 -> 809 (160)
785 -> 810 (189)
785 -> 813 (179)
785 -> 864 (139)
785 -> 867 (190)
785 -> 938 (160)
785 -> 967 (59)
785 -> 985 (181)
788 -> 35 (182)
788 -> 74 (33)
788 -> 130 (82)
788 -> 459 (64)
788 -> 470 (64)
788 -> 627 (11)
788 -> 656 (85)
788 -> 782 (71)
788 -> 827 (20)
788 -> 844 (61)
788 -> 890 (144)
789 -> 844 (157)
793 -> 844 (102)
799 -> 844 (100)
800 -> 185 (114)
800 -> 347 (82)
801 -> 967 (121)
803 -> 176 (54)
803 -> 361 (83)
805 -> 788 (131)
809 -> 967 (160)
810 -> 338 (189)
813 -> 338 (113)
813 -> 844 (66)
814 -> 361 (109)
814 -> 844 (84)
815 -> 338 (23)
817 -> 133 (131)
817 -> 261 (190)
817 -> 271 (181)
817 -> 338 (164)
817 -> 460 (126)
817 -> 844 (182)
817 -> 892 (163)
817 -> 897 (124)
817 -> 907 (178)
817 -> 914 (161)
817 -> 949 (181)
817 -> 967 (174)
818 -> 233 (12)
818 -> 338 (172)
822 -> 338 (78)
822 -> 651 (55)
823 -> 133 (71)
823 -> 981 (55)
824 -> 434 (42)
826 -> 338 (144)
826 -> 981 (40)
827 -> 651 (167)
828 -> 5 (69)
828 -> 159 (180)
828 -> 205 (135)
828 -> 261 (120)
828 -> 295 (92)
828 -> 333 (139)
828 -> 486 (180)
828 -> 524 (186)
828 -> 525 (92)
828 -> 528 (76)
828 -> 532 (29)
828 -> 542 (69)
828 -> 564 (8)
828 -> 594 (155)
828 -> 596 (176)
828 -> 628 (181)
828 -> 634 (188)
828 -> 641 (121)
828 -> 649 (181)
828 -> 651 (151)
828 -> 655 (69)
828 -> 660 (184)
828 -> 721 (115)
828 -> 731 (181)
828 -> 733 (173)
828 -> 738 (200)
828 -> 752 (141)
828 -> 805 (131)
828 -> 817 (173)
828 -> 830 (179)
828 -> 832 (187)
828 -> 841 (173)
828 -> 844 (29)
828 -> 845 (187)
828 -> 858 (161)
828 -> 859 (172)
828 -> 871 (96)
828 -> 886 (151)
828 -> 948 (165)
828 -> 966 (110)
828 -> 967 (188)
828 -> 993 (162)
828 -> 998 (185)
829 -> 338 (193)
830 -> 338 (165)
830 -> 844 (14)
831 -> 133 (140)
832 -> 195 (1)
832 -> 967 (186)
834 -> 361 (168)
834 -> 981 (9)
836 -> 651 (113)
839 -> 133 (186)
839 -> 579 (11)
840 -> 133 (116)
841 -> 361 (173)
842 -> 338 (199)
845 -> 338 (145)
845 -> 824 (42)
849 -> 273 (56)
849 -> 380 (21)
849 -> 440 (78)
850 -> 338 (174)
850 -> 844 (16)
854 -> 152 (97)
856 -> 447 (31)
856 -> 967 (150)
858 -> 981 (161)
859 -> 195 (4)
859 -> 230 (99)
859 -> 302 (32)
859 -> 388 (37)
860 -> 19 (135)
860 -> 111 (160)
860 -> 148 (70)
860 -> 167 (196)
860 -> 223 (100)
860 -> 231 (176)
860 -> 331 (112)
860 -> 361 (50)
860 -> 453 (134)
860 -> 582 (172)
860 -> 610 (88)
860 -> 615 (162)
860 -> 646 (172)
860 -> 708 (139)
860 -> 714 (198)
860 -> 723 (111)
860 -> 759 (106)
860 -> 785 (148)
860 -> 818 (184)
860 -> 888 (121)
860 -> 942 (188)
863 -> 338 (161)
864 -> 338 (139)
865 -> 187 (16)
865 -> 651 (141)
866 -> 967 (126)
867 -> 651 (133)
867 -> 967 (57)
869 -> 4 (38)
869 -> 50 (186)
869 -> 114 (180)
869 -> 183 (108)
869 -> 261 (94)
869 -> 281 (65)
869 -> 338 (130)
869 -> 392 (142)
869 -> 497 (179)
869 -> 578 (113)
869 -> 645 (173)
869 -> 651 (69)
869 -> 663 (116)
869 -> 669 (108)
869 -> 679 (102)
869 -> 692 (111)
869 -> 693 (169)
869 -> 697 (162)
869 -> 716 (182)
869 -> 741 (112)
869 -> 777 (84)
869 -> 844 (39)
869 -> 854 (97)
869 -> 865 (157)
869 -> 943 (139)
869 -> 967 (117)
869 -> 969 (168)
871 -> 10 (7)
871 -> 298 (23)
871 -> 370 (35)
871 -> 495 (31)
872 -> 651 (116)
873 -> 635 (13)
873 -> 844 (160)
874 -> 114 (12)
874 -> 214 (151)
874 -> 217 (145)
874 -> 311 (200)
874 -> 341 (82)
874 -> 412 (192)
874 -> 543 (136)
874 -> 639 (113)
874 -> 725 (114)
874 -> 736 (197)
874 -> 769 (71)
874 -> 875 (138)
874 -> 895 (91)
874 -> 920 (119)
874 -> 928 (124)
874 -> 981 (194)
875 -> 133 (51)
875 -> 916 (87)
878 -> 133 (110)
882 -> 338 (131)
882 -> 402 (1)
884 -> 133 (101)
884 -> 338 (25)
885 -> 651 (145)
886 -> 844 (151)
887 -> 967 (176)
888 -> 967 (121)
890 -> 361 (144)
891 -> 133 (153)
891 -> 136 (180)
891 -> 147 (100)
891 -> 223 (75)
891 -> 274 (150)
891 -> 338 (102)
891 -> 342 (124)
891 -> 351 (105)
891 -> 361 (151)
891 -> 432 (98)
891 -> 460 (50)
891 -> 549 (71)
891 -> 651 (116)
891 -> 667 (173)
891 -> 684 (198)
891 -> 687 (69)
891 -> 735 (176)
891 -> 744 (2)
891 -> 745 (184)
891 -> 803 (137)
891 -> 844 (151)
891 -> 882 (132)
891 -> 908 (186)
891 -> 961 (133)
891 -> 988 (174)
892 -> 361 (108)
892 -> 369 (47)
892 -> 427 (8)
894 -> 967 (129)
895 -> 388 (14)
895 -> 440 (77)
897 -> 408 (18)
897 -> 844 (106)
901 -> 844 (101)
906 -> 361 (118)
907 -> 844 (178)
908 -> 313 (37)
908 -> 338 (149)
910 -> 133 (161)
910 -> 415 (18)
910 -> 561 (8)
912 -> 338 (102)
914 -> 361 (161)
915 -> 338 (100)
916 -> 967 (87)
917 -> 967 (112)
918 -> 361 (74)
919 -> 276 (6)
919 -> 402 (12)
919 -> 408 (17)
919 -> 440 (35)
919 -> 501 (44)
920 -> 338 (119)
926 -> 341 (86)
926 -> 360 (22)
926 -> 364 (12)
926 -> 447 (4)
927 -> 133 (89)
928 -> 31 (175)
928 -> 133 (96)
928 -> 361 (155)
928 -> 513 (142)
928 -> 699 (67)
928 -> 755 (5)
928 -> 767 (191)
928 -> 784 (153)
928 -> 951 (137)
929 -> 361 (86)
931 -> 273 (56)
931 -> 361 (122)
936 -> 338 (111)
937 -> 133 (166)
938 -> 981 (160)
942 -> 338 (149)
942 -> 602 (39)
943 -> 89 (6)
943 -> 651 (133)
944 -> 361 (179)
945 -> 133 (96)
947 -> 844 (95)
948 -> 844 (104)
948 -> 981 (61)
949 -> 967 (181)
951 -> 651 (137)
952 -> 967 (148)
955 -> 402 (20)
955 -> 651 (160)
959 -> 651 (134)
960 -> 844 (144)
961 -> 844 (133)
965 -> 338 (125)
966 -> 844 (110)
968 -> 981 (108)
969 -> 338 (106)
969 -> 651 (62)
973 -> 338 (97)
974 -> 651 (21)
980 -> 42 (183)
980 -> 148 (100)
980 -> 186 (127)
980 -> 241 (109)
980 -> 245 (190)
980 -> 306 (76)
980 -> 338 (197)
980 -> 419 (160)
980 -> 500 (138)
980 -> 502 (136)
980 -> 651 (85)
980 -> 654 (13)
980 -> 799 (100)
980 -> 849 (155)
980 -> 850 (190)
980 -> 863 (161)
980 -> 919 (114)
980 -> 967 (124)
980 -> 999 (99)
985 -> 338 (110)
985 -> 981 (71)
987 -> 133 (109)
987 -> 338 (3)
988 -> 54 (7)
988 -> 230 (40)
988 -> 448 (49)
988 -> 501 (46)
988 -> 562 (23)
988 -> 572 (9)
991 -> 844 (14)
992 -> 651 (191)
993 -> 271 (11)
993 -> 461 (29)
993 -> 563 (48)
993 -> 570 (48)
993 -> 585 (22)
993 -> 594 (4)
996 -> 981 (147)
998 -> 300 (39)
998 -> 458 (60)
998 -> 467 (86)
999 -> 338 (126)
Fluxo: 88849
Arestas removidas: 194981

--Rotas do 3ยบ turno-----------------------------
4 -> 844 (170)
6 -> 981 (86)
10 -> 338 (95)
15 -> 844 (110)
17 -> 361 (100)
22 -> 361 (75)
26 -> 651 (91)
30 -> 981 (100)
31 -> 981 (152)
34 -> 338 (121)
35 -> 361 (74)
41 -> 844 (176)
42 -> 338 (109)
44 -> 651 (99)
50 -> 10 (95)
50 -> 26 (91)
54 -> 844 (55)
66 -> 981 (61)
69 -> 338 (68)
70 -> 967 (65)
87 -> 361 (96)
89 -> 338 (6)
93 -> 651 (12)
110 -> 967 (54)
114 -> 981 (180)
133 -> 651 (183)
136 -> 31 (15)
136 -> 844 (165)
147 -> 17 (100)
148 -> 981 (170)
154 -> 338 (16)
159 -> 361 (21)
183 -> 6 (27)
183 -> 338 (81)
187 -> 338 (16)
223 -> 633 (173)
226 -> 361 (9)
231 -> 338 (73)
261 -> 338 (192)
266 -> 338 (17)
268 -> 361 (170)
268 -> 524 (8)
274 -> 338 (150)
281 -> 15 (65)
283 -> 69 (22)
306 -> 338 (58)
313 -> 967 (20)
320 -> 844 (99)
342 -> 967 (103)
342 -> 981 (21)
351 -> 283 (22)
351 -> 683 (83)
374 -> 361 (30)
392 -> 15 (45)
392 -> 22 (26)
392 -> 44 (71)
411 -> 374 (30)
432 -> 361 (98)
460 -> 338 (149)
497 -> 22 (25)
497 -> 44 (28)
497 -> 66 (61)
497 -> 70 (65)
524 -> 651 (8)
549 -> 31 (40)
549 -> 41 (31)
570 -> 844 (123)
578 -> 967 (113)
621 -> 268 (178)
630 -> 338 (137)
633 -> 159 (21)
633 -> 361 (152)
645 -> 6 (59)
645 -> 30 (7)
645 -> 41 (107)
648 -> 338 (7)
663 -> 967 (116)
667 -> 967 (173)
669 -> 35 (54)
669 -> 110 (54)
672 -> 133 (120)
672 -> 261 (127)
672 -> 320 (99)
672 -> 570 (123)
672 -> 874 (36)
672 -> 967 (69)
672 -> 968 (77)
679 -> 30 (93)
679 -> 35 (9)
683 -> 844 (83)
684 -> 844 (198)
687 -> 338 (133)
692 -> 981 (111)
693 -> 967 (169)
697 -> 411 (30)
697 -> 630 (137)
716 -> 226 (9)
716 -> 338 (173)
735 -> 361 (176)
741 -> 361 (112)
744 -> 621 (178)
745 -> 22 (18)
745 -> 34 (121)
745 -> 69 (45)
777 -> 22 (6)
777 -> 844 (78)
803 -> 41 (38)
803 -> 154 (16)
803 -> 361 (83)
854 -> 31 (97)
860 -> 148 (70)
860 -> 231 (73)
860 -> 361 (50)
865 -> 187 (16)
865 -> 651 (141)
869 -> 4 (170)
869 -> 50 (186)
869 -> 114 (180)
869 -> 183 (108)
869 -> 261 (65)
869 -> 281 (65)
869 -> 338 (130)
869 -> 392 (142)
869 -> 497 (179)
869 -> 578 (113)
869 -> 645 (173)
869 -> 651 (69)
869 -> 663 (116)
869 -> 669 (108)
869 -> 679 (102)
869 -> 692 (111)
869 -> 693 (169)
869 -> 697 (167)
869 -> 716 (182)
869 -> 741 (112)
869 -> 777 (84)
869 -> 844 (39)
869 -> 854 (97)
869 -> 865 (157)
869 -> 943 (139)
869 -> 967 (117)
869 -> 969 (168)
874 -> 981 (194)
882 -> 69 (1)
882 -> 338 (131)
891 -> 133 (63)
891 -> 136 (180)
891 -> 147 (100)
891 -> 223 (173)
891 -> 274 (150)
891 -> 338 (102)
891 -> 342 (124)
891 -> 351 (105)
891 -> 361 (151)
891 -> 432 (98)
891 -> 460 (149)
891 -> 549 (71)
891 -> 651 (116)
891 -> 667 (173)
891 -> 672 (37)
891 -> 684 (198)
891 -> 687 (133)
891 -> 735 (176)
891 -> 744 (178)
891 -> 745 (184)
891 -> 803 (137)
891 -> 844 (151)
891 -> 860 (72)
891 -> 882 (132)
891 -> 908 (186)
891 -> 961 (133)
891 -> 988 (174)
908 -> 266 (17)
908 -> 313 (20)
908 -> 338 (149)
943 -> 89 (6)
943 -> 651 (133)
961 -> 844 (133)
968 -> 981 (77)
969 -> 338 (106)
969 -> 651 (62)
980 -> 42 (109)
980 -> 148 (100)
980 -> 306 (58)
980 -> 338 (197)
980 -> 651 (85)
980 -> 967 (124)
988 -> 35 (11)
988 -> 54 (55)
988 -> 87 (96)
988 -> 93 (12)
Fluxo: 8667
Arestas removidas: 195104

--Rotas do 4ยบ turno-----------------------------
4 -> 844 (170)
114 -> 981 (160)
133 -> 651 (153)
136 -> 844 (165)
274 -> 338 (64)
869 -> 4 (170)
869 -> 114 (160)
869 -> 338 (130)
869 -> 651 (69)
869 -> 844 (39)
869 -> 967 (117)
891 -> 133 (153)
891 -> 136 (165)
891 -> 274 (64)
891 -> 338 (102)
891 -> 361 (151)
891 -> 651 (116)
891 -> 844 (151)
Fluxo: 1587
Arestas removidas: 195104

Populaรงรฃo evacuada: 249251U de 249251 UTs
O tempo total para evacuar 100.00% da populaรงรฃo รฉ: 5 unidades de tempo.
