--Rotas do 1º turno-----------------------------
0 -> 4 (100)
0 -> 11 (168)
0 -> 13 (75)
0 -> 16 (158)
0 -> 26 (84)
0 -> 37 (163)
0 -> 40 (173)
0 -> 42 (141)
0 -> 57 (163)
0 -> 66 (95)
0 -> 87 (64)
0 -> 112 (130)
0 -> 125 (63)
0 -> 127 (121)
0 -> 137 (117)
0 -> 145 (200)
0 -> 149 (79)
0 -> 168 (66)
0 -> 171 (123)
0 -> 172 (155)
0 -> 177 (45)
0 -> 184 (128)
0 -> 194 (139)
0 -> 196 (87)
1 -> 2 (124)
1 -> 28 (148)
1 -> 37 (4)
1 -> 80 (87)
1 -> 92 (114)
1 -> 112 (65)
1 -> 118 (102)
1 -> 125 (158)
1 -> 129 (124)
1 -> 144 (118)
1 -> 153 (196)
1 -> 155 (107)
1 -> 167 (155)
1 -> 175 (68)
1 -> 177 (54)
1 -> 183 (155)
1 -> 185 (148)
1 -> 194 (23)
2 -> 64 (198)
3 -> 23 (51)
4 -> 64 (69)
4 -> 194 (31)
5 -> 194 (130)
6 -> 2 (74)
6 -> 27 (139)
6 -> 41 (80)
6 -> 49 (181)
6 -> 50 (16)
6 -> 53 (139)
6 -> 56 (153)
6 -> 68 (172)
6 -> 86 (146)
6 -> 90 (35)
6 -> 95 (87)
6 -> 125 (73)
6 -> 128 (121)
6 -> 143 (32)
6 -> 162 (153)
6 -> 164 (56)
6 -> 165 (132)
6 -> 179 (120)
6 -> 183 (16)
6 -> 190 (114)
6 -> 192 (174)
7 -> 23 (120)
7 -> 64 (17)
8 -> 50 (84)
9 -> 5 (109)
9 -> 15 (94)
9 -> 30 (35)
9 -> 51 (130)
9 -> 78 (173)
9 -> 83 (198)
9 -> 84 (195)
9 -> 89 (94)
9 -> 99 (71)
9 -> 134 (132)
9 -> 136 (114)
9 -> 194 (106)
10 -> 3 (51)
10 -> 8 (84)
10 -> 33 (154)
10 -> 38 (93)
10 -> 45 (7)
10 -> 54 (157)
10 -> 56 (17)
10 -> 81 (115)
10 -> 120 (122)
10 -> 147 (118)
10 -> 161 (193)
10 -> 163 (58)
10 -> 165 (38)
11 -> 90 (168)
12 -> 125 (89)
12 -> 163 (78)
13 -> 90 (75)
14 -> 7 (137)
14 -> 18 (193)
14 -> 25 (80)
14 -> 41 (18)
14 -> 90 (89)
14 -> 106 (77)
14 -> 125 (30)
14 -> 136 (175)
14 -> 158 (3)
14 -> 163 (9)
15 -> 136 (94)
16 -> 23 (151)
16 -> 50 (7)
17 -> 125 (136)
17 -> 141 (58)
18 -> 64 (175)
18 -> 140 (18)
19 -> 140 (165)
20 -> 64 (173)
21 -> 136 (181)
22 -> 20 (110)
22 -> 23 (148)
22 -> 33 (13)
22 -> 35 (58)
22 -> 45 (18)
22 -> 87 (108)
22 -> 135 (112)
22 -> 171 (48)
22 -> 182 (180)
24 -> 45 (186)
24 -> 194 (10)
25 -> 45 (80)
26 -> 90 (198)
27 -> 64 (99)
27 -> 163 (40)
28 -> 23 (102)
28 -> 45 (46)
29 -> 55 (93)
29 -> 77 (176)
29 -> 87 (17)
29 -> 96 (138)
29 -> 99 (86)
29 -> 131 (164)
29 -> 140 (153)
29 -> 163 (146)
29 -> 194 (194)
30 -> 50 (184)
31 -> 45 (36)
31 -> 46 (144)
31 -> 95 (82)
31 -> 125 (1)
31 -> 129 (7)
31 -> 168 (47)
32 -> 20 (63)
32 -> 30 (149)
32 -> 44 (90)
32 -> 45 (76)
32 -> 50 (161)
32 -> 52 (186)
32 -> 64 (79)
32 -> 81 (5)
32 -> 90 (25)
32 -> 109 (76)
32 -> 164 (78)
32 -> 176 (37)
33 -> 136 (167)
34 -> 23 (184)
35 -> 23 (58)
36 -> 194 (85)
37 -> 125 (167)
38 -> 125 (93)
39 -> 17 (194)
40 -> 90 (133)
40 -> 125 (40)
41 -> 194 (98)
42 -> 23 (23)
42 -> 50 (19)
42 -> 90 (99)
43 -> 12 (167)
43 -> 34 (76)
43 -> 44 (102)
43 -> 64 (98)
43 -> 125 (63)
43 -> 146 (138)
43 -> 163 (182)
44 -> 125 (192)
46 -> 23 (134)
46 -> 45 (10)
47 -> 59 (193)
47 -> 61 (134)
47 -> 63 (170)
47 -> 74 (168)
47 -> 90 (20)
47 -> 130 (159)
47 -> 134 (41)
47 -> 172 (9)
48 -> 23 (62)
48 -> 55 (46)
48 -> 67 (153)
48 -> 75 (128)
48 -> 120 (7)
48 -> 131 (12)
48 -> 140 (195)
49 -> 194 (181)
51 -> 118 (17)
51 -> 136 (113)
52 -> 90 (152)
52 -> 148 (34)
53 -> 125 (101)
53 -> 163 (38)
54 -> 136 (157)
55 -> 64 (139)
56 -> 136 (170)
57 -> 50 (70)
57 -> 136 (93)
58 -> 125 (116)
58 -> 163 (54)
59 -> 64 (174)
59 -> 140 (19)
60 -> 45 (13)
60 -> 110 (174)
60 -> 116 (110)
60 -> 136 (15)
60 -> 140 (171)
60 -> 163 (200)
61 -> 45 (68)
61 -> 90 (66)
62 -> 19 (93)
62 -> 26 (114)
62 -> 64 (58)
62 -> 71 (87)
62 -> 90 (188)
62 -> 105 (159)
62 -> 163 (162)
63 -> 163 (88)
63 -> 194 (82)
65 -> 64 (89)
66 -> 64 (95)
67 -> 45 (99)
67 -> 50 (54)
68 -> 23 (130)
68 -> 45 (42)
69 -> 23 (119)
69 -> 125 (65)
70 -> 23 (6)
70 -> 39 (165)
70 -> 64 (98)
70 -> 65 (81)
70 -> 169 (182)
71 -> 136 (87)
72 -> 50 (78)
73 -> 136 (194)
73 -> 140 (70)
74 -> 140 (181)
75 -> 140 (128)
77 -> 64 (142)
77 -> 140 (34)
78 -> 50 (104)
78 -> 136 (69)
79 -> 90 (120)
80 -> 136 (113)
81 -> 90 (120)
83 -> 23 (154)
83 -> 194 (44)
84 -> 90 (151)
84 -> 140 (44)
85 -> 45 (55)
85 -> 58 (170)
85 -> 65 (8)
85 -> 111 (157)
85 -> 125 (162)
85 -> 163 (162)
85 -> 180 (167)
86 -> 23 (124)
86 -> 125 (22)
87 -> 163 (189)
88 -> 5 (21)
88 -> 24 (196)
88 -> 36 (85)
88 -> 50 (86)
88 -> 96 (36)
88 -> 194 (111)
89 -> 23 (94)
91 -> 21 (133)
91 -> 34 (108)
91 -> 39 (29)
91 -> 72 (78)
91 -> 125 (100)
91 -> 140 (96)
91 -> 158 (73)
91 -> 194 (62)
92 -> 45 (110)
92 -> 138 (4)
93 -> 79 (91)
93 -> 136 (79)
93 -> 147 (49)
93 -> 194 (24)
94 -> 21 (48)
94 -> 45 (128)
94 -> 116 (47)
94 -> 136 (147)
94 -> 156 (22)
95 -> 23 (169)
96 -> 90 (174)
97 -> 50 (180)
98 -> 69 (184)
98 -> 90 (139)
98 -> 97 (130)
98 -> 125 (135)
98 -> 170 (87)
99 -> 64 (157)
102 -> 50 (85)
102 -> 125 (91)
102 -> 140 (174)
103 -> 45 (172)
103 -> 125 (23)
105 -> 45 (159)
106 -> 64 (18)
106 -> 194 (59)
107 -> 50 (85)
107 -> 74 (13)
107 -> 90 (162)
107 -> 140 (132)
107 -> 194 (131)
108 -> 50 (69)
108 -> 90 (193)
109 -> 125 (179)
110 -> 23 (158)
110 -> 45 (16)
111 -> 50 (157)
112 -> 64 (195)
114 -> 64 (137)
114 -> 136 (54)
114 -> 194 (52)
115 -> 19 (72)
115 -> 23 (112)
115 -> 125 (126)
115 -> 163 (48)
116 -> 23 (157)
118 -> 64 (119)
119 -> 163 (87)
119 -> 170 (94)
119 -> 194 (172)
120 -> 50 (129)
122 -> 64 (184)
122 -> 79 (29)
122 -> 90 (108)
122 -> 103 (167)
122 -> 194 (7)
124 -> 23 (192)
124 -> 64 (131)
124 -> 90 (101)
126 -> 163 (53)
127 -> 45 (121)
128 -> 64 (61)
128 -> 90 (60)
129 -> 64 (131)
130 -> 90 (159)
131 -> 64 (176)
133 -> 50 (174)
133 -> 140 (19)
134 -> 45 (173)
135 -> 45 (88)
135 -> 64 (24)
137 -> 50 (117)
138 -> 125 (149)
139 -> 50 (114)
139 -> 97 (50)
139 -> 125 (185)
139 -> 140 (87)
141 -> 45 (58)
143 -> 125 (32)
144 -> 50 (118)
145 -> 23 (145)
145 -> 125 (55)
146 -> 23 (136)
146 -> 125 (2)
147 -> 64 (167)
148 -> 90 (34)
149 -> 23 (79)
150 -> 50 (72)
150 -> 109 (103)
150 -> 194 (108)
151 -> 45 (123)
151 -> 140 (56)
151 -> 163 (7)
151 -> 194 (61)
153 -> 45 (134)
153 -> 140 (62)
155 -> 136 (107)
156 -> 80 (26)
157 -> 45 (68)
157 -> 156 (4)
158 -> 50 (76)
160 -> 45 (186)
160 -> 138 (145)
161 -> 50 (179)
161 -> 125 (14)
162 -> 163 (153)
164 -> 140 (134)
165 -> 23 (170)
166 -> 125 (123)
166 -> 194 (126)
167 -> 23 (111)
167 -> 163 (44)
168 -> 90 (113)
169 -> 90 (156)
169 -> 194 (26)
170 -> 163 (181)
171 -> 50 (171)
172 -> 90 (164)
173 -> 64 (44)
173 -> 136 (83)
174 -> 45 (179)
174 -> 163 (131)
175 -> 45 (68)
176 -> 136 (37)
177 -> 23 (99)
179 -> 50 (120)
180 -> 45 (62)
180 -> 90 (85)
180 -> 140 (20)
182 -> 136 (163)
182 -> 194 (17)
183 -> 125 (171)
184 -> 50 (82)
184 -> 90 (46)
185 -> 136 (140)
185 -> 140 (8)
187 -> 45 (25)
187 -> 50 (127)
187 -> 125 (77)
187 -> 136 (82)
188 -> 163 (1)
190 -> 125 (114)
191 -> 64 (192)
191 -> 125 (100)
191 -> 140 (63)
191 -> 194 (173)
192 -> 125 (158)
192 -> 140 (16)
193 -> 50 (143)
195 -> 23 (150)
195 -> 133 (193)
196 -> 90 (87)
197 -> 125 (89)
197 -> 136 (33)
197 -> 163 (47)
198 -> 23 (147)
199 -> 90 (80)
Fluxo: 28707
Arestas removidas: 2978

--Rotas do 2º turno-----------------------------
0 -> 11 (168)
0 -> 16 (158)
0 -> 26 (84)
0 -> 37 (163)
0 -> 40 (173)
0 -> 57 (163)
0 -> 127 (121)
0 -> 145 (132)
0 -> 194 (139)
1 -> 2 (124)
1 -> 28 (148)
1 -> 92 (110)
1 -> 112 (106)
1 -> 118 (102)
1 -> 125 (158)
1 -> 129 (124)
1 -> 144 (118)
1 -> 153 (196)
1 -> 167 (91)
2 -> 64 (198)
3 -> 23 (51)
4 -> 64 (69)
5 -> 194 (130)
6 -> 0 (195)
6 -> 1 (113)
6 -> 2 (74)
6 -> 27 (139)
6 -> 41 (80)
6 -> 49 (181)
6 -> 50 (16)
6 -> 53 (139)
6 -> 56 (153)
6 -> 68 (172)
6 -> 86 (146)
6 -> 90 (35)
6 -> 95 (87)
6 -> 114 (60)
6 -> 125 (73)
6 -> 128 (108)
6 -> 143 (32)
6 -> 162 (153)
6 -> 164 (56)
6 -> 165 (132)
6 -> 179 (120)
6 -> 183 (150)
6 -> 190 (114)
6 -> 192 (174)
8 -> 50 (84)
9 -> 51 (113)
9 -> 78 (173)
9 -> 83 (198)
9 -> 84 (51)
9 -> 136 (114)
10 -> 3 (51)
10 -> 8 (84)
10 -> 33 (154)
10 -> 38 (93)
10 -> 45 (7)
10 -> 47 (57)
10 -> 54 (157)
10 -> 56 (17)
10 -> 66 (12)
10 -> 81 (24)
10 -> 120 (122)
10 -> 147 (118)
10 -> 161 (193)
10 -> 163 (58)
10 -> 165 (38)
10 -> 175 (32)
11 -> 90 (168)
12 -> 125 (89)
12 -> 163 (78)
14 -> 136 (175)
15 -> 136 (94)
16 -> 23 (151)
16 -> 50 (7)
17 -> 125 (136)
17 -> 141 (58)
19 -> 140 (165)
20 -> 64 (173)
21 -> 136 (133)
22 -> 9 (153)
22 -> 20 (110)
22 -> 23 (148)
22 -> 33 (13)
22 -> 35 (58)
22 -> 45 (18)
22 -> 87 (108)
22 -> 114 (20)
22 -> 135 (112)
22 -> 171 (135)
22 -> 182 (180)
24 -> 45 (186)
24 -> 194 (10)
25 -> 45 (80)
26 -> 90 (84)
27 -> 64 (99)
27 -> 163 (40)
28 -> 23 (102)
28 -> 45 (46)
29 -> 55 (93)
29 -> 77 (176)
29 -> 87 (49)
29 -> 99 (157)
29 -> 112 (89)
29 -> 131 (164)
29 -> 140 (153)
29 -> 163 (146)
29 -> 166 (98)
29 -> 194 (194)
30 -> 50 (184)
31 -> 45 (36)
31 -> 46 (144)
31 -> 95 (82)
31 -> 125 (1)
31 -> 129 (7)
32 -> 20 (63)
32 -> 30 (172)
32 -> 37 (4)
32 -> 44 (90)
32 -> 45 (76)
32 -> 50 (161)
32 -> 52 (166)
32 -> 64 (79)
32 -> 90 (25)
32 -> 109 (76)
32 -> 164 (78)
32 -> 176 (37)
33 -> 136 (167)
34 -> 23 (184)
35 -> 23 (58)
36 -> 194 (85)
37 -> 125 (167)
38 -> 125 (93)
39 -> 17 (194)
40 -> 90 (94)
40 -> 125 (79)
41 -> 194 (98)
42 -> 23 (23)
42 -> 50 (1)
43 -> 12 (167)
43 -> 34 (76)
43 -> 44 (102)
43 -> 64 (98)
43 -> 125 (63)
43 -> 146 (138)
43 -> 163 (182)
44 -> 125 (192)
46 -> 23 (134)
46 -> 45 (10)
47 -> 30 (12)
47 -> 59 (193)
47 -> 61 (68)
47 -> 66 (65)
47 -> 74 (57)
47 -> 90 (20)
48 -> 23 (62)
48 -> 55 (46)
48 -> 67 (153)
48 -> 75 (128)
48 -> 106 (77)
48 -> 120 (7)
48 -> 131 (12)
48 -> 140 (195)
49 -> 194 (181)
51 -> 136 (113)
52 -> 148 (166)
53 -> 125 (101)
53 -> 163 (38)
54 -> 136 (157)
55 -> 64 (139)
56 -> 136 (170)
57 -> 50 (70)
57 -> 136 (93)
58 -> 125 (116)
58 -> 163 (54)
59 -> 64 (174)
59 -> 140 (19)
60 -> 45 (13)
60 -> 66 (18)
60 -> 110 (174)
60 -> 116 (110)
60 -> 136 (15)
60 -> 140 (171)
60 -> 163 (200)
61 -> 45 (68)
62 -> 19 (93)
62 -> 64 (58)
62 -> 71 (87)
62 -> 90 (188)
62 -> 105 (159)
62 -> 163 (162)
63 -> 163 (88)
63 -> 194 (27)
65 -> 64 (89)
66 -> 64 (95)
67 -> 45 (99)
67 -> 50 (54)
68 -> 23 (130)
68 -> 45 (42)
69 -> 23 (119)
69 -> 125 (65)
70 -> 23 (6)
70 -> 39 (165)
70 -> 64 (98)
70 -> 65 (81)
70 -> 169 (172)
71 -> 136 (87)
72 -> 50 (78)
73 -> 134 (131)
73 -> 136 (194)
73 -> 140 (70)
73 -> 171 (36)
74 -> 140 (181)
75 -> 140 (128)
77 -> 64 (142)
77 -> 140 (34)
78 -> 50 (104)
78 -> 136 (69)
80 -> 136 (84)
81 -> 42 (24)
83 -> 23 (154)
83 -> 194 (44)
84 -> 140 (51)
85 -> 45 (55)
85 -> 58 (170)
85 -> 65 (8)
85 -> 111 (157)
85 -> 125 (162)
85 -> 163 (162)
85 -> 180 (123)
86 -> 23 (124)
86 -> 125 (22)
87 -> 163 (189)
88 -> 5 (106)
88 -> 24 (196)
88 -> 36 (85)
88 -> 50 (86)
88 -> 87 (32)
88 -> 194 (111)
90 -> 23 (47)
91 -> 21 (133)
91 -> 34 (108)
91 -> 39 (29)
91 -> 41 (18)
91 -> 72 (78)
91 -> 125 (100)
91 -> 134 (42)
91 -> 140 (96)
91 -> 158 (76)
91 -> 194 (62)
92 -> 45 (110)
93 -> 25 (80)
93 -> 136 (79)
93 -> 147 (49)
93 -> 194 (24)
94 -> 45 (128)
94 -> 136 (59)
95 -> 23 (169)
97 -> 50 (180)
98 -> 69 (184)
98 -> 90 (139)
98 -> 97 (130)
98 -> 125 (135)
98 -> 170 (87)
98 -> 177 (99)
99 -> 64 (157)
102 -> 50 (85)
102 -> 125 (91)
102 -> 140 (174)
103 -> 45 (167)
105 -> 45 (159)
106 -> 64 (18)
106 -> 194 (59)
107 -> 50 (85)
107 -> 74 (124)
107 -> 90 (162)
107 -> 137 (117)
107 -> 140 (132)
107 -> 194 (131)
108 -> 14 (154)
108 -> 15 (61)
108 -> 50 (69)
108 -> 90 (193)
109 -> 125 (179)
110 -> 23 (158)
110 -> 45 (16)
111 -> 50 (157)
112 -> 64 (195)
114 -> 64 (137)
115 -> 19 (72)
115 -> 23 (112)
115 -> 125 (126)
115 -> 163 (48)
116 -> 23 (110)
118 -> 64 (102)
119 -> 15 (33)
119 -> 163 (87)
119 -> 170 (94)
119 -> 194 (172)
120 -> 50 (129)
122 -> 64 (184)
122 -> 90 (108)
122 -> 103 (167)
122 -> 194 (7)
124 -> 14 (21)
124 -> 23 (192)
124 -> 64 (131)
124 -> 90 (101)
124 -> 155 (107)
126 -> 163 (53)
127 -> 45 (121)
128 -> 64 (61)
128 -> 90 (47)
129 -> 64 (131)
131 -> 64 (176)
133 -> 50 (174)
133 -> 140 (19)
134 -> 45 (173)
135 -> 45 (88)
135 -> 64 (24)
137 -> 50 (117)
138 -> 125 (145)
139 -> 50 (114)
139 -> 97 (50)
139 -> 125 (185)
139 -> 140 (87)
141 -> 45 (58)
143 -> 125 (32)
144 -> 50 (118)
145 -> 23 (132)
146 -> 23 (136)
146 -> 125 (2)
147 -> 64 (167)
148 -> 140 (166)
150 -> 50 (72)
150 -> 109 (103)
150 -> 175 (30)
150 -> 194 (108)
151 -> 45 (123)
151 -> 94 (187)
151 -> 140 (56)
151 -> 163 (7)
151 -> 194 (61)
153 -> 45 (134)
153 -> 140 (62)
155 -> 136 (107)
156 -> 80 (84)
157 -> 45 (68)
157 -> 63 (115)
157 -> 156 (84)
158 -> 50 (76)
160 -> 45 (186)
160 -> 138 (145)
161 -> 50 (179)
161 -> 125 (14)
162 -> 163 (153)
164 -> 140 (134)
165 -> 23 (170)
166 -> 125 (123)
166 -> 194 (126)
167 -> 23 (91)
169 -> 194 (172)
170 -> 163 (181)
171 -> 50 (171)
173 -> 64 (44)
173 -> 136 (83)
174 -> 45 (179)
174 -> 163 (131)
174 -> 175 (6)
175 -> 45 (68)
176 -> 136 (37)
177 -> 23 (99)
179 -> 50 (120)
180 -> 45 (62)
180 -> 140 (61)
182 -> 136 (163)
182 -> 194 (17)
183 -> 125 (150)
186 -> 5 (24)
187 -> 45 (25)
187 -> 50 (127)
187 -> 125 (77)
187 -> 136 (82)
188 -> 163 (1)
190 -> 125 (114)
191 -> 4 (69)
191 -> 64 (192)
191 -> 125 (100)
191 -> 140 (63)
191 -> 194 (173)
192 -> 125 (158)
192 -> 140 (16)
193 -> 50 (143)
195 -> 23 (150)
195 -> 133 (193)
197 -> 125 (89)
197 -> 136 (33)
197 -> 163 (47)
198 -> 23 (147)
199 -> 90 (80)
Fluxo: 25462
Arestas removidas: 3187

--Rotas do 3º turno-----------------------------
0 -> 194 (139)
1 -> 125 (158)
2 -> 64 (110)
3 -> 23 (51)
4 -> 64 (69)
5 -> 194 (130)
6 -> 0 (139)
6 -> 1 (113)
6 -> 2 (110)
6 -> 27 (139)
6 -> 41 (80)
6 -> 49 (181)
6 -> 53 (139)
6 -> 56 (153)
6 -> 68 (172)
6 -> 86 (146)
6 -> 95 (87)
6 -> 125 (73)
6 -> 162 (153)
6 -> 165 (132)
6 -> 179 (120)
6 -> 183 (150)
6 -> 192 (148)
8 -> 50 (84)
8 -> 61 (17)
9 -> 51 (39)
9 -> 136 (114)
10 -> 3 (51)
10 -> 8 (101)
10 -> 33 (154)
10 -> 38 (93)
10 -> 45 (7)
10 -> 47 (126)
10 -> 54 (157)
10 -> 56 (17)
10 -> 81 (75)
10 -> 120 (122)
10 -> 147 (118)
10 -> 161 (193)
10 -> 163 (58)
10 -> 165 (38)
10 -> 175 (32)
11 -> 125 (146)
12 -> 125 (89)
12 -> 163 (78)
14 -> 136 (175)
15 -> 136 (94)
17 -> 125 (136)
17 -> 141 (58)
19 -> 140 (165)
20 -> 64 (173)
21 -> 136 (133)
22 -> 9 (153)
22 -> 20 (110)
22 -> 23 (148)
22 -> 33 (13)
22 -> 35 (58)
22 -> 45 (18)
22 -> 87 (108)
22 -> 114 (88)
22 -> 135 (112)
22 -> 171 (135)
22 -> 182 (180)
24 -> 45 (186)
24 -> 194 (10)
25 -> 45 (80)
27 -> 64 (99)
27 -> 163 (40)
29 -> 6 (170)
29 -> 47 (67)
29 -> 55 (93)
29 -> 77 (176)
29 -> 87 (49)
29 -> 99 (157)
29 -> 112 (125)
29 -> 131 (164)
29 -> 140 (153)
29 -> 163 (146)
29 -> 166 (157)
29 -> 194 (194)
30 -> 50 (184)
31 -> 45 (36)
31 -> 46 (144)
31 -> 95 (82)
31 -> 125 (1)
31 -> 129 (176)
31 -> 173 (15)
32 -> 20 (63)
32 -> 30 (172)
32 -> 37 (44)
32 -> 44 (90)
32 -> 45 (76)
32 -> 50 (161)
32 -> 52 (166)
32 -> 64 (79)
32 -> 109 (76)
32 -> 164 (134)
32 -> 176 (37)
33 -> 136 (167)
34 -> 23 (184)
35 -> 23 (58)
36 -> 194 (85)
37 -> 125 (167)
38 -> 125 (93)
39 -> 17 (194)
40 -> 125 (42)
41 -> 194 (98)
42 -> 23 (23)
42 -> 50 (1)
43 -> 12 (167)
43 -> 34 (76)
43 -> 44 (102)
43 -> 64 (98)
43 -> 125 (63)
43 -> 146 (138)
43 -> 163 (182)
44 -> 125 (192)
46 -> 23 (134)
46 -> 45 (10)
47 -> 59 (193)
48 -> 23 (62)
48 -> 55 (46)
48 -> 67 (153)
48 -> 75 (128)
48 -> 106 (77)
48 -> 120 (7)
48 -> 131 (12)
48 -> 140 (195)
49 -> 194 (181)
51 -> 136 (39)
52 -> 148 (166)
53 -> 125 (101)
53 -> 163 (38)
54 -> 136 (157)
55 -> 64 (139)
56 -> 136 (170)
58 -> 125 (116)
58 -> 163 (54)
59 -> 64 (174)
59 -> 140 (19)
60 -> 37 (82)
60 -> 45 (13)
60 -> 66 (95)
60 -> 110 (174)
60 -> 116 (110)
60 -> 136 (15)
60 -> 140 (171)
60 -> 163 (200)
61 -> 45 (68)
62 -> 19 (93)
62 -> 64 (58)
62 -> 71 (87)
62 -> 90 (188)
62 -> 105 (159)
62 -> 112 (70)
62 -> 163 (162)
63 -> 163 (88)
63 -> 194 (27)
65 -> 64 (89)
66 -> 64 (95)
67 -> 45 (99)
67 -> 50 (54)
68 -> 23 (130)
68 -> 45 (42)
69 -> 23 (119)
69 -> 125 (65)
70 -> 23 (6)
70 -> 39 (165)
70 -> 64 (98)
70 -> 65 (81)
70 -> 169 (172)
71 -> 136 (87)
72 -> 50 (78)
73 -> 37 (41)
73 -> 134 (131)
73 -> 136 (194)
73 -> 140 (70)
73 -> 171 (36)
74 -> 140 (124)
75 -> 140 (128)
77 -> 64 (142)
77 -> 140 (34)
80 -> 136 (84)
81 -> 42 (24)
81 -> 61 (51)
85 -> 45 (55)
85 -> 58 (170)
85 -> 65 (8)
85 -> 111 (157)
85 -> 125 (162)
85 -> 143 (32)
85 -> 163 (162)
85 -> 180 (123)
86 -> 23 (124)
86 -> 125 (22)
87 -> 163 (189)
88 -> 5 (106)
88 -> 24 (196)
88 -> 36 (85)
88 -> 50 (86)
88 -> 87 (32)
88 -> 194 (111)
90 -> 11 (146)
90 -> 40 (42)
91 -> 21 (133)
91 -> 34 (108)
91 -> 39 (29)
91 -> 41 (18)
91 -> 72 (78)
91 -> 125 (100)
91 -> 134 (42)
91 -> 140 (96)
91 -> 158 (76)
91 -> 194 (62)
93 -> 25 (80)
93 -> 136 (79)
93 -> 147 (49)
93 -> 194 (24)
94 -> 45 (128)
94 -> 136 (59)
95 -> 23 (169)
97 -> 50 (180)
98 -> 69 (184)
98 -> 97 (130)
98 -> 125 (135)
98 -> 170 (87)
98 -> 177 (99)
99 -> 64 (157)
102 -> 50 (85)
102 -> 125 (91)
102 -> 140 (174)
103 -> 45 (167)
105 -> 45 (159)
106 -> 64 (18)
106 -> 194 (59)
107 -> 50 (85)
107 -> 74 (124)
107 -> 137 (117)
107 -> 140 (132)
107 -> 194 (131)
108 -> 14 (154)
108 -> 15 (61)
108 -> 50 (69)
109 -> 125 (179)
110 -> 23 (158)
110 -> 45 (16)
111 -> 50 (157)
112 -> 64 (195)
114 -> 64 (88)
115 -> 19 (72)
115 -> 23 (112)
115 -> 125 (126)
115 -> 163 (48)
116 -> 23 (110)
119 -> 15 (33)
119 -> 163 (87)
119 -> 170 (94)
119 -> 194 (172)
120 -> 50 (129)
122 -> 64 (184)
122 -> 103 (167)
122 -> 194 (7)
124 -> 14 (21)
124 -> 23 (192)
124 -> 30 (12)
124 -> 64 (131)
124 -> 155 (107)
126 -> 163 (53)
129 -> 1 (45)
129 -> 64 (131)
131 -> 64 (176)
133 -> 50 (174)
133 -> 140 (19)
134 -> 45 (173)
135 -> 45 (88)
135 -> 64 (24)
137 -> 50 (117)
138 -> 125 (145)
139 -> 50 (114)
139 -> 97 (50)
139 -> 125 (185)
139 -> 140 (87)
139 -> 190 (81)
141 -> 45 (58)
143 -> 125 (32)
146 -> 23 (136)
146 -> 125 (2)
147 -> 64 (167)
148 -> 140 (166)
150 -> 50 (72)
150 -> 109 (103)
150 -> 175 (30)
150 -> 190 (33)
150 -> 194 (108)
151 -> 45 (123)
151 -> 94 (187)
151 -> 140 (56)
151 -> 163 (7)
151 -> 194 (61)
155 -> 136 (107)
156 -> 80 (84)
157 -> 45 (68)
157 -> 63 (115)
157 -> 156 (84)
158 -> 50 (76)
160 -> 45 (186)
160 -> 138 (145)
161 -> 50 (179)
161 -> 125 (14)
162 -> 163 (153)
164 -> 140 (134)
165 -> 23 (170)
166 -> 125 (123)
166 -> 194 (34)
169 -> 194 (172)
170 -> 163 (181)
171 -> 50 (171)
173 -> 64 (44)
173 -> 136 (83)
174 -> 45 (179)
174 -> 163 (131)
174 -> 175 (6)
175 -> 45 (68)
176 -> 136 (37)
177 -> 23 (99)
179 -> 50 (120)
180 -> 45 (62)
180 -> 140 (61)
182 -> 136 (163)
182 -> 194 (17)
183 -> 125 (150)
186 -> 5 (24)
187 -> 45 (25)
187 -> 50 (127)
187 -> 125 (77)
187 -> 136 (82)
188 -> 163 (1)
190 -> 125 (114)
191 -> 4 (69)
191 -> 64 (192)
191 -> 125 (100)
191 -> 140 (63)
191 -> 194 (173)
192 -> 125 (148)
193 -> 50 (143)
195 -> 23 (150)
195 -> 133 (193)
197 -> 125 (89)
197 -> 136 (33)
197 -> 163 (47)
198 -> 23 (147)
Fluxo: 21903
Arestas removidas: 3261

--Rotas do 4º turno-----------------------------
0 -> 16 (31)
0 -> 194 (139)
1 -> 125 (69)
3 -> 23 (51)
4 -> 64 (69)
5 -> 194 (130)
6 -> 0 (170)
8 -> 50 (84)
9 -> 51 (39)
9 -> 136 (114)
10 -> 3 (51)
10 -> 8 (84)
10 -> 33 (154)
10 -> 38 (93)
10 -> 54 (157)
10 -> 56 (170)
10 -> 120 (122)
10 -> 147 (103)
10 -> 161 (193)
10 -> 163 (58)
11 -> 125 (146)
12 -> 125 (89)
12 -> 163 (78)
14 -> 136 (175)
15 -> 136 (94)
16 -> 23 (31)
17 -> 125 (136)
17 -> 141 (58)
19 -> 140 (165)
20 -> 64 (173)
21 -> 136 (133)
22 -> 9 (153)
22 -> 20 (110)
22 -> 23 (148)
22 -> 33 (13)
22 -> 35 (93)
22 -> 45 (18)
22 -> 87 (108)
22 -> 114 (88)
22 -> 135 (112)
22 -> 171 (135)
22 -> 182 (180)
24 -> 45 (186)
24 -> 194 (10)
25 -> 45 (80)
29 -> 6 (170)
29 -> 47 (183)
29 -> 55 (93)
29 -> 77 (176)
29 -> 87 (49)
29 -> 99 (170)
29 -> 100 (20)
29 -> 112 (125)
29 -> 131 (164)
29 -> 140 (153)
29 -> 163 (146)
29 -> 166 (157)
29 -> 194 (194)
30 -> 50 (184)
31 -> 32 (53)
31 -> 45 (36)
31 -> 46 (144)
31 -> 95 (169)
31 -> 125 (1)
31 -> 129 (200)
31 -> 173 (101)
32 -> 20 (63)
32 -> 30 (172)
32 -> 37 (44)
32 -> 44 (90)
32 -> 45 (76)
32 -> 50 (161)
32 -> 52 (137)
32 -> 64 (79)
32 -> 109 (76)
32 -> 164 (134)
33 -> 136 (167)
34 -> 23 (184)
35 -> 23 (58)
35 -> 61 (35)
36 -> 194 (85)
37 -> 125 (167)
38 -> 125 (93)
39 -> 17 (194)
40 -> 125 (42)
41 -> 194 (98)
42 -> 23 (23)
42 -> 50 (1)
43 -> 12 (167)
43 -> 34 (76)
43 -> 44 (102)
43 -> 64 (98)
43 -> 125 (63)
43 -> 146 (138)
43 -> 163 (182)
44 -> 125 (192)
46 -> 23 (134)
46 -> 45 (10)
47 -> 59 (193)
48 -> 23 (62)
48 -> 55 (46)
48 -> 67 (153)
48 -> 75 (128)
48 -> 106 (77)
48 -> 120 (7)
48 -> 131 (12)
48 -> 140 (195)
49 -> 194 (181)
51 -> 136 (39)
52 -> 148 (137)
54 -> 136 (157)
55 -> 64 (139)
56 -> 136 (170)
58 -> 125 (116)
58 -> 163 (54)
59 -> 64 (174)
59 -> 140 (19)
60 -> 37 (82)
60 -> 45 (13)
60 -> 47 (10)
60 -> 49 (67)
60 -> 66 (95)
60 -> 110 (174)
60 -> 116 (110)
60 -> 136 (15)
60 -> 140 (171)
60 -> 163 (200)
61 -> 45 (68)
62 -> 10 (193)
62 -> 19 (93)
62 -> 49 (114)
62 -> 64 (58)
62 -> 71 (87)
62 -> 81 (24)
62 -> 90 (188)
62 -> 105 (159)
62 -> 112 (70)
62 -> 163 (162)
63 -> 163 (88)
63 -> 194 (27)
65 -> 64 (89)
66 -> 64 (95)
67 -> 45 (99)
67 -> 50 (54)
69 -> 23 (119)
69 -> 125 (65)
70 -> 23 (6)
70 -> 39 (165)
70 -> 64 (98)
70 -> 65 (81)
70 -> 169 (172)
71 -> 136 (87)
72 -> 50 (78)
73 -> 37 (41)
73 -> 134 (131)
73 -> 136 (194)
73 -> 140 (70)
73 -> 171 (36)
74 -> 140 (124)
75 -> 140 (128)
77 -> 64 (142)
77 -> 140 (34)
80 -> 136 (84)
81 -> 42 (24)
85 -> 45 (55)
85 -> 58 (170)
85 -> 65 (8)
85 -> 111 (157)
85 -> 125 (162)
85 -> 143 (32)
85 -> 163 (162)
85 -> 180 (123)
87 -> 163 (189)
88 -> 5 (106)
88 -> 24 (196)
88 -> 36 (85)
88 -> 50 (86)
88 -> 87 (32)
88 -> 194 (111)
90 -> 11 (146)
90 -> 40 (42)
91 -> 21 (133)
91 -> 34 (108)
91 -> 39 (29)
91 -> 41 (98)
91 -> 72 (78)
91 -> 125 (100)
91 -> 134 (42)
91 -> 140 (96)
91 -> 158 (76)
91 -> 194 (62)
93 -> 25 (80)
93 -> 136 (79)
93 -> 147 (64)
93 -> 194 (24)
94 -> 45 (128)
94 -> 136 (59)
95 -> 23 (169)
97 -> 50 (180)
98 -> 69 (184)
98 -> 97 (130)
98 -> 125 (135)
98 -> 170 (87)
98 -> 177 (99)
99 -> 61 (13)
99 -> 64 (157)
100 -> 61 (20)
102 -> 50 (85)
102 -> 125 (91)
102 -> 140 (174)
103 -> 45 (167)
105 -> 45 (159)
106 -> 64 (18)
106 -> 194 (59)
107 -> 50 (85)
107 -> 74 (124)
107 -> 137 (117)
107 -> 140 (132)
107 -> 176 (37)
107 -> 194 (131)
108 -> 14 (154)
108 -> 15 (61)
108 -> 50 (69)
108 -> 165 (92)
109 -> 125 (179)
110 -> 23 (158)
110 -> 45 (16)
111 -> 50 (157)
112 -> 64 (195)
114 -> 64 (88)
115 -> 19 (72)
115 -> 23 (112)
115 -> 125 (126)
115 -> 163 (48)
116 -> 23 (110)
119 -> 15 (33)
119 -> 163 (87)
119 -> 170 (94)
119 -> 194 (172)
120 -> 50 (129)
122 -> 64 (184)
122 -> 103 (167)
122 -> 194 (7)
124 -> 14 (21)
124 -> 23 (192)
124 -> 30 (12)
124 -> 64 (131)
124 -> 155 (107)
126 -> 163 (53)
129 -> 1 (69)
129 -> 64 (131)
131 -> 64 (176)
133 -> 50 (174)
133 -> 140 (19)
134 -> 45 (173)
135 -> 45 (88)
135 -> 64 (24)
137 -> 50 (117)
138 -> 125 (145)
139 -> 50 (114)
139 -> 97 (50)
139 -> 125 (185)
139 -> 140 (87)
139 -> 165 (78)
139 -> 190 (81)
141 -> 45 (58)
143 -> 125 (32)
146 -> 23 (136)
146 -> 125 (2)
147 -> 64 (167)
148 -> 140 (137)
150 -> 50 (72)
150 -> 109 (103)
150 -> 175 (30)
150 -> 190 (33)
150 -> 194 (108)
151 -> 45 (123)
151 -> 94 (187)
151 -> 140 (56)
151 -> 163 (7)
151 -> 194 (61)
155 -> 136 (107)
156 -> 80 (84)
157 -> 45 (68)
157 -> 63 (115)
157 -> 156 (84)
158 -> 50 (76)
160 -> 45 (186)
160 -> 138 (145)
161 -> 50 (179)
161 -> 125 (14)
162 -> 163 (153)
164 -> 140 (134)
165 -> 23 (170)
166 -> 125 (123)
166 -> 194 (34)
169 -> 194 (172)
170 -> 163 (181)
171 -> 50 (171)
173 -> 64 (44)
173 -> 136 (57)
174 -> 45 (179)
174 -> 163 (131)
174 -> 175 (38)
175 -> 45 (68)
176 -> 136 (37)
177 -> 23 (99)
180 -> 45 (62)
180 -> 140 (61)
182 -> 136 (163)
182 -> 194 (17)
186 -> 5 (24)
186 -> 162 (153)
187 -> 45 (25)
187 -> 50 (127)
187 -> 125 (77)
187 -> 136 (82)
188 -> 163 (1)
190 -> 125 (114)
191 -> 4 (69)
191 -> 64 (192)
191 -> 125 (100)
191 -> 140 (63)
191 -> 194 (173)
193 -> 50 (143)
195 -> 23 (150)
195 -> 133 (193)
197 -> 125 (89)
197 -> 136 (33)
197 -> 163 (47)
198 -> 23 (147)
Fluxo: 20586
Arestas removidas: 3360

--Rotas do 5º turno-----------------------------
0 -> 194 (78)
1 -> 125 (69)
3 -> 23 (51)
4 -> 64 (69)
5 -> 194 (130)
6 -> 0 (78)
9 -> 51 (39)
9 -> 136 (114)
10 -> 38 (93)
10 -> 56 (105)
11 -> 125 (146)
12 -> 125 (89)
12 -> 163 (78)
14 -> 136 (175)
15 -> 136 (94)
17 -> 125 (136)
17 -> 141 (58)
19 -> 140 (165)
20 -> 64 (110)
21 -> 136 (133)
22 -> 9 (153)
22 -> 20 (110)
22 -> 23 (148)
22 -> 33 (90)
22 -> 35 (58)
22 -> 45 (18)
22 -> 82 (3)
22 -> 87 (108)
22 -> 114 (88)
22 -> 135 (112)
22 -> 171 (135)
22 -> 182 (180)
24 -> 45 (186)
24 -> 194 (10)
25 -> 45 (80)
29 -> 6 (78)
29 -> 55 (93)
29 -> 77 (176)
29 -> 99 (157)
29 -> 112 (125)
29 -> 131 (164)
29 -> 140 (153)
29 -> 163 (146)
29 -> 166 (157)
29 -> 194 (194)
30 -> 50 (184)
31 -> 45 (36)
31 -> 46 (144)
31 -> 91 (190)
31 -> 95 (169)
31 -> 113 (35)
31 -> 125 (1)
31 -> 129 (200)
31 -> 154 (56)
31 -> 173 (101)
33 -> 136 (167)
34 -> 23 (141)
35 -> 23 (58)
36 -> 194 (85)
37 -> 125 (167)
38 -> 125 (93)
39 -> 17 (194)
40 -> 125 (42)
41 -> 194 (98)
42 -> 23 (23)
42 -> 50 (1)
43 -> 12 (167)
43 -> 29 (148)
43 -> 34 (76)
43 -> 44 (162)
43 -> 64 (98)
43 -> 121 (67)
43 -> 123 (12)
43 -> 125 (63)
43 -> 146 (138)
43 -> 163 (182)
44 -> 125 (192)
46 -> 23 (134)
46 -> 45 (10)
47 -> 59 (193)
48 -> 23 (62)
48 -> 55 (46)
48 -> 67 (153)
48 -> 75 (128)
48 -> 76 (8)
48 -> 106 (77)
48 -> 120 (129)
48 -> 131 (12)
48 -> 140 (195)
49 -> 194 (181)
51 -> 136 (39)
54 -> 136 (157)
55 -> 64 (139)
56 -> 136 (105)
58 -> 125 (116)
58 -> 163 (54)
59 -> 64 (174)
59 -> 140 (19)
60 -> 37 (82)
60 -> 45 (13)
60 -> 47 (76)
60 -> 49 (67)
60 -> 66 (95)
60 -> 110 (174)
60 -> 116 (110)
60 -> 136 (15)
60 -> 140 (171)
60 -> 163 (200)
61 -> 45 (68)
62 -> 10 (198)
62 -> 19 (93)
62 -> 49 (114)
62 -> 64 (58)
62 -> 71 (87)
62 -> 81 (24)
62 -> 90 (188)
62 -> 105 (159)
62 -> 112 (70)
62 -> 163 (162)
63 -> 163 (88)
63 -> 194 (27)
65 -> 64 (89)
66 -> 64 (95)
67 -> 45 (99)
67 -> 50 (54)
69 -> 23 (119)
69 -> 125 (65)
70 -> 23 (6)
70 -> 39 (165)
70 -> 64 (98)
70 -> 65 (81)
70 -> 169 (172)
71 -> 136 (87)
72 -> 50 (78)
73 -> 37 (85)
73 -> 134 (131)
73 -> 136 (194)
73 -> 140 (70)
73 -> 171 (36)
74 -> 140 (124)
75 -> 140 (128)
76 -> 158 (8)
77 -> 64 (142)
77 -> 140 (34)
80 -> 136 (84)
81 -> 42 (24)
82 -> 30 (3)
85 -> 45 (55)
85 -> 58 (170)
85 -> 65 (8)
85 -> 111 (157)
85 -> 125 (162)
85 -> 143 (32)
85 -> 163 (162)
85 -> 180 (123)
87 -> 163 (189)
88 -> 5 (106)
88 -> 24 (196)
88 -> 36 (85)
88 -> 50 (86)
88 -> 87 (69)
88 -> 194 (111)
90 -> 11 (146)
90 -> 40 (42)
91 -> 21 (133)
91 -> 34 (65)
91 -> 125 (100)
93 -> 25 (80)
93 -> 44 (30)
93 -> 136 (79)
93 -> 147 (129)
93 -> 181 (1)
93 -> 194 (24)
94 -> 45 (128)
94 -> 136 (59)
95 -> 23 (169)
97 -> 50 (180)
98 -> 3 (51)
98 -> 69 (184)
98 -> 97 (130)
98 -> 125 (135)
98 -> 170 (87)
98 -> 177 (99)
99 -> 64 (157)
102 -> 33 (75)
102 -> 41 (60)
102 -> 50 (85)
102 -> 125 (91)
102 -> 140 (174)
103 -> 45 (167)
105 -> 45 (159)
106 -> 64 (18)
106 -> 194 (59)
107 -> 50 (85)
107 -> 74 (124)
107 -> 134 (42)
107 -> 137 (117)
107 -> 140 (132)
107 -> 176 (37)
107 -> 194 (131)
108 -> 14 (154)
108 -> 15 (61)
108 -> 47 (117)
108 -> 50 (69)
108 -> 165 (92)
109 -> 125 (152)
110 -> 23 (158)
110 -> 45 (16)
111 -> 50 (157)
112 -> 64 (195)
113 -> 72 (35)
114 -> 64 (88)
115 -> 19 (72)
115 -> 23 (112)
115 -> 39 (29)
115 -> 125 (126)
115 -> 163 (48)
116 -> 23 (110)
119 -> 15 (33)
119 -> 41 (38)
119 -> 163 (87)
119 -> 170 (94)
119 -> 194 (172)
120 -> 50 (129)
121 -> 61 (67)
122 -> 33 (2)
122 -> 64 (184)
122 -> 87 (12)
122 -> 103 (167)
122 -> 194 (7)
123 -> 158 (12)
124 -> 14 (21)
124 -> 23 (192)
124 -> 30 (181)
124 -> 64 (131)
124 -> 155 (107)
126 -> 163 (53)
129 -> 1 (69)
129 -> 64 (131)
131 -> 64 (176)
133 -> 50 (174)
133 -> 140 (19)
134 -> 45 (173)
135 -> 45 (88)
135 -> 64 (24)
137 -> 50 (117)
138 -> 125 (145)
139 -> 50 (114)
139 -> 97 (50)
139 -> 125 (185)
139 -> 140 (87)
139 -> 165 (78)
139 -> 190 (81)
141 -> 45 (58)
143 -> 125 (32)
146 -> 23 (136)
146 -> 125 (2)
147 -> 64 (129)
150 -> 50 (72)
150 -> 109 (152)
150 -> 164 (98)
150 -> 175 (30)
150 -> 190 (33)
150 -> 194 (108)
151 -> 45 (123)
151 -> 94 (187)
151 -> 140 (56)
151 -> 163 (7)
151 -> 194 (61)
154 -> 158 (56)
155 -> 136 (107)
156 -> 80 (84)
157 -> 45 (68)
157 -> 63 (115)
157 -> 156 (84)
158 -> 50 (76)
160 -> 45 (186)
160 -> 138 (145)
162 -> 163 (153)
164 -> 140 (134)
165 -> 23 (170)
166 -> 125 (123)
166 -> 194 (34)
169 -> 194 (172)
170 -> 163 (181)
171 -> 50 (171)
173 -> 64 (44)
173 -> 136 (57)
174 -> 45 (179)
174 -> 163 (131)
174 -> 164 (36)
174 -> 175 (38)
175 -> 45 (68)
176 -> 136 (37)
177 -> 23 (99)
180 -> 45 (62)
180 -> 140 (61)
181 -> 61 (1)
182 -> 136 (163)
182 -> 194 (17)
186 -> 5 (24)
186 -> 162 (153)
187 -> 45 (25)
187 -> 50 (127)
187 -> 54 (157)
187 -> 125 (77)
187 -> 136 (82)
187 -> 191 (138)
188 -> 163 (1)
190 -> 125 (114)
191 -> 64 (192)
191 -> 125 (100)
191 -> 140 (63)
191 -> 194 (135)
193 -> 50 (143)
193 -> 72 (43)
195 -> 23 (150)
195 -> 133 (193)
197 -> 125 (89)
197 -> 136 (33)
197 -> 163 (47)
198 -> 4 (69)
198 -> 23 (147)
Fluxo: 19274
Arestas removidas: 3506

--Rotas do 6º turno-----------------------------
1 -> 125 (69)
3 -> 23 (51)
4 -> 64 (69)
5 -> 194 (130)
9 -> 51 (39)
9 -> 136 (114)
10 -> 38 (93)
10 -> 56 (105)
11 -> 125 (146)
12 -> 125 (89)
12 -> 163 (78)
14 -> 136 (175)
15 -> 136 (94)
17 -> 125 (136)
17 -> 141 (58)
19 -> 140 (165)
20 -> 64 (110)
21 -> 136 (90)
22 -> 9 (153)
22 -> 20 (110)
22 -> 23 (148)
22 -> 33 (90)
22 -> 35 (58)
22 -> 43 (137)
22 -> 82 (3)
22 -> 87 (108)
22 -> 114 (88)
22 -> 135 (112)
22 -> 171 (135)
22 -> 182 (180)
24 -> 45 (186)
24 -> 194 (10)
25 -> 45 (80)
28 -> 23 (102)
29 -> 140 (117)
30 -> 50 (184)
31 -> 46 (134)
31 -> 91 (190)
31 -> 95 (169)
31 -> 113 (35)
31 -> 125 (1)
31 -> 129 (200)
31 -> 154 (56)
31 -> 173 (101)
33 -> 136 (167)
35 -> 23 (58)
36 -> 194 (85)
37 -> 125 (167)
38 -> 125 (93)
39 -> 17 (194)
40 -> 125 (42)
41 -> 194 (98)
42 -> 23 (23)
42 -> 50 (1)
43 -> 12 (167)
43 -> 29 (100)
43 -> 163 (182)
44 -> 125 (192)
45 -> 28 (102)
46 -> 23 (134)
47 -> 59 (193)
48 -> 23 (62)
48 -> 55 (99)
48 -> 60 (140)
48 -> 67 (153)
48 -> 75 (128)
48 -> 76 (20)
48 -> 106 (77)
48 -> 120 (129)
48 -> 131 (139)
48 -> 140 (195)
49 -> 194 (181)
51 -> 136 (39)
54 -> 136 (157)
55 -> 64 (99)
56 -> 136 (105)
58 -> 125 (116)
58 -> 163 (54)
59 -> 64 (174)
59 -> 140 (19)
60 -> 37 (82)
60 -> 66 (95)
60 -> 110 (158)
60 -> 116 (29)
60 -> 140 (171)
60 -> 163 (200)
61 -> 45 (64)
62 -> 10 (198)
62 -> 19 (93)
62 -> 49 (169)
62 -> 64 (58)
62 -> 71 (87)
62 -> 81 (24)
62 -> 90 (188)
62 -> 105 (159)
62 -> 112 (195)
62 -> 163 (162)
63 -> 163 (88)
63 -> 194 (27)
65 -> 64 (89)
66 -> 64 (95)
67 -> 45 (99)
67 -> 50 (54)
69 -> 23 (119)
69 -> 125 (65)
70 -> 23 (6)
70 -> 39 (165)
70 -> 64 (98)
70 -> 65 (81)
70 -> 169 (172)
71 -> 136 (87)
72 -> 50 (78)
73 -> 37 (85)
73 -> 49 (12)
73 -> 134 (131)
73 -> 136 (194)
73 -> 140 (70)
73 -> 171 (36)
74 -> 140 (124)
75 -> 140 (128)
76 -> 158 (20)
80 -> 136 (84)
81 -> 42 (24)
82 -> 30 (3)
85 -> 58 (170)
85 -> 65 (8)
85 -> 111 (157)
85 -> 121 (64)
85 -> 125 (162)
85 -> 143 (32)
85 -> 163 (162)
85 -> 180 (123)
87 -> 163 (189)
88 -> 5 (106)
88 -> 24 (196)
88 -> 36 (85)
88 -> 50 (86)
88 -> 87 (69)
88 -> 194 (111)
90 -> 11 (146)
90 -> 40 (42)
91 -> 21 (90)
91 -> 125 (100)
93 -> 25 (80)
93 -> 44 (183)
93 -> 136 (79)
93 -> 147 (129)
93 -> 194 (24)
94 -> 45 (128)
94 -> 136 (59)
95 -> 23 (169)
97 -> 50 (180)
98 -> 3 (51)
98 -> 44 (9)
98 -> 69 (184)
98 -> 97 (130)
98 -> 125 (135)
98 -> 170 (87)
98 -> 177 (99)
99 -> 29 (17)
99 -> 64 (157)
102 -> 33 (75)
102 -> 41 (60)
102 -> 50 (85)
102 -> 125 (91)
102 -> 140 (174)
103 -> 125 (142)
105 -> 45 (159)
106 -> 64 (18)
106 -> 194 (59)
107 -> 50 (85)
107 -> 74 (124)
107 -> 134 (42)
107 -> 137 (117)
107 -> 140 (132)
107 -> 176 (37)
107 -> 194 (131)
108 -> 14 (154)
108 -> 15 (61)
108 -> 47 (193)
108 -> 50 (69)
108 -> 165 (92)
109 -> 125 (152)
110 -> 23 (158)
111 -> 50 (157)
112 -> 64 (195)
113 -> 72 (35)
114 -> 64 (88)
115 -> 19 (72)
115 -> 23 (112)
115 -> 39 (29)
115 -> 99 (174)
115 -> 125 (126)
115 -> 163 (48)
116 -> 23 (29)
119 -> 15 (33)
119 -> 41 (38)
119 -> 163 (87)
119 -> 170 (94)
119 -> 194 (172)
120 -> 50 (129)
121 -> 61 (64)
122 -> 33 (2)
122 -> 64 (184)
122 -> 87 (12)
122 -> 103 (142)
122 -> 194 (7)
124 -> 14 (21)
124 -> 23 (192)
124 -> 30 (181)
124 -> 64 (131)
124 -> 155 (107)
126 -> 163 (53)
129 -> 1 (69)
129 -> 64 (131)
131 -> 64 (139)
133 -> 50 (174)
133 -> 140 (19)
134 -> 45 (173)
135 -> 45 (88)
135 -> 64 (24)
137 -> 50 (117)
138 -> 125 (104)
139 -> 50 (114)
139 -> 97 (50)
139 -> 125 (185)
139 -> 140 (87)
139 -> 165 (78)
139 -> 190 (81)
141 -> 194 (58)
143 -> 125 (32)
147 -> 64 (129)
150 -> 50 (72)
150 -> 109 (152)
150 -> 164 (98)
150 -> 175 (30)
150 -> 190 (33)
150 -> 194 (108)
151 -> 45 (123)
151 -> 94 (187)
151 -> 140 (56)
151 -> 163 (7)
151 -> 194 (61)
154 -> 158 (56)
155 -> 136 (107)
156 -> 80 (84)
157 -> 45 (68)
157 -> 63 (115)
157 -> 156 (84)
158 -> 50 (76)
160 -> 45 (143)
160 -> 138 (104)
162 -> 163 (153)
164 -> 140 (134)
165 -> 23 (170)
169 -> 194 (172)
170 -> 163 (181)
171 -> 50 (171)
173 -> 64 (44)
173 -> 136 (57)
174 -> 45 (179)
174 -> 160 (132)
174 -> 163 (131)
174 -> 164 (36)
174 -> 175 (38)
175 -> 45 (68)
176 -> 136 (37)
177 -> 23 (99)
180 -> 45 (62)
180 -> 140 (61)
182 -> 136 (163)
182 -> 194 (17)
186 -> 5 (24)
186 -> 162 (153)
187 -> 50 (127)
187 -> 54 (157)
187 -> 125 (77)
187 -> 136 (82)
187 -> 191 (138)
188 -> 163 (1)
190 -> 125 (114)
191 -> 64 (138)
193 -> 50 (143)
193 -> 72 (43)
195 -> 23 (150)
195 -> 133 (193)
197 -> 125 (89)
197 -> 136 (33)
197 -> 163 (47)
198 -> 4 (69)
198 -> 23 (147)
Fluxo: 17193
Arestas removidas: 3600

--Rotas do 7º turno-----------------------------
1 -> 125 (69)
3 -> 23 (51)
4 -> 64 (69)
5 -> 194 (130)
9 -> 51 (39)
9 -> 136 (114)
10 -> 38 (93)
10 -> 56 (105)
11 -> 125 (146)
14 -> 136 (175)
15 -> 136 (94)
17 -> 125 (136)
17 -> 141 (58)
19 -> 140 (165)
20 -> 64 (110)
21 -> 136 (90)
22 -> 9 (153)
22 -> 20 (110)
22 -> 23 (148)
22 -> 33 (90)
22 -> 35 (58)
22 -> 43 (137)
22 -> 82 (3)
22 -> 87 (108)
22 -> 114 (88)
22 -> 135 (69)
22 -> 171 (135)
22 -> 182 (180)
24 -> 192 (125)
24 -> 194 (50)
28 -> 23 (102)
29 -> 140 (17)
30 -> 50 (184)
31 -> 46 (134)
31 -> 91 (190)
31 -> 95 (169)
31 -> 113 (35)
31 -> 125 (1)
31 -> 129 (200)
31 -> 154 (56)
31 -> 173 (101)
33 -> 136 (167)
35 -> 23 (58)
36 -> 194 (85)
37 -> 125 (167)
38 -> 125 (93)
39 -> 17 (194)
40 -> 125 (42)
41 -> 194 (98)
43 -> 163 (137)
44 -> 125 (192)
45 -> 28 (102)
45 -> 67 (21)
46 -> 23 (134)
47 -> 59 (193)
48 -> 23 (62)
48 -> 55 (99)
48 -> 60 (140)
48 -> 67 (153)
48 -> 75 (128)
48 -> 76 (20)
48 -> 85 (110)
48 -> 106 (77)
48 -> 120 (129)
48 -> 131 (139)
48 -> 140 (195)
49 -> 194 (181)
51 -> 136 (39)
54 -> 136 (157)
55 -> 64 (99)
56 -> 136 (105)
58 -> 125 (116)
58 -> 163 (51)
59 -> 64 (174)
59 -> 140 (19)
60 -> 140 (160)
62 -> 10 (198)
62 -> 19 (93)
62 -> 49 (169)
62 -> 64 (58)
62 -> 71 (87)
62 -> 90 (188)
62 -> 112 (195)
62 -> 163 (162)
63 -> 163 (88)
63 -> 194 (27)
65 -> 64 (89)
66 -> 60 (20)
66 -> 64 (95)
67 -> 50 (174)
69 -> 23 (75)
70 -> 23 (6)
70 -> 39 (165)
70 -> 64 (98)
70 -> 65 (81)
70 -> 119 (150)
70 -> 169 (172)
71 -> 136 (87)
72 -> 50 (78)
73 -> 37 (167)
73 -> 49 (12)
73 -> 117 (99)
73 -> 136 (194)
73 -> 140 (70)
73 -> 171 (36)
74 -> 140 (124)
75 -> 140 (128)
76 -> 158 (20)
80 -> 136 (84)
82 -> 30 (3)
85 -> 58 (167)
85 -> 125 (162)
85 -> 163 (162)
87 -> 163 (189)
88 -> 5 (106)
88 -> 24 (175)
88 -> 36 (85)
88 -> 50 (86)
88 -> 87 (69)
88 -> 98 (157)
88 -> 194 (111)
90 -> 11 (146)
90 -> 40 (42)
91 -> 21 (90)
91 -> 125 (100)
93 -> 44 (183)
93 -> 65 (8)
93 -> 66 (115)
93 -> 136 (79)
93 -> 147 (129)
93 -> 194 (24)
94 -> 136 (147)
95 -> 23 (169)
97 -> 50 (111)
98 -> 69 (75)
98 -> 125 (135)
99 -> 29 (17)
99 -> 64 (157)
102 -> 33 (75)
102 -> 41 (60)
102 -> 50 (85)
102 -> 125 (91)
102 -> 140 (174)
103 -> 125 (142)
106 -> 64 (18)
106 -> 194 (59)
107 -> 50 (85)
107 -> 74 (124)
107 -> 137 (117)
107 -> 140 (132)
107 -> 176 (37)
107 -> 194 (131)
108 -> 14 (154)
108 -> 15 (61)
108 -> 47 (193)
108 -> 50 (69)
108 -> 165 (92)
109 -> 125 (152)
112 -> 64 (195)
113 -> 72 (35)
114 -> 64 (88)
115 -> 19 (72)
115 -> 23 (112)
115 -> 39 (29)
115 -> 99 (174)
115 -> 125 (126)
115 -> 163 (48)
117 -> 177 (99)
119 -> 163 (87)
119 -> 194 (75)
120 -> 50 (129)
122 -> 3 (51)
122 -> 33 (2)
122 -> 64 (184)
122 -> 87 (12)
122 -> 103 (142)
122 -> 194 (7)
124 -> 14 (21)
124 -> 23 (192)
124 -> 30 (181)
124 -> 44 (9)
124 -> 64 (131)
124 -> 143 (32)
124 -> 155 (107)
126 -> 163 (53)
129 -> 1 (69)
129 -> 64 (131)
131 -> 64 (139)
133 -> 50 (174)
133 -> 140 (19)
135 -> 64 (69)
137 -> 50 (117)
138 -> 125 (132)
139 -> 50 (114)
139 -> 97 (111)
139 -> 125 (185)
139 -> 140 (87)
139 -> 165 (78)
139 -> 190 (81)
141 -> 194 (58)
143 -> 125 (32)
147 -> 64 (129)
150 -> 15 (33)
150 -> 50 (72)
150 -> 109 (152)
150 -> 164 (98)
150 -> 190 (33)
150 -> 194 (108)
151 -> 45 (123)
151 -> 94 (147)
151 -> 140 (56)
151 -> 163 (7)
151 -> 194 (61)
154 -> 158 (56)
155 -> 136 (107)
156 -> 80 (84)
157 -> 41 (38)
157 -> 63 (115)
157 -> 156 (84)
158 -> 50 (76)
160 -> 138 (132)
162 -> 163 (153)
164 -> 140 (134)
165 -> 23 (170)
169 -> 194 (172)
171 -> 50 (171)
173 -> 64 (44)
173 -> 136 (57)
174 -> 160 (132)
174 -> 163 (131)
174 -> 164 (36)
176 -> 136 (37)
177 -> 23 (99)
182 -> 136 (163)
182 -> 194 (17)
186 -> 5 (24)
186 -> 162 (153)
187 -> 50 (127)
187 -> 54 (157)
187 -> 125 (77)
187 -> 136 (82)
187 -> 191 (138)
188 -> 163 (1)
190 -> 125 (114)
191 -> 64 (138)
192 -> 125 (125)
193 -> 50 (143)
193 -> 72 (43)
195 -> 23 (150)
195 -> 133 (193)
197 -> 125 (89)
197 -> 136 (33)
197 -> 163 (47)
198 -> 4 (69)
198 -> 23 (147)
Fluxo: 14710
Arestas removidas: 3701

--Rotas do 8º turno-----------------------------
1 -> 125 (69)
3 -> 23 (51)
4 -> 64 (69)
5 -> 194 (130)
9 -> 51 (39)
9 -> 136 (114)
10 -> 38 (38)
14 -> 136 (175)
15 -> 136 (94)
17 -> 125 (136)
17 -> 141 (58)
19 -> 140 (120)
20 -> 64 (110)
21 -> 136 (90)
22 -> 9 (153)
22 -> 20 (110)
22 -> 23 (148)
22 -> 33 (90)
22 -> 43 (137)
22 -> 182 (180)
24 -> 192 (125)
24 -> 194 (50)
28 -> 23 (102)
29 -> 140 (17)
30 -> 50 (184)
31 -> 46 (134)
31 -> 91 (190)
31 -> 95 (169)
31 -> 113 (35)
31 -> 125 (1)
31 -> 129 (200)
31 -> 154 (56)
31 -> 173 (101)
33 -> 136 (167)
35 -> 23 (58)
36 -> 158 (19)
36 -> 194 (85)
37 -> 125 (167)
38 -> 125 (38)
39 -> 17 (194)
41 -> 194 (98)
43 -> 163 (137)
44 -> 125 (192)
45 -> 28 (102)
45 -> 67 (21)
46 -> 23 (134)
47 -> 59 (193)
48 -> 23 (62)
48 -> 55 (99)
48 -> 60 (140)
48 -> 67 (153)
48 -> 75 (128)
48 -> 76 (102)
48 -> 85 (110)
48 -> 106 (86)
48 -> 120 (129)
48 -> 131 (139)
48 -> 140 (195)
49 -> 194 (181)
51 -> 136 (39)
54 -> 136 (157)
55 -> 64 (99)
59 -> 64 (174)
59 -> 140 (19)
60 -> 140 (160)
62 -> 10 (38)
62 -> 163 (162)
63 -> 163 (88)
63 -> 194 (27)
65 -> 64 (89)
66 -> 60 (20)
66 -> 64 (95)
67 -> 50 (174)
69 -> 23 (22)
70 -> 64 (98)
70 -> 119 (150)
70 -> 169 (81)
71 -> 136 (87)
72 -> 50 (78)
73 -> 37 (167)
73 -> 49 (38)
73 -> 62 (164)
73 -> 117 (99)
73 -> 136 (194)
73 -> 140 (70)
73 -> 171 (69)
74 -> 140 (124)
75 -> 140 (128)
76 -> 71 (82)
76 -> 112 (20)
80 -> 136 (84)
82 -> 30 (3)
85 -> 125 (110)
87 -> 163 (189)
88 -> 5 (106)
88 -> 24 (175)
88 -> 36 (104)
88 -> 50 (86)
88 -> 87 (69)
88 -> 98 (157)
88 -> 194 (111)
91 -> 21 (90)
91 -> 125 (100)
93 -> 44 (183)
93 -> 65 (24)
93 -> 66 (115)
93 -> 136 (79)
93 -> 147 (129)
93 -> 171 (102)
93 -> 194 (24)
94 -> 136 (147)
95 -> 23 (169)
97 -> 50 (111)
98 -> 69 (22)
98 -> 125 (135)
99 -> 29 (17)
99 -> 64 (157)
102 -> 33 (75)
102 -> 35 (58)
102 -> 41 (60)
102 -> 50 (85)
102 -> 125 (91)
102 -> 140 (174)
103 -> 125 (142)
106 -> 64 (18)
106 -> 71 (5)
106 -> 112 (3)
106 -> 158 (1)
106 -> 194 (59)
107 -> 50 (85)
107 -> 74 (124)
107 -> 137 (117)
107 -> 140 (132)
107 -> 176 (37)
107 -> 194 (131)
108 -> 14 (154)
108 -> 15 (61)
108 -> 47 (193)
108 -> 50 (69)
108 -> 165 (92)
109 -> 125 (152)
112 -> 64 (195)
113 -> 72 (35)
115 -> 19 (120)
115 -> 23 (112)
115 -> 39 (194)
115 -> 99 (174)
115 -> 125 (126)
115 -> 163 (48)
117 -> 177 (99)
119 -> 163 (87)
119 -> 194 (63)
120 -> 50 (129)
122 -> 3 (51)
122 -> 22 (73)
122 -> 33 (2)
122 -> 49 (91)
122 -> 64 (184)
122 -> 82 (3)
122 -> 87 (120)
122 -> 103 (142)
122 -> 194 (7)
124 -> 14 (21)
124 -> 23 (192)
124 -> 30 (181)
124 -> 44 (9)
124 -> 49 (52)
124 -> 64 (131)
124 -> 65 (57)
124 -> 143 (32)
124 -> 155 (107)
126 -> 163 (53)
129 -> 1 (69)
129 -> 64 (131)
131 -> 64 (139)
133 -> 50 (174)
133 -> 140 (19)
137 -> 50 (117)
138 -> 125 (132)
139 -> 50 (114)
139 -> 70 (145)
139 -> 97 (111)
139 -> 125 (185)
139 -> 140 (87)
139 -> 165 (78)
139 -> 190 (81)
141 -> 194 (58)
143 -> 125 (32)
147 -> 64 (129)
150 -> 15 (33)
150 -> 50 (72)
150 -> 109 (152)
150 -> 164 (98)
150 -> 190 (33)
150 -> 194 (108)
151 -> 45 (123)
151 -> 94 (147)
151 -> 140 (56)
151 -> 163 (7)
151 -> 194 (61)
154 -> 158 (56)
155 -> 136 (107)
156 -> 80 (84)
157 -> 41 (38)
157 -> 63 (115)
157 -> 156 (84)
158 -> 50 (76)
160 -> 138 (132)
162 -> 163 (153)
164 -> 140 (134)
165 -> 23 (170)
169 -> 194 (81)
171 -> 50 (171)
173 -> 64 (44)
173 -> 136 (57)
174 -> 65 (8)
174 -> 160 (132)
174 -> 163 (131)
174 -> 164 (36)
176 -> 136 (37)
177 -> 23 (99)
182 -> 136 (163)
182 -> 194 (17)
186 -> 5 (24)
186 -> 162 (153)
187 -> 50 (127)
187 -> 54 (157)
187 -> 125 (77)
187 -> 136 (82)
187 -> 191 (138)
188 -> 163 (1)
190 -> 125 (114)
191 -> 64 (138)
192 -> 125 (125)
193 -> 50 (143)
193 -> 72 (43)
195 -> 23 (150)
195 -> 112 (37)
195 -> 133 (193)
197 -> 125 (89)
197 -> 136 (33)
197 -> 163 (47)
198 -> 4 (69)
198 -> 23 (147)
198 -> 112 (14)
199 -> 112 (121)
Fluxo: 13559
Arestas removidas: 3736

--Rotas do 9º turno-----------------------------
1 -> 125 (39)
3 -> 23 (51)
4 -> 64 (69)
5 -> 194 (130)
9 -> 136 (36)
10 -> 38 (2)
14 -> 136 (175)
15 -> 136 (94)
17 -> 125 (136)
17 -> 141 (58)
19 -> 140 (120)
21 -> 136 (90)
22 -> 9 (36)
22 -> 23 (148)
24 -> 192 (125)
24 -> 194 (50)
28 -> 23 (102)
29 -> 140 (17)
30 -> 50 (184)
31 -> 46 (134)
31 -> 91 (190)
31 -> 93 (83)
31 -> 95 (169)
31 -> 129 (170)
31 -> 173 (101)
33 -> 136 (167)
35 -> 23 (58)
36 -> 158 (75)
36 -> 194 (85)
37 -> 125 (167)
38 -> 125 (2)
39 -> 17 (194)
41 -> 194 (98)
44 -> 125 (192)
45 -> 28 (102)
45 -> 67 (21)
46 -> 23 (134)
47 -> 59 (193)
48 -> 23 (62)
48 -> 31 (54)
48 -> 55 (99)
48 -> 60 (140)
48 -> 67 (153)
48 -> 75 (128)
48 -> 76 (102)
48 -> 85 (110)
48 -> 106 (86)
48 -> 120 (129)
48 -> 131 (139)
48 -> 139 (80)
48 -> 140 (195)
48 -> 189 (35)
49 -> 194 (181)
54 -> 136 (157)
55 -> 64 (99)
59 -> 64 (174)
59 -> 140 (19)
60 -> 140 (140)
62 -> 10 (2)
62 -> 163 (162)
63 -> 163 (88)
63 -> 194 (27)
65 -> 64 (89)
66 -> 64 (95)
67 -> 50 (174)
69 -> 23 (22)
70 -> 64 (98)
70 -> 119 (46)
71 -> 136 (87)
72 -> 50 (78)
73 -> 37 (167)
73 -> 49 (38)
73 -> 62 (164)
73 -> 117 (99)
73 -> 134 (78)
73 -> 136 (194)
73 -> 140 (70)
73 -> 171 (69)
74 -> 140 (124)
75 -> 140 (128)
76 -> 71 (82)
76 -> 112 (20)
80 -> 136 (84)
82 -> 30 (3)
85 -> 125 (110)
87 -> 163 (189)
88 -> 5 (106)
88 -> 24 (175)
88 -> 36 (160)
88 -> 50 (86)
88 -> 87 (69)
88 -> 98 (157)
88 -> 194 (111)
91 -> 21 (90)
91 -> 125 (100)
93 -> 44 (183)
93 -> 66 (95)
93 -> 136 (79)
93 -> 147 (129)
94 -> 136 (147)
95 -> 23 (169)
97 -> 50 (111)
98 -> 69 (22)
98 -> 125 (135)
99 -> 29 (17)
99 -> 64 (157)
102 -> 35 (58)
102 -> 41 (60)
102 -> 50 (85)
102 -> 125 (91)
102 -> 140 (174)
103 -> 125 (142)
106 -> 64 (18)
106 -> 71 (5)
106 -> 112 (3)
106 -> 158 (1)
106 -> 194 (59)
107 -> 50 (85)
107 -> 74 (124)
107 -> 137 (117)
107 -> 140 (132)
107 -> 176 (37)
107 -> 194 (131)
108 -> 14 (154)
108 -> 15 (61)
108 -> 47 (193)
108 -> 50 (69)
108 -> 165 (92)
109 -> 125 (152)
112 -> 64 (195)
115 -> 19 (120)
115 -> 23 (112)
115 -> 39 (194)
115 -> 99 (174)
115 -> 125 (126)
115 -> 163 (48)
117 -> 177 (99)
119 -> 163 (46)
120 -> 50 (129)
122 -> 3 (51)
122 -> 22 (184)
122 -> 33 (167)
122 -> 49 (91)
122 -> 64 (184)
122 -> 82 (3)
122 -> 87 (120)
122 -> 103 (142)
122 -> 194 (7)
124 -> 14 (21)
124 -> 23 (192)
124 -> 30 (181)
124 -> 44 (9)
124 -> 49 (52)
124 -> 64 (131)
124 -> 65 (57)
124 -> 143 (32)
124 -> 155 (107)
126 -> 163 (53)
129 -> 1 (39)
129 -> 64 (131)
131 -> 64 (139)
133 -> 50 (174)
133 -> 140 (19)
134 -> 165 (78)
137 -> 50 (117)
138 -> 125 (132)
139 -> 50 (114)
139 -> 70 (144)
139 -> 97 (111)
139 -> 125 (185)
139 -> 140 (87)
141 -> 194 (58)
143 -> 125 (32)
147 -> 64 (129)
150 -> 15 (33)
150 -> 50 (72)
150 -> 109 (152)
150 -> 164 (98)
150 -> 190 (114)
150 -> 194 (108)
151 -> 45 (123)
151 -> 94 (147)
151 -> 140 (56)
151 -> 163 (7)
151 -> 194 (61)
155 -> 136 (107)
156 -> 80 (84)
157 -> 41 (38)
157 -> 63 (115)
157 -> 156 (84)
158 -> 50 (76)
160 -> 138 (132)
162 -> 163 (153)
164 -> 140 (134)
165 -> 23 (170)
171 -> 50 (171)
173 -> 64 (44)
173 -> 136 (57)
174 -> 65 (32)
174 -> 160 (132)
174 -> 163 (131)
174 -> 164 (36)
176 -> 136 (37)
177 -> 23 (99)
186 -> 5 (24)
186 -> 162 (153)
187 -> 50 (127)
187 -> 54 (157)
187 -> 125 (77)
187 -> 136 (82)
187 -> 171 (54)
187 -> 191 (138)
188 -> 163 (1)
189 -> 72 (35)
190 -> 125 (114)
191 -> 64 (138)
192 -> 125 (125)
193 -> 50 (143)
193 -> 72 (43)
193 -> 171 (7)
195 -> 23 (150)
195 -> 112 (37)
195 -> 133 (193)
197 -> 125 (89)
197 -> 136 (33)
197 -> 163 (47)
198 -> 4 (69)
198 -> 23 (147)
198 -> 112 (14)
198 -> 171 (41)
199 -> 112 (121)
Fluxo: 12719
Arestas removidas: 3773

--Rotas do 10º turno-----------------------------
3 -> 23 (51)
4 -> 64 (69)
5 -> 194 (130)
9 -> 136 (36)
10 -> 38 (2)
14 -> 136 (175)
15 -> 136 (94)
17 -> 125 (136)
17 -> 141 (58)
19 -> 140 (120)
22 -> 9 (36)
22 -> 23 (148)
24 -> 192 (125)
24 -> 194 (50)
28 -> 23 (102)
29 -> 140 (17)
30 -> 50 (184)
31 -> 46 (134)
31 -> 91 (65)
33 -> 136 (167)
35 -> 95 (183)
36 -> 112 (10)
36 -> 158 (76)
36 -> 194 (85)
37 -> 125 (167)
38 -> 125 (2)
39 -> 17 (194)
41 -> 194 (98)
44 -> 93 (3)
44 -> 125 (192)
45 -> 28 (102)
45 -> 67 (21)
46 -> 23 (134)
47 -> 59 (193)
48 -> 60 (140)
48 -> 67 (113)
48 -> 140 (195)
49 -> 194 (181)
54 -> 136 (157)
59 -> 64 (174)
59 -> 140 (19)
60 -> 140 (140)
62 -> 10 (2)
62 -> 163 (162)
63 -> 163 (88)
63 -> 194 (27)
65 -> 64 (89)
67 -> 50 (134)
69 -> 23 (22)
71 -> 136 (87)
72 -> 50 (78)
73 -> 37 (167)
73 -> 49 (38)
73 -> 62 (164)
73 -> 113 (46)
73 -> 117 (99)
73 -> 134 (78)
73 -> 136 (194)
73 -> 140 (70)
73 -> 171 (69)
73 -> 196 (13)
74 -> 140 (124)
80 -> 136 (84)
81 -> 71 (67)
82 -> 30 (3)
87 -> 163 (189)
88 -> 5 (106)
88 -> 24 (175)
88 -> 36 (171)
88 -> 50 (86)
88 -> 87 (69)
88 -> 98 (157)
88 -> 194 (111)
91 -> 125 (65)
93 -> 136 (3)
94 -> 136 (147)
95 -> 31 (199)
98 -> 69 (22)
98 -> 125 (135)
99 -> 29 (17)
99 -> 64 (157)
102 -> 35 (151)
102 -> 41 (60)
102 -> 50 (85)
102 -> 125 (91)
102 -> 140 (174)
103 -> 125 (142)
106 -> 194 (59)
107 -> 50 (85)
107 -> 74 (124)
107 -> 81 (59)
107 -> 137 (117)
107 -> 140 (132)
107 -> 176 (55)
107 -> 194 (131)
108 -> 14 (154)
108 -> 15 (61)
108 -> 47 (193)
108 -> 50 (69)
108 -> 165 (92)
109 -> 125 (152)
112 -> 64 (195)
113 -> 72 (35)
113 -> 106 (11)
115 -> 19 (120)
115 -> 23 (112)
115 -> 39 (194)
115 -> 99 (174)
115 -> 125 (126)
115 -> 163 (48)
117 -> 177 (99)
121 -> 95 (16)
122 -> 3 (51)
122 -> 22 (184)
122 -> 33 (167)
122 -> 49 (91)
122 -> 64 (184)
122 -> 82 (3)
122 -> 87 (120)
122 -> 103 (142)
122 -> 159 (152)
122 -> 194 (7)
124 -> 14 (21)
124 -> 23 (192)
124 -> 30 (181)
124 -> 44 (195)
124 -> 49 (52)
124 -> 64 (131)
124 -> 65 (57)
124 -> 143 (32)
124 -> 155 (109)
124 -> 159 (39)
126 -> 163 (53)
133 -> 50 (174)
133 -> 140 (19)
134 -> 165 (78)
137 -> 50 (117)
138 -> 125 (132)
141 -> 194 (58)
143 -> 125 (32)
150 -> 15 (33)
150 -> 50 (72)
150 -> 81 (8)
150 -> 109 (152)
150 -> 164 (98)
150 -> 190 (114)
150 -> 194 (108)
151 -> 45 (123)
151 -> 94 (147)
151 -> 140 (56)
151 -> 163 (7)
151 -> 194 (61)
155 -> 71 (2)
155 -> 136 (107)
156 -> 80 (84)
157 -> 41 (38)
157 -> 63 (115)
157 -> 156 (84)
158 -> 50 (76)
159 -> 48 (191)
160 -> 138 (132)
162 -> 163 (153)
164 -> 140 (134)
165 -> 23 (170)
171 -> 50 (171)
174 -> 65 (32)
174 -> 160 (132)
174 -> 163 (131)
174 -> 164 (36)
176 -> 71 (18)
176 -> 136 (37)
177 -> 23 (99)
186 -> 5 (24)
186 -> 35 (32)
186 -> 121 (16)
186 -> 162 (153)
187 -> 50 (127)
187 -> 54 (157)
187 -> 106 (48)
187 -> 125 (77)
187 -> 136 (82)
187 -> 171 (54)
187 -> 191 (138)
188 -> 163 (1)
190 -> 125 (114)
191 -> 64 (138)
192 -> 125 (125)
193 -> 50 (143)
193 -> 72 (43)
193 -> 171 (7)
195 -> 23 (150)
195 -> 112 (37)
195 -> 133 (193)
196 -> 112 (13)
197 -> 125 (89)
197 -> 136 (33)
197 -> 163 (47)
198 -> 4 (69)
198 -> 23 (147)
198 -> 112 (14)
198 -> 171 (41)
199 -> 112 (121)
Fluxo: 10430
Arestas removidas: 3843

--Rotas do 11º turno-----------------------------
3 -> 23 (51)
4 -> 64 (69)
5 -> 194 (130)
9 -> 136 (36)
10 -> 38 (2)
14 -> 136 (175)
15 -> 136 (94)
17 -> 125 (136)
17 -> 141 (58)
19 -> 140 (120)
22 -> 9 (36)
22 -> 23 (148)
24 -> 192 (125)
24 -> 194 (50)
28 -> 23 (102)
29 -> 140 (17)
30 -> 50 (184)
31 -> 46 (134)
31 -> 91 (65)
33 -> 136 (167)
35 -> 95 (183)
36 -> 112 (24)
36 -> 158 (76)
36 -> 194 (85)
37 -> 125 (167)
38 -> 125 (2)
39 -> 17 (194)
41 -> 194 (98)
44 -> 93 (3)
44 -> 125 (192)
45 -> 28 (102)
45 -> 67 (21)
46 -> 23 (134)
47 -> 59 (193)
48 -> 140 (191)
49 -> 194 (181)
54 -> 136 (157)
59 -> 64 (174)
59 -> 140 (19)
62 -> 10 (2)
62 -> 163 (162)
63 -> 163 (88)
63 -> 194 (27)
65 -> 64 (89)
67 -> 50 (21)
69 -> 23 (22)
71 -> 136 (87)
72 -> 50 (78)
73 -> 37 (167)
73 -> 49 (38)
73 -> 62 (164)
73 -> 113 (87)
73 -> 117 (99)
73 -> 134 (78)
73 -> 136 (194)
73 -> 140 (70)
73 -> 171 (69)
73 -> 196 (13)
74 -> 140 (124)
80 -> 136 (84)
81 -> 71 (67)
82 -> 30 (3)
87 -> 163 (189)
88 -> 5 (106)
88 -> 24 (175)
88 -> 36 (185)
88 -> 50 (86)
88 -> 87 (69)
88 -> 98 (157)
88 -> 194 (111)
91 -> 125 (65)
93 -> 136 (3)
94 -> 136 (147)
95 -> 31 (199)
98 -> 69 (22)
98 -> 125 (135)
99 -> 29 (17)
99 -> 64 (157)
102 -> 35 (151)
102 -> 41 (60)
102 -> 50 (85)
102 -> 125 (91)
102 -> 140 (174)
103 -> 125 (142)
106 -> 194 (59)
107 -> 50 (85)
107 -> 74 (124)
107 -> 81 (59)
107 -> 137 (117)
107 -> 140 (132)
107 -> 176 (55)
107 -> 194 (131)
108 -> 14 (154)
108 -> 15 (61)
108 -> 47 (193)
108 -> 50 (69)
108 -> 165 (92)
109 -> 125 (152)
112 -> 64 (195)
113 -> 72 (35)
113 -> 106 (11)
113 -> 171 (41)
115 -> 19 (120)
115 -> 23 (112)
115 -> 39 (194)
115 -> 99 (174)
115 -> 125 (126)
115 -> 163 (48)
117 -> 177 (99)
121 -> 95 (16)
122 -> 3 (51)
122 -> 22 (184)
122 -> 33 (167)
122 -> 49 (91)
122 -> 64 (184)
122 -> 82 (3)
122 -> 87 (120)
122 -> 103 (142)
122 -> 159 (152)
122 -> 194 (7)
124 -> 14 (21)
124 -> 23 (192)
124 -> 30 (181)
124 -> 44 (195)
124 -> 49 (52)
124 -> 64 (131)
124 -> 65 (57)
124 -> 143 (32)
124 -> 155 (109)
124 -> 159 (39)
126 -> 163 (53)
133 -> 50 (174)
133 -> 140 (19)
134 -> 165 (78)
137 -> 50 (117)
138 -> 125 (132)
141 -> 194 (58)
143 -> 125 (32)
150 -> 15 (33)
150 -> 50 (72)
150 -> 81 (8)
150 -> 109 (152)
150 -> 164 (98)
150 -> 190 (114)
150 -> 194 (108)
151 -> 45 (123)
151 -> 94 (147)
151 -> 140 (56)
151 -> 163 (7)
151 -> 194 (61)
155 -> 71 (2)
155 -> 136 (107)
156 -> 80 (84)
157 -> 41 (38)
157 -> 63 (115)
157 -> 156 (84)
158 -> 50 (76)
159 -> 48 (191)
160 -> 138 (132)
162 -> 163 (153)
164 -> 140 (134)
165 -> 23 (170)
171 -> 50 (171)
174 -> 65 (32)
174 -> 160 (132)
174 -> 163 (131)
174 -> 164 (36)
176 -> 71 (18)
176 -> 136 (37)
177 -> 23 (99)
186 -> 5 (24)
186 -> 35 (32)
186 -> 121 (16)
186 -> 162 (153)
187 -> 50 (127)
187 -> 54 (157)
187 -> 106 (48)
187 -> 125 (77)
187 -> 136 (82)
187 -> 171 (54)
187 -> 191 (138)
188 -> 163 (1)
190 -> 125 (114)
191 -> 64 (138)
192 -> 125 (125)
193 -> 50 (143)
193 -> 72 (43)
193 -> 171 (7)
195 -> 23 (150)
195 -> 112 (37)
195 -> 133 (193)
196 -> 112 (13)
197 -> 125 (89)
197 -> 136 (33)
197 -> 163 (47)
198 -> 4 (4)
198 -> 23 (147)
199 -> 4 (65)
199 -> 112 (121)
Fluxo: 10173
Arestas removidas: 3843

--Rotas do 12º turno-----------------------------
3 -> 23 (51)
5 -> 194 (130)
7 -> 23 (112)
10 -> 38 (2)
14 -> 136 (175)
15 -> 136 (94)
17 -> 125 (136)
17 -> 141 (58)
19 -> 140 (120)
22 -> 23 (148)
24 -> 192 (125)
24 -> 194 (50)
28 -> 23 (102)
29 -> 43 (17)
30 -> 50 (184)
31 -> 46 (134)
31 -> 91 (65)
33 -> 136 (167)
35 -> 95 (183)
36 -> 158 (76)
36 -> 194 (85)
37 -> 33 (1)
37 -> 125 (167)
38 -> 125 (2)
39 -> 17 (194)
41 -> 194 (98)
43 -> 163 (17)
44 -> 93 (3)
44 -> 125 (192)
45 -> 28 (102)
45 -> 67 (21)
46 -> 23 (134)
47 -> 59 (153)
48 -> 67 (144)
49 -> 194 (181)
54 -> 136 (157)
59 -> 140 (153)
62 -> 10 (2)
62 -> 163 (162)
63 -> 163 (88)
63 -> 194 (27)
64 -> 7 (112)
65 -> 64 (89)
67 -> 50 (165)
69 -> 23 (22)
71 -> 136 (87)
72 -> 50 (78)
73 -> 37 (168)
73 -> 62 (164)
73 -> 88 (8)
73 -> 113 (87)
73 -> 117 (99)
73 -> 134 (92)
73 -> 136 (194)
73 -> 171 (69)
73 -> 196 (13)
74 -> 140 (124)
76 -> 112 (9)
80 -> 136 (84)
81 -> 33 (42)
81 -> 71 (83)
82 -> 30 (3)
87 -> 163 (189)
88 -> 5 (106)
88 -> 24 (175)
88 -> 36 (161)
88 -> 50 (86)
88 -> 87 (69)
88 -> 98 (157)
88 -> 194 (111)
88 -> 198 (32)
91 -> 125 (65)
93 -> 136 (3)
94 -> 136 (147)
95 -> 31 (199)
98 -> 69 (22)
98 -> 125 (135)
99 -> 29 (17)
99 -> 64 (157)
102 -> 35 (151)
102 -> 41 (60)
102 -> 50 (85)
102 -> 125 (91)
102 -> 140 (174)
103 -> 125 (67)
106 -> 194 (59)
107 -> 50 (85)
107 -> 74 (124)
107 -> 137 (117)
107 -> 140 (132)
107 -> 176 (37)
107 -> 194 (131)
107 -> 198 (115)
108 -> 14 (154)
108 -> 15 (61)
108 -> 47 (153)
108 -> 50 (69)
108 -> 165 (92)
109 -> 125 (152)
112 -> 64 (180)
113 -> 72 (35)
113 -> 106 (11)
113 -> 171 (41)
115 -> 19 (120)
115 -> 23 (112)
115 -> 39 (194)
115 -> 99 (174)
115 -> 125 (126)
115 -> 163 (48)
117 -> 177 (99)
121 -> 95 (16)
122 -> 22 (148)
122 -> 64 (184)
122 -> 103 (67)
124 -> 14 (21)
124 -> 23 (192)
124 -> 30 (181)
124 -> 44 (195)
124 -> 49 (181)
124 -> 64 (131)
124 -> 65 (57)
124 -> 143 (49)
124 -> 155 (109)
124 -> 159 (194)
126 -> 122 (156)
126 -> 163 (53)
133 -> 50 (174)
134 -> 33 (14)
134 -> 165 (78)
137 -> 50 (117)
138 -> 125 (132)
140 -> 50 (94)
141 -> 194 (58)
143 -> 33 (17)
143 -> 125 (32)
150 -> 15 (33)
150 -> 50 (72)
150 -> 76 (9)
150 -> 81 (125)
150 -> 109 (152)
150 -> 164 (98)
150 -> 175 (2)
150 -> 190 (114)
150 -> 194 (108)
151 -> 3 (51)
151 -> 45 (123)
151 -> 82 (3)
151 -> 94 (147)
151 -> 163 (7)
151 -> 194 (61)
155 -> 71 (2)
155 -> 136 (107)
156 -> 80 (84)
157 -> 41 (38)
157 -> 63 (115)
157 -> 156 (84)
158 -> 50 (76)
159 -> 33 (50)
159 -> 48 (144)
160 -> 138 (132)
162 -> 163 (153)
164 -> 140 (134)
165 -> 23 (170)
171 -> 50 (171)
174 -> 65 (32)
174 -> 160 (132)
174 -> 163 (131)
174 -> 164 (36)
175 -> 71 (2)
176 -> 136 (37)
177 -> 23 (99)
186 -> 5 (24)
186 -> 35 (32)
186 -> 121 (16)
186 -> 162 (153)
187 -> 33 (43)
187 -> 50 (127)
187 -> 54 (157)
187 -> 106 (48)
187 -> 125 (77)
187 -> 136 (82)
187 -> 171 (54)
187 -> 191 (138)
188 -> 163 (1)
190 -> 125 (114)
191 -> 64 (138)
192 -> 125 (125)
193 -> 50 (143)
193 -> 72 (43)
193 -> 87 (120)
193 -> 171 (7)
195 -> 23 (150)
195 -> 112 (37)
195 -> 133 (174)
196 -> 112 (13)
197 -> 125 (89)
197 -> 136 (33)
197 -> 163 (47)
198 -> 23 (147)
199 -> 112 (121)
Fluxo: 9739
Arestas removidas: 3904

--Rotas do 13º turno-----------------------------
3 -> 23 (51)
5 -> 194 (130)
7 -> 23 (112)
10 -> 38 (2)
14 -> 136 (154)
15 -> 136 (94)
17 -> 125 (136)
17 -> 141 (58)
22 -> 23 (148)
28 -> 23 (102)
29 -> 43 (148)
30 -> 50 (184)
31 -> 46 (134)
31 -> 91 (65)
33 -> 136 (167)
35 -> 95 (183)
36 -> 194 (85)
37 -> 125 (167)
38 -> 125 (2)
39 -> 17 (194)
41 -> 194 (98)
43 -> 163 (148)
44 -> 125 (148)
45 -> 28 (102)
45 -> 67 (21)
46 -> 23 (134)
49 -> 194 (181)
54 -> 136 (157)
62 -> 10 (2)
62 -> 163 (162)
63 -> 163 (88)
63 -> 194 (27)
64 -> 7 (112)
65 -> 64 (86)
67 -> 50 (21)
71 -> 136 (87)
72 -> 50 (78)
73 -> 37 (167)
73 -> 62 (164)
73 -> 88 (98)
73 -> 113 (76)
73 -> 117 (99)
73 -> 134 (78)
73 -> 136 (194)
73 -> 171 (69)
76 -> 158 (30)
80 -> 136 (84)
81 -> 33 (167)
81 -> 71 (32)
82 -> 30 (139)
87 -> 163 (189)
88 -> 194 (111)
91 -> 125 (65)
94 -> 136 (147)
95 -> 31 (199)
99 -> 29 (148)
99 -> 64 (26)
102 -> 35 (151)
102 -> 41 (60)
102 -> 50 (85)
102 -> 125 (91)
102 -> 140 (94)
103 -> 125 (8)
104 -> 71 (11)
106 -> 194 (59)
107 -> 50 (85)
107 -> 137 (118)
107 -> 176 (55)
107 -> 194 (131)
107 -> 198 (147)
108 -> 14 (154)
108 -> 15 (61)
108 -> 50 (69)
108 -> 165 (92)
109 -> 125 (152)
113 -> 72 (35)
113 -> 171 (41)
115 -> 23 (112)
115 -> 39 (194)
115 -> 99 (174)
115 -> 125 (126)
115 -> 163 (48)
117 -> 177 (99)
121 -> 95 (16)
122 -> 22 (148)
122 -> 103 (8)
123 -> 158 (12)
124 -> 23 (192)
124 -> 30 (45)
124 -> 44 (148)
126 -> 122 (156)
126 -> 123 (12)
126 -> 163 (53)
133 -> 50 (174)
134 -> 165 (78)
137 -> 50 (117)
137 -> 158 (1)
138 -> 125 (132)
140 -> 50 (94)
141 -> 194 (58)
143 -> 125 (32)
150 -> 15 (33)
150 -> 50 (72)
150 -> 76 (30)
150 -> 81 (199)
150 -> 109 (152)
150 -> 143 (32)
150 -> 152 (24)
150 -> 164 (2)
150 -> 175 (30)
150 -> 190 (114)
150 -> 194 (108)
151 -> 3 (51)
151 -> 45 (123)
151 -> 82 (139)
151 -> 94 (147)
151 -> 163 (7)
151 -> 194 (61)
152 -> 106 (11)
152 -> 158 (13)
155 -> 136 (107)
156 -> 80 (84)
157 -> 41 (38)
157 -> 49 (96)
157 -> 63 (115)
157 -> 104 (11)
157 -> 156 (84)
158 -> 50 (76)
160 -> 138 (132)
162 -> 163 (153)
164 -> 158 (2)
165 -> 23 (170)
171 -> 50 (171)
174 -> 65 (86)
174 -> 160 (132)
174 -> 163 (131)
174 -> 175 (14)
175 -> 71 (44)
176 -> 136 (37)
176 -> 158 (18)
177 -> 23 (99)
186 -> 5 (130)
186 -> 35 (32)
186 -> 121 (16)
186 -> 162 (153)
187 -> 36 (84)
187 -> 49 (85)
187 -> 50 (127)
187 -> 54 (157)
187 -> 106 (48)
187 -> 125 (77)
187 -> 136 (82)
187 -> 171 (54)
187 -> 191 (138)
188 -> 36 (1)
188 -> 163 (1)
190 -> 125 (114)
191 -> 194 (138)
193 -> 50 (143)
193 -> 72 (43)
193 -> 87 (189)
193 -> 171 (7)
195 -> 23 (150)
195 -> 88 (13)
195 -> 133 (174)
197 -> 125 (89)
197 -> 136 (33)
197 -> 155 (40)
197 -> 163 (47)
198 -> 23 (147)
199 -> 124 (167)
199 -> 155 (67)
Fluxo: 7809
Arestas removidas: 3984

--Rotas do 14º turno-----------------------------
3 -> 23 (51)
3 -> 158 (64)
5 -> 194 (130)
7 -> 23 (112)
10 -> 38 (2)
13 -> 165 (3)
14 -> 136 (148)
15 -> 136 (94)
17 -> 125 (136)
17 -> 141 (58)
19 -> 140 (94)
22 -> 23 (148)
25 -> 71 (11)
26 -> 165 (36)
28 -> 23 (102)
29 -> 43 (148)
30 -> 50 (139)
31 -> 46 (134)
31 -> 91 (49)
33 -> 136 (98)
35 -> 95 (183)
36 -> 194 (85)
37 -> 125 (167)
38 -> 125 (2)
39 -> 17 (194)
41 -> 194 (98)
43 -> 163 (148)
45 -> 28 (102)
45 -> 67 (21)
46 -> 23 (134)
49 -> 194 (181)
54 -> 136 (157)
62 -> 10 (2)
62 -> 163 (162)
63 -> 163 (88)
63 -> 194 (27)
64 -> 7 (112)
65 -> 64 (86)
67 -> 50 (21)
71 -> 136 (87)
72 -> 50 (78)
73 -> 37 (167)
73 -> 62 (164)
73 -> 88 (98)
73 -> 108 (188)
73 -> 113 (76)
73 -> 117 (99)
73 -> 134 (131)
73 -> 136 (194)
73 -> 171 (69)
73 -> 189 (8)
80 -> 136 (84)
81 -> 33 (98)
82 -> 30 (139)
82 -> 106 (11)
87 -> 163 (189)
88 -> 194 (111)
91 -> 125 (49)
94 -> 136 (147)
95 -> 31 (183)
99 -> 29 (148)
99 -> 64 (26)
102 -> 41 (60)
102 -> 50 (85)
102 -> 125 (91)
102 -> 168 (49)
103 -> 125 (8)
106 -> 194 (59)
107 -> 50 (85)
107 -> 194 (64)
108 -> 14 (148)
108 -> 50 (69)
109 -> 125 (152)
113 -> 72 (35)
113 -> 171 (41)
115 -> 19 (94)
115 -> 23 (112)
115 -> 39 (194)
115 -> 99 (174)
115 -> 125 (126)
115 -> 163 (48)
117 -> 177 (99)
121 -> 71 (33)
122 -> 22 (148)
122 -> 103 (8)
123 -> 158 (12)
124 -> 23 (167)
126 -> 122 (156)
126 -> 123 (12)
126 -> 163 (53)
126 -> 168 (60)
133 -> 50 (174)
134 -> 165 (131)
137 -> 50 (117)
138 -> 125 (132)
140 -> 50 (94)
141 -> 194 (58)
143 -> 125 (32)
150 -> 15 (94)
150 -> 50 (72)
150 -> 81 (98)
150 -> 109 (152)
150 -> 190 (113)
150 -> 194 (108)
151 -> 3 (115)
151 -> 45 (123)
151 -> 82 (150)
151 -> 94 (147)
151 -> 163 (7)
151 -> 194 (61)
155 -> 136 (107)
156 -> 80 (84)
157 -> 26 (36)
157 -> 41 (38)
157 -> 49 (96)
157 -> 63 (115)
157 -> 156 (84)
158 -> 50 (76)
160 -> 138 (132)
162 -> 163 (153)
164 -> 150 (98)
165 -> 23 (170)
168 -> 137 (109)
171 -> 50 (171)
174 -> 13 (3)
174 -> 65 (86)
174 -> 160 (132)
174 -> 163 (131)
174 -> 164 (98)
174 -> 175 (43)
175 -> 71 (43)
176 -> 136 (37)
177 -> 23 (99)
186 -> 5 (130)
186 -> 35 (183)
186 -> 73 (2)
186 -> 121 (33)
186 -> 162 (153)
187 -> 25 (11)
187 -> 36 (84)
187 -> 49 (85)
187 -> 50 (127)
187 -> 54 (157)
187 -> 106 (48)
187 -> 125 (77)
187 -> 136 (82)
187 -> 171 (54)
187 -> 191 (138)
188 -> 36 (1)
188 -> 163 (1)
189 -> 137 (8)
190 -> 125 (114)
191 -> 194 (138)
193 -> 50 (143)
193 -> 72 (43)
193 -> 87 (189)
193 -> 107 (112)
193 -> 171 (7)
195 -> 23 (150)
195 -> 88 (13)
195 -> 133 (174)
195 -> 190 (1)
195 -> 198 (147)
197 -> 125 (89)
197 -> 136 (33)
197 -> 143 (32)
197 -> 155 (40)
197 -> 163 (47)
198 -> 23 (147)
199 -> 124 (167)
199 -> 155 (67)
199 -> 176 (37)
Fluxo: 7433
Arestas removidas: 4037

--Rotas do 15º turno-----------------------------
3 -> 23 (51)
3 -> 158 (64)
3 -> 177 (21)
4 -> 177 (12)
5 -> 194 (130)
7 -> 23 (112)
13 -> 165 (59)
15 -> 136 (94)
15 -> 165 (15)
17 -> 125 (136)
19 -> 140 (94)
22 -> 23 (148)
25 -> 71 (11)
26 -> 37 (154)
28 -> 23 (102)
29 -> 43 (148)
30 -> 50 (139)
31 -> 46 (134)
31 -> 91 (49)
35 -> 95 (183)
36 -> 194 (85)
37 -> 125 (167)
39 -> 17 (136)
39 -> 171 (60)
41 -> 72 (30)
41 -> 194 (98)
43 -> 163 (148)
45 -> 28 (102)
45 -> 67 (21)
46 -> 23 (134)
49 -> 194 (181)
54 -> 136 (157)
54 -> 177 (14)
63 -> 163 (88)
63 -> 194 (27)
64 -> 7 (112)
65 -> 64 (86)
67 -> 50 (21)
71 -> 136 (87)
72 -> 50 (78)
73 -> 136 (194)
80 -> 136 (84)
82 -> 30 (139)
87 -> 163 (189)
88 -> 194 (106)
91 -> 125 (49)
94 -> 136 (147)
95 -> 31 (183)
99 -> 29 (148)
99 -> 64 (26)
102 -> 50 (85)
102 -> 125 (12)
103 -> 125 (8)
104 -> 72 (5)
106 -> 194 (59)
107 -> 50 (85)
107 -> 194 (27)
115 -> 19 (94)
115 -> 23 (112)
115 -> 39 (196)
115 -> 99 (174)
115 -> 125 (126)
115 -> 163 (48)
115 -> 193 (13)
121 -> 71 (33)
122 -> 22 (148)
122 -> 103 (8)
123 -> 158 (12)
123 -> 171 (57)
123 -> 177 (52)
124 -> 23 (167)
126 -> 102 (97)
126 -> 122 (156)
126 -> 123 (121)
126 -> 163 (53)
126 -> 168 (90)
133 -> 50 (174)
134 -> 37 (13)
134 -> 73 (83)
134 -> 165 (96)
137 -> 50 (117)
138 -> 125 (132)
140 -> 50 (94)
143 -> 125 (32)
150 -> 194 (83)
151 -> 3 (136)
151 -> 45 (123)
151 -> 82 (139)
151 -> 94 (147)
151 -> 163 (7)
151 -> 181 (27)
151 -> 194 (61)
155 -> 136 (107)
156 -> 80 (84)
156 -> 106 (11)
157 -> 41 (128)
157 -> 49 (96)
157 -> 63 (115)
157 -> 104 (5)
157 -> 156 (95)
158 -> 50 (76)
160 -> 138 (132)
162 -> 163 (153)
165 -> 23 (170)
168 -> 137 (90)
171 -> 50 (171)
174 -> 13 (59)
174 -> 65 (86)
174 -> 160 (132)
174 -> 163 (131)
174 -> 175 (43)
175 -> 71 (43)
176 -> 136 (37)
177 -> 23 (99)
181 -> 137 (27)
186 -> 5 (130)
186 -> 35 (183)
186 -> 73 (111)
186 -> 121 (33)
186 -> 162 (153)
187 -> 25 (11)
187 -> 26 (154)
187 -> 36 (84)
187 -> 49 (85)
187 -> 50 (127)
187 -> 54 (171)
187 -> 106 (48)
187 -> 125 (77)
187 -> 134 (192)
187 -> 136 (82)
187 -> 171 (54)
187 -> 191 (138)
188 -> 36 (1)
188 -> 163 (1)
190 -> 125 (114)
190 -> 150 (83)
191 -> 194 (138)
193 -> 50 (143)
193 -> 72 (43)
193 -> 87 (189)
193 -> 107 (112)
195 -> 23 (150)
195 -> 88 (106)
195 -> 133 (174)
195 -> 198 (147)
197 -> 125 (89)
197 -> 136 (33)
197 -> 143 (32)
197 -> 155 (40)
197 -> 163 (47)
198 -> 23 (147)
199 -> 4 (12)
199 -> 15 (109)
199 -> 124 (167)
199 -> 155 (67)
199 -> 176 (37)
199 -> 190 (197)
Fluxo: 6526
Arestas removidas: 4102

--Rotas do 16º turno-----------------------------
3 -> 23 (51)
3 -> 158 (76)
3 -> 177 (9)
4 -> 82 (11)
4 -> 87 (8)
4 -> 113 (32)
4 -> 177 (23)
4 -> 198 (107)
5 -> 194 (130)
7 -> 23 (99)
13 -> 35 (78)
15 -> 136 (94)
15 -> 165 (38)
17 -> 125 (136)
22 -> 23 (148)
25 -> 71 (18)
26 -> 37 (155)
28 -> 23 (68)
29 -> 43 (148)
30 -> 50 (139)
31 -> 46 (134)
31 -> 91 (49)
35 -> 95 (183)
36 -> 194 (85)
37 -> 125 (167)
39 -> 17 (136)
39 -> 171 (60)
41 -> 72 (30)
41 -> 194 (98)
43 -> 163 (148)
45 -> 28 (68)
46 -> 23 (134)
49 -> 194 (181)
54 -> 71 (14)
54 -> 136 (157)
63 -> 163 (88)
63 -> 194 (27)
64 -> 7 (99)
65 -> 25 (18)
65 -> 64 (89)
71 -> 136 (87)
72 -> 50 (78)
73 -> 136 (131)
76 -> 152 (38)
80 -> 136 (84)
82 -> 30 (139)
87 -> 163 (189)
88 -> 194 (30)
91 -> 125 (49)
94 -> 136 (147)
95 -> 31 (183)
99 -> 29 (148)
99 -> 64 (10)
101 -> 37 (12)
102 -> 50 (85)
102 -> 125 (12)
103 -> 125 (8)
104 -> 134 (42)
106 -> 194 (59)
113 -> 171 (32)
115 -> 23 (112)
115 -> 39 (196)
115 -> 99 (158)
115 -> 125 (126)
115 -> 193 (151)
115 -> 195 (143)
117 -> 87 (72)
117 -> 177 (15)
122 -> 22 (148)
122 -> 103 (8)
123 -> 171 (79)
123 -> 177 (52)
124 -> 23 (167)
126 -> 102 (97)
126 -> 122 (156)
126 -> 123 (131)
126 -> 163 (53)
126 -> 168 (90)
126 -> 187 (153)
134 -> 73 (131)
137 -> 50 (117)
138 -> 125 (132)
140 -> 50 (94)
143 -> 125 (32)
150 -> 194 (83)
151 -> 3 (136)
151 -> 45 (68)
151 -> 94 (147)
151 -> 194 (61)
152 -> 87 (101)
154 -> 72 (48)
154 -> 117 (87)
155 -> 136 (107)
156 -> 80 (84)
156 -> 106 (59)
156 -> 198 (40)
157 -> 41 (128)
157 -> 49 (96)
157 -> 63 (115)
157 -> 115 (97)
157 -> 156 (183)
157 -> 168 (27)
158 -> 50 (76)
160 -> 138 (132)
162 -> 163 (61)
164 -> 140 (94)
165 -> 23 (163)
168 -> 137 (117)
171 -> 50 (171)
174 -> 13 (78)
174 -> 65 (107)
174 -> 76 (38)
174 -> 160 (132)
174 -> 163 (131)
174 -> 164 (94)
175 -> 71 (55)
175 -> 165 (72)
176 -> 136 (37)
176 -> 165 (53)
177 -> 23 (99)
186 -> 5 (130)
186 -> 162 (61)
187 -> 36 (84)
187 -> 49 (85)
187 -> 50 (127)
187 -> 54 (171)
187 -> 125 (77)
187 -> 134 (89)
187 -> 136 (82)
187 -> 191 (138)
188 -> 35 (105)
188 -> 36 (1)
188 -> 82 (128)
188 -> 154 (135)
188 -> 163 (1)
188 -> 186 (142)
190 -> 125 (114)
190 -> 150 (83)
191 -> 194 (138)
193 -> 50 (143)
193 -> 87 (8)
195 -> 23 (150)
195 -> 88 (30)
197 -> 26 (155)
197 -> 101 (12)
197 -> 104 (42)
197 -> 125 (89)
197 -> 136 (33)
197 -> 143 (32)
197 -> 155 (40)
197 -> 163 (47)
198 -> 23 (147)
199 -> 4 (181)
199 -> 15 (132)
199 -> 124 (167)
199 -> 152 (63)
199 -> 155 (67)
199 -> 175 (127)
199 -> 176 (90)
199 -> 190 (197)
Fluxo: 5879
Arestas removidas: 4207

--Rotas do 17º turno-----------------------------
3 -> 151 (136)
4 -> 198 (23)
5 -> 194 (130)
13 -> 35 (78)
15 -> 136 (94)
15 -> 165 (38)
22 -> 23 (148)
25 -> 71 (16)
26 -> 37 (155)
30 -> 50 (134)
31 -> 46 (134)
31 -> 91 (49)
35 -> 95 (183)
36 -> 194 (85)
37 -> 125 (167)
41 -> 82 (6)
41 -> 194 (98)
46 -> 23 (134)
49 -> 194 (181)
54 -> 136 (157)
63 -> 163 (88)
63 -> 194 (27)
65 -> 54 (150)
71 -> 136 (71)
72 -> 50 (78)
72 -> 54 (7)
73 -> 136 (131)
82 -> 30 (134)
87 -> 163 (123)
91 -> 125 (49)
94 -> 136 (75)
95 -> 31 (183)
101 -> 37 (12)
102 -> 50 (85)
102 -> 125 (12)
103 -> 125 (8)
104 -> 134 (131)
106 -> 194 (59)
112 -> 3 (121)
115 -> 23 (97)
122 -> 22 (148)
122 -> 103 (8)
123 -> 155 (34)
123 -> 171 (79)
124 -> 23 (167)
126 -> 102 (97)
126 -> 122 (156)
126 -> 123 (113)
126 -> 163 (53)
126 -> 168 (90)
126 -> 187 (153)
134 -> 73 (131)
137 -> 25 (16)
137 -> 50 (117)
138 -> 125 (132)
140 -> 50 (94)
143 -> 104 (8)
143 -> 125 (32)
143 -> 178 (47)
150 -> 194 (83)
151 -> 94 (75)
151 -> 194 (61)
152 -> 87 (123)
154 -> 49 (85)
154 -> 158 (105)
155 -> 136 (107)
156 -> 106 (59)
156 -> 198 (124)
157 -> 41 (104)
157 -> 49 (96)
157 -> 63 (115)
157 -> 115 (97)
157 -> 156 (183)
157 -> 168 (43)
158 -> 3 (15)
158 -> 36 (14)
158 -> 50 (76)
160 -> 138 (132)
162 -> 163 (12)
164 -> 140 (94)
164 -> 178 (38)
165 -> 23 (163)
168 -> 137 (133)
171 -> 50 (79)
174 -> 13 (78)
174 -> 65 (150)
174 -> 160 (132)
174 -> 163 (131)
174 -> 164 (132)
175 -> 71 (55)
175 -> 165 (72)
176 -> 136 (37)
176 -> 165 (53)
178 -> 72 (85)
186 -> 5 (130)
186 -> 162 (12)
187 -> 50 (127)
187 -> 191 (26)
188 -> 35 (105)
188 -> 36 (71)
188 -> 82 (128)
188 -> 154 (190)
188 -> 163 (1)
188 -> 186 (142)
188 -> 189 (60)
189 -> 152 (60)
190 -> 125 (114)
190 -> 150 (83)
191 -> 194 (26)
197 -> 26 (155)
197 -> 101 (12)
197 -> 104 (123)
197 -> 125 (89)
197 -> 136 (33)
197 -> 143 (87)
197 -> 163 (47)
198 -> 23 (147)
199 -> 4 (23)
199 -> 15 (132)
199 -> 112 (121)
199 -> 124 (167)
199 -> 152 (63)
199 -> 155 (73)
199 -> 175 (127)
199 -> 176 (90)
199 -> 190 (197)
Fluxo: 4159
Arestas removidas: 4345

--Rotas do 18º turno-----------------------------
3 -> 151 (136)
4 -> 198 (23)
5 -> 194 (130)
13 -> 35 (78)
15 -> 136 (94)
15 -> 165 (38)
22 -> 23 (148)
25 -> 71 (16)
26 -> 37 (155)
30 -> 50 (134)
31 -> 46 (134)
31 -> 91 (49)
35 -> 95 (183)
36 -> 194 (85)
37 -> 125 (167)
41 -> 82 (6)
41 -> 194 (98)
46 -> 23 (134)
49 -> 194 (181)
54 -> 136 (157)
63 -> 163 (88)
63 -> 194 (27)
65 -> 54 (150)
71 -> 136 (71)
72 -> 50 (78)
72 -> 54 (7)
73 -> 136 (131)
82 -> 30 (134)
87 -> 163 (123)
91 -> 125 (49)
94 -> 136 (75)
95 -> 31 (183)
101 -> 37 (12)
102 -> 50 (85)
102 -> 125 (12)
103 -> 125 (8)
104 -> 134 (131)
106 -> 194 (59)
112 -> 3 (121)
115 -> 23 (97)
122 -> 22 (148)
122 -> 103 (8)
123 -> 155 (34)
123 -> 171 (79)
124 -> 23 (167)
126 -> 102 (97)
126 -> 122 (156)
126 -> 123 (113)
126 -> 163 (53)
126 -> 168 (90)
126 -> 187 (153)
134 -> 73 (131)
137 -> 25 (16)
137 -> 50 (117)
138 -> 125 (132)
140 -> 50 (94)
143 -> 104 (8)
143 -> 125 (32)
143 -> 178 (47)
150 -> 194 (83)
151 -> 94 (75)
151 -> 194 (61)
152 -> 87 (123)
154 -> 49 (85)
154 -> 158 (105)
155 -> 136 (107)
156 -> 106 (59)
156 -> 198 (124)
157 -> 41 (104)
157 -> 49 (96)
157 -> 63 (115)
157 -> 115 (97)
157 -> 156 (183)
157 -> 168 (43)
158 -> 3 (15)
158 -> 36 (14)
158 -> 50 (76)
160 -> 138 (132)
162 -> 163 (12)
164 -> 140 (94)
164 -> 178 (38)
165 -> 23 (163)
168 -> 137 (133)
171 -> 50 (79)
174 -> 13 (78)
174 -> 65 (150)
174 -> 160 (132)
174 -> 163 (131)
174 -> 164 (132)
175 -> 71 (55)
175 -> 165 (72)
176 -> 136 (37)
176 -> 165 (53)
178 -> 72 (85)
186 -> 5 (130)
186 -> 162 (12)
187 -> 50 (127)
187 -> 191 (26)
188 -> 35 (105)
188 -> 36 (71)
188 -> 82 (128)
188 -> 154 (190)
188 -> 163 (1)
188 -> 186 (142)
188 -> 189 (60)
189 -> 152 (60)
190 -> 125 (114)
190 -> 150 (83)
191 -> 194 (26)
197 -> 26 (155)
197 -> 101 (12)
197 -> 104 (123)
197 -> 125 (89)
197 -> 136 (33)
197 -> 143 (87)
197 -> 163 (47)
198 -> 23 (147)
199 -> 4 (23)
199 -> 15 (132)
199 -> 112 (121)
199 -> 124 (167)
199 -> 152 (63)
199 -> 155 (73)
199 -> 175 (127)
199 -> 176 (90)
199 -> 190 (197)
Fluxo: 4159
Arestas removidas: 4345

--Rotas do 19º turno-----------------------------
3 -> 151 (76)
5 -> 194 (130)
13 -> 35 (78)
15 -> 136 (94)
15 -> 165 (38)
22 -> 23 (148)
25 -> 71 (16)
26 -> 37 (155)
30 -> 50 (134)
31 -> 46 (134)
31 -> 91 (49)
35 -> 95 (183)
36 -> 194 (85)
37 -> 125 (167)
41 -> 82 (6)
41 -> 194 (98)
46 -> 23 (134)
49 -> 194 (181)
54 -> 136 (157)
63 -> 163 (88)
63 -> 194 (27)
65 -> 54 (150)
71 -> 136 (71)
72 -> 50 (78)
72 -> 54 (7)
73 -> 136 (131)
82 -> 30 (134)
87 -> 163 (60)
91 -> 125 (49)
94 -> 136 (15)
95 -> 31 (183)
101 -> 37 (12)
102 -> 50 (85)
102 -> 125 (12)
103 -> 125 (8)
104 -> 134 (131)
106 -> 194 (59)
112 -> 3 (61)
115 -> 23 (97)
122 -> 22 (148)
122 -> 103 (8)
123 -> 155 (34)
123 -> 171 (79)
124 -> 23 (167)
126 -> 102 (97)
126 -> 122 (156)
126 -> 123 (113)
126 -> 163 (53)
126 -> 168 (90)
126 -> 187 (153)
126 -> 199 (199)
134 -> 73 (131)
137 -> 25 (16)
137 -> 50 (117)
138 -> 125 (132)
140 -> 50 (94)
143 -> 104 (8)
143 -> 125 (32)
143 -> 178 (47)
150 -> 194 (83)
151 -> 94 (15)
151 -> 194 (61)
152 -> 87 (60)
154 -> 49 (85)
154 -> 158 (105)
155 -> 136 (107)
156 -> 106 (59)
156 -> 198 (124)
157 -> 41 (104)
157 -> 49 (96)
157 -> 63 (115)
157 -> 115 (97)
157 -> 156 (183)
157 -> 168 (43)
158 -> 3 (15)
158 -> 36 (14)
158 -> 50 (76)
160 -> 138 (132)
162 -> 163 (12)
164 -> 140 (94)
164 -> 178 (38)
165 -> 23 (163)
168 -> 137 (133)
171 -> 50 (79)
174 -> 13 (78)
174 -> 65 (150)
174 -> 160 (132)
174 -> 163 (131)
174 -> 164 (132)
175 -> 71 (55)
175 -> 165 (72)
176 -> 136 (37)
176 -> 165 (53)
178 -> 72 (85)
186 -> 5 (130)
186 -> 162 (12)
187 -> 50 (127)
187 -> 191 (26)
188 -> 35 (105)
188 -> 36 (71)
188 -> 82 (128)
188 -> 154 (190)
188 -> 163 (1)
188 -> 186 (142)
188 -> 189 (60)
189 -> 152 (60)
190 -> 125 (114)
190 -> 150 (83)
191 -> 194 (26)
197 -> 26 (155)
197 -> 101 (12)
197 -> 104 (123)
197 -> 125 (89)
197 -> 136 (33)
197 -> 143 (87)
197 -> 163 (47)
198 -> 23 (124)
199 -> 15 (132)
199 -> 112 (61)
199 -> 124 (167)
199 -> 155 (73)
199 -> 175 (127)
199 -> 176 (90)
199 -> 190 (197)
Fluxo: 4013
Arestas removidas: 4350

--Rotas do 20º turno-----------------------------
3 -> 151 (15)
5 -> 194 (130)
13 -> 35 (78)
15 -> 136 (94)
22 -> 23 (148)
26 -> 37 (155)
30 -> 50 (128)
31 -> 46 (134)
31 -> 91 (49)
35 -> 95 (183)
36 -> 194 (85)
37 -> 125 (167)
41 -> 194 (98)
46 -> 23 (134)
49 -> 194 (181)
54 -> 136 (157)
63 -> 163 (58)
65 -> 54 (150)
72 -> 50 (78)
72 -> 54 (7)
73 -> 136 (131)
82 -> 30 (128)
87 -> 163 (60)
91 -> 125 (49)
95 -> 31 (183)
101 -> 37 (12)
102 -> 50 (85)
102 -> 125 (12)
103 -> 125 (8)
104 -> 134 (131)
122 -> 22 (148)
122 -> 103 (8)
123 -> 155 (107)
123 -> 171 (61)
124 -> 23 (105)
126 -> 102 (97)
126 -> 122 (156)
126 -> 123 (168)
126 -> 157 (102)
126 -> 163 (53)
126 -> 168 (90)
126 -> 187 (153)
126 -> 199 (199)
134 -> 73 (131)
137 -> 50 (90)
138 -> 125 (132)
140 -> 50 (94)
143 -> 104 (8)
143 -> 125 (32)
143 -> 178 (47)
151 -> 194 (15)
152 -> 87 (60)
154 -> 49 (85)
154 -> 158 (105)
155 -> 136 (107)
157 -> 41 (98)
157 -> 49 (96)
157 -> 63 (58)
158 -> 3 (15)
158 -> 36 (14)
158 -> 50 (76)
160 -> 138 (132)
162 -> 163 (12)
164 -> 140 (94)
164 -> 178 (38)
168 -> 137 (90)
171 -> 50 (61)
174 -> 13 (14)
174 -> 65 (150)
174 -> 160 (132)
174 -> 163 (131)
174 -> 164 (132)
178 -> 72 (85)
186 -> 5 (130)
186 -> 162 (12)
187 -> 50 (127)
187 -> 191 (26)
188 -> 35 (105)
188 -> 36 (71)
188 -> 82 (128)
188 -> 154 (190)
188 -> 163 (1)
188 -> 186 (142)
188 -> 189 (60)
189 -> 152 (60)
191 -> 194 (26)
197 -> 13 (64)
197 -> 26 (155)
197 -> 101 (12)
197 -> 104 (123)
197 -> 125 (89)
197 -> 136 (33)
197 -> 143 (87)
197 -> 163 (47)
199 -> 15 (94)
199 -> 124 (105)
Fluxo: 3034
Arestas removidas: 4357

--Rotas do 21º turno-----------------------------
13 -> 35 (31)
13 -> 174 (80)
15 -> 136 (94)
22 -> 23 (148)
26 -> 37 (155)
30 -> 50 (128)
31 -> 46 (31)
35 -> 95 (31)
36 -> 194 (71)
37 -> 125 (167)
41 -> 194 (98)
46 -> 23 (31)
49 -> 194 (181)
72 -> 50 (34)
73 -> 136 (123)
76 -> 174 (51)
82 -> 30 (128)
95 -> 31 (31)
101 -> 37 (12)
101 -> 181 (51)
102 -> 50 (85)
102 -> 125 (12)
103 -> 125 (8)
104 -> 134 (123)
122 -> 22 (148)
122 -> 103 (8)
123 -> 155 (107)
123 -> 171 (61)
124 -> 23 (105)
126 -> 102 (97)
126 -> 122 (156)
126 -> 123 (168)
126 -> 157 (102)
126 -> 163 (53)
126 -> 168 (90)
126 -> 187 (153)
126 -> 199 (199)
134 -> 73 (123)
137 -> 50 (90)
143 -> 125 (32)
143 -> 178 (64)
154 -> 49 (147)
155 -> 136 (107)
157 -> 41 (98)
157 -> 49 (4)
168 -> 137 (90)
171 -> 50 (61)
174 -> 163 (131)
178 -> 49 (30)
178 -> 72 (34)
181 -> 76 (51)
187 -> 50 (127)
187 -> 191 (26)
188 -> 36 (71)
188 -> 82 (128)
188 -> 154 (147)
188 -> 163 (1)
191 -> 194 (26)
197 -> 13 (111)
197 -> 26 (155)
197 -> 101 (63)
197 -> 104 (123)
197 -> 125 (89)
197 -> 136 (33)
197 -> 143 (96)
197 -> 163 (47)
199 -> 15 (94)
199 -> 124 (105)
Fluxo: 2082
Arestas removidas: 4360

--Rotas do 22º turno-----------------------------
13 -> 35 (31)
13 -> 174 (80)
15 -> 136 (94)
22 -> 23 (148)
26 -> 37 (155)
35 -> 188 (31)
36 -> 194 (30)
37 -> 125 (167)
41 -> 194 (98)
49 -> 194 (68)
73 -> 136 (123)
76 -> 174 (51)
101 -> 37 (12)
101 -> 181 (51)
102 -> 50 (85)
102 -> 125 (12)
103 -> 125 (8)
104 -> 134 (123)
122 -> 22 (148)
122 -> 103 (8)
123 -> 155 (107)
123 -> 171 (61)
124 -> 23 (105)
126 -> 102 (97)
126 -> 122 (156)
126 -> 123 (168)
126 -> 157 (102)
126 -> 163 (53)
126 -> 168 (90)
126 -> 187 (153)
126 -> 199 (199)
134 -> 73 (123)
137 -> 50 (90)
143 -> 125 (32)
143 -> 178 (64)
155 -> 136 (107)
157 -> 41 (98)
157 -> 49 (4)
168 -> 137 (90)
171 -> 50 (61)
174 -> 163 (131)
178 -> 49 (64)
181 -> 76 (51)
187 -> 50 (127)
187 -> 191 (26)
188 -> 36 (30)
188 -> 163 (1)
191 -> 194 (26)
197 -> 13 (111)
197 -> 26 (155)
197 -> 101 (63)
197 -> 104 (123)
197 -> 125 (89)
197 -> 136 (33)
197 -> 143 (96)
197 -> 163 (47)
199 -> 15 (94)
199 -> 124 (105)
Fluxo: 1735
Arestas removidas: 4360

--Rotas do 23º turno-----------------------------
13 -> 35 (31)
13 -> 174 (80)
15 -> 136 (94)
22 -> 23 (148)
26 -> 37 (155)
35 -> 188 (31)
36 -> 194 (30)
37 -> 125 (167)
41 -> 194 (98)
49 -> 194 (68)
73 -> 136 (123)
76 -> 174 (51)
101 -> 37 (12)
101 -> 181 (51)
102 -> 50 (85)
102 -> 125 (12)
103 -> 125 (8)
104 -> 134 (123)
122 -> 22 (148)
122 -> 103 (8)
123 -> 155 (107)
123 -> 171 (61)
124 -> 23 (105)
126 -> 102 (97)
126 -> 122 (156)
126 -> 123 (168)
126 -> 157 (102)
126 -> 163 (53)
126 -> 168 (90)
126 -> 187 (153)
126 -> 199 (199)
134 -> 73 (123)
137 -> 50 (90)
143 -> 125 (32)
143 -> 178 (64)
155 -> 136 (107)
157 -> 41 (98)
157 -> 49 (4)
168 -> 137 (90)
171 -> 50 (61)
174 -> 163 (131)
178 -> 49 (64)
181 -> 76 (51)
187 -> 50 (127)
187 -> 191 (26)
188 -> 36 (30)
188 -> 163 (1)
191 -> 194 (26)
197 -> 13 (111)
197 -> 26 (155)
197 -> 101 (63)
197 -> 104 (123)
197 -> 125 (89)
197 -> 136 (33)
197 -> 143 (96)
197 -> 163 (47)
199 -> 15 (94)
199 -> 124 (105)
Fluxo: 1735
Arestas removidas: 4360

--Rotas do 24º turno-----------------------------
13 -> 35 (31)
13 -> 174 (80)
22 -> 23 (146)
26 -> 37 (155)
35 -> 188 (31)
36 -> 194 (30)
37 -> 125 (167)
49 -> 194 (64)
73 -> 136 (123)
76 -> 174 (51)
101 -> 37 (12)
101 -> 181 (51)
102 -> 50 (85)
102 -> 125 (12)
104 -> 134 (123)
122 -> 22 (146)
126 -> 102 (97)
126 -> 122 (146)
126 -> 163 (53)
126 -> 187 (127)
134 -> 73 (123)
143 -> 125 (32)
143 -> 178 (64)
174 -> 163 (131)
178 -> 49 (64)
181 -> 76 (51)
187 -> 50 (127)
188 -> 36 (30)
188 -> 163 (1)
197 -> 13 (111)
197 -> 26 (155)
197 -> 101 (63)
197 -> 104 (123)
197 -> 125 (89)
197 -> 126 (22)
197 -> 136 (33)
197 -> 143 (96)
197 -> 163 (47)
Fluxo: 1140
Arestas removidas: 4360

--Rotas do 25º turno-----------------------------
13 -> 174 (80)
26 -> 37 (88)
37 -> 125 (88)
126 -> 163 (22)
143 -> 125 (32)
174 -> 163 (80)
197 -> 13 (80)
197 -> 26 (88)
197 -> 125 (89)
197 -> 126 (22)
197 -> 136 (33)
197 -> 143 (32)
197 -> 163 (47)
Fluxo: 391
Arestas removidas: 4360

População evacuada: 254550 de 254550 UTs
O tempo total para evacuar 100.00% da população é: 26 unidades de tempo.
