Atenção!
Os abrigos não tem capacidade para atender a todos, apenas 241357 das 273757 UTs (88.16%) serão salvas!

--Rotas do 1º turno-----------------------------
0 -> 240 (173)
2 -> 98 (123)
2 -> 240 (54)
3 -> 231 (154)
3 -> 276 (26)
4 -> 276 (133)
5 -> 9 (140)
5 -> 98 (71)
5 -> 276 (116)
5 -> 327 (151)
5 -> 355 (152)
5 -> 482 (115)
6 -> 231 (186)
7 -> 98 (148)
7 -> 354 (50)
8 -> 367 (166)
9 -> 98 (189)
10 -> 231 (129)
10 -> 482 (32)
11 -> 367 (113)
11 -> 482 (36)
12 -> 98 (110)
12 -> 276 (76)
13 -> 98 (180)
13 -> 131 (18)
14 -> 354 (162)
15 -> 98 (159)
16 -> 240 (119)
16 -> 482 (50)
17 -> 231 (149)
18 -> 131 (147)
19 -> 131 (101)
19 -> 276 (74)
20 -> 354 (87)
20 -> 482 (47)
21 -> 131 (192)
22 -> 98 (142)
23 -> 240 (157)
23 -> 276 (18)
24 -> 379 (194)
25 -> 98 (119)
25 -> 240 (2)
26 -> 367 (180)
27 -> 98 (112)
28 -> 131 (195)
29 -> 231 (200)
30 -> 98 (172)
30 -> 131 (23)
31 -> 240 (194)
32 -> 379 (193)
33 -> 2 (177)
33 -> 6 (149)
33 -> 8 (163)
33 -> 11 (149)
33 -> 14 (154)
33 -> 15 (159)
33 -> 16 (169)
33 -> 18 (107)
33 -> 34 (125)
33 -> 40 (171)
33 -> 43 (186)
33 -> 46 (182)
33 -> 58 (135)
33 -> 62 (177)
33 -> 63 (123)
33 -> 66 (170)
33 -> 70 (167)
33 -> 72 (160)
33 -> 75 (144)
33 -> 80 (164)
33 -> 98 (181)
33 -> 101 (186)
33 -> 104 (154)
33 -> 116 (125)
33 -> 119 (141)
33 -> 125 (138)
33 -> 133 (119)
33 -> 138 (160)
33 -> 188 (158)
33 -> 240 (172)
33 -> 276 (86)
33 -> 313 (78)
33 -> 338 (54)
33 -> 379 (161)
33 -> 396 (145)
33 -> 456 (78)
33 -> 482 (174)
33 -> 484 (121)
33 -> 538 (167)
33 -> 545 (65)
33 -> 566 (46)
33 -> 580 (141)
34 -> 131 (199)
35 -> 131 (197)
36 -> 482 (198)
38 -> 0 (146)
38 -> 7 (198)
38 -> 10 (161)
38 -> 12 (186)
38 -> 18 (40)
38 -> 25 (121)
38 -> 26 (162)
38 -> 27 (112)
38 -> 48 (166)
38 -> 54 (117)
38 -> 67 (147)
38 -> 72 (13)
38 -> 76 (103)
38 -> 77 (124)
38 -> 82 (188)
38 -> 86 (163)
38 -> 89 (163)
38 -> 91 (192)
38 -> 98 (133)
38 -> 105 (154)
38 -> 117 (151)
38 -> 126 (117)
38 -> 131 (129)
38 -> 142 (130)
38 -> 155 (57)
38 -> 158 (141)
38 -> 161 (174)
38 -> 227 (192)
38 -> 240 (150)
38 -> 276 (124)
38 -> 280 (75)
38 -> 288 (109)
38 -> 325 (131)
38 -> 354 (167)
38 -> 367 (89)
38 -> 379 (154)
38 -> 384 (112)
38 -> 469 (102)
38 -> 548 (109)
39 -> 276 (189)
40 -> 276 (122)
40 -> 367 (49)
41 -> 240 (157)
42 -> 98 (145)
43 -> 231 (186)
44 -> 98 (163)
45 -> 231 (169)
46 -> 354 (180)
46 -> 379 (2)
47 -> 98 (123)
47 -> 276 (6)
48 -> 231 (191)
49 -> 4 (133)
49 -> 6 (37)
49 -> 20 (134)
49 -> 22 (125)
49 -> 28 (194)
49 -> 29 (189)
49 -> 30 (195)
49 -> 31 (166)
49 -> 32 (190)
49 -> 34 (74)
49 -> 53 (143)
49 -> 58 (26)
49 -> 60 (166)
49 -> 76 (83)
49 -> 90 (196)
49 -> 98 (137)
49 -> 106 (170)
49 -> 112 (163)
49 -> 115 (187)
49 -> 123 (184)
49 -> 129 (187)
49 -> 149 (170)
49 -> 162 (151)
49 -> 166 (141)
49 -> 181 (3)
49 -> 210 (163)
49 -> 213 (170)
49 -> 255 (152)
49 -> 276 (109)
49 -> 379 (99)
49 -> 430 (163)
49 -> 469 (82)
49 -> 484 (31)
49 -> 571 (147)
49 -> 594 (181)
50 -> 231 (175)
51 -> 98 (170)
52 -> 131 (171)
53 -> 276 (169)
54 -> 131 (146)
55 -> 98 (116)
55 -> 131 (7)
56 -> 131 (165)
57 -> 231 (163)
58 -> 276 (161)
60 -> 98 (169)
61 -> 240 (123)
62 -> 98 (144)
62 -> 131 (33)
63 -> 98 (116)
63 -> 231 (7)
64 -> 482 (157)
65 -> 276 (169)
66 -> 231 (142)
66 -> 367 (28)
67 -> 98 (167)
68 -> 131 (181)
69 -> 231 (155)
70 -> 98 (137)
70 -> 379 (30)
71 -> 240 (163)
71 -> 367 (20)
72 -> 231 (173)
73 -> 98 (198)
73 -> 276 (2)
74 -> 0 (27)
74 -> 9 (49)
74 -> 19 (175)
74 -> 22 (17)
74 -> 23 (175)
74 -> 28 (1)
74 -> 36 (196)
74 -> 39 (133)
74 -> 47 (129)
74 -> 53 (26)
74 -> 57 (163)
74 -> 78 (132)
74 -> 80 (31)
74 -> 81 (194)
74 -> 84 (175)
74 -> 87 (118)
74 -> 92 (196)
74 -> 98 (190)
74 -> 103 (188)
74 -> 106 (27)
74 -> 121 (196)
74 -> 128 (180)
74 -> 136 (184)
74 -> 157 (138)
74 -> 162 (32)
74 -> 176 (146)
74 -> 232 (151)
74 -> 252 (128)
74 -> 304 (148)
74 -> 306 (148)
74 -> 334 (195)
74 -> 354 (102)
74 -> 470 (170)
74 -> 506 (145)
74 -> 514 (152)
75 -> 98 (136)
75 -> 131 (8)
76 -> 231 (186)
77 -> 98 (160)
78 -> 98 (186)
79 -> 131 (128)
79 -> 231 (23)
80 -> 98 (195)
81 -> 367 (82)
81 -> 379 (71)
81 -> 482 (41)
82 -> 98 (140)
82 -> 240 (48)
83 -> 131 (185)
84 -> 276 (121)
84 -> 354 (54)
85 -> 131 (158)
85 -> 240 (11)
86 -> 276 (65)
86 -> 379 (98)
87 -> 98 (174)
88 -> 367 (152)
89 -> 131 (192)
90 -> 354 (187)
90 -> 379 (9)
91 -> 240 (130)
91 -> 379 (62)
92 -> 240 (104)
92 -> 276 (92)
93 -> 367 (150)
94 -> 231 (93)
94 -> 482 (77)
96 -> 17 (112)
96 -> 26 (18)
96 -> 39 (56)
96 -> 45 (169)
96 -> 61 (77)
96 -> 64 (157)
96 -> 193 (188)
96 -> 200 (175)
96 -> 240 (135)
96 -> 351 (88)
96 -> 364 (185)
96 -> 379 (189)
96 -> 445 (179)
96 -> 480 (136)
96 -> 544 (167)
96 -> 554 (160)
96 -> 558 (47)
96 -> 594 (2)
97 -> 41 (149)
97 -> 42 (140)
97 -> 98 (130)
97 -> 110 (195)
97 -> 194 (115)
97 -> 196 (94)
97 -> 208 (133)
97 -> 216 (119)
97 -> 297 (18)
99 -> 131 (130)
99 -> 231 (55)
100 -> 3 (180)
100 -> 17 (37)
100 -> 35 (154)
100 -> 48 (25)
100 -> 50 (131)
100 -> 54 (29)
100 -> 68 (155)
100 -> 78 (54)
100 -> 83 (82)
100 -> 99 (185)
100 -> 107 (195)
100 -> 108 (84)
100 -> 112 (30)
100 -> 114 (132)
100 -> 120 (168)
100 -> 122 (125)
100 -> 123 (4)
100 -> 124 (133)
100 -> 129 (2)
100 -> 131 (122)
100 -> 163 (140)
100 -> 173 (128)
100 -> 182 (199)
100 -> 206 (157)
100 -> 208 (43)
100 -> 209 (123)
100 -> 231 (170)
100 -> 301 (153)
100 -> 340 (196)
100 -> 357 (135)
100 -> 364 (15)
100 -> 367 (134)
100 -> 379 (67)
100 -> 428 (188)
100 -> 436 (128)
100 -> 521 (132)
100 -> 575 (155)
101 -> 98 (157)
101 -> 379 (29)
102 -> 98 (155)
102 -> 131 (31)
103 -> 131 (166)
103 -> 367 (22)
104 -> 131 (196)
105 -> 131 (173)
106 -> 276 (197)
107 -> 231 (116)
107 -> 354 (79)
108 -> 131 (67)
108 -> 482 (17)
109 -> 24 (194)
109 -> 31 (28)
109 -> 35 (43)
109 -> 44 (156)
109 -> 52 (170)
109 -> 71 (183)
109 -> 79 (151)
109 -> 85 (169)
109 -> 105 (19)
109 -> 122 (31)
109 -> 125 (33)
109 -> 127 (185)
109 -> 135 (100)
109 -> 137 (156)
109 -> 140 (133)
109 -> 141 (87)
109 -> 151 (158)
109 -> 160 (178)
109 -> 169 (183)
109 -> 172 (174)
109 -> 179 (164)
109 -> 185 (176)
109 -> 189 (134)
109 -> 192 (121)
109 -> 214 (178)
109 -> 216 (63)
109 -> 225 (151)
109 -> 236 (118)
109 -> 237 (178)
109 -> 241 (173)
109 -> 245 (132)
109 -> 246 (199)
109 -> 248 (116)
109 -> 267 (93)
109 -> 289 (198)
109 -> 309 (143)
109 -> 319 (140)
109 -> 338 (127)
109 -> 354 (135)
109 -> 367 (76)
109 -> 372 (159)
109 -> 387 (172)
109 -> 434 (139)
109 -> 456 (106)
109 -> 482 (64)
109 -> 507 (145)
109 -> 550 (166)
110 -> 367 (195)
111 -> 354 (125)
111 -> 379 (45)
112 -> 98 (193)
113 -> 98 (131)
114 -> 98 (123)
114 -> 231 (9)
115 -> 98 (187)
116 -> 98 (143)
117 -> 139 (13)
117 -> 379 (138)
118 -> 231 (155)
118 -> 379 (16)
119 -> 240 (146)
120 -> 354 (179)
121 -> 131 (149)
121 -> 379 (47)
122 -> 131 (156)
123 -> 98 (188)
124 -> 131 (118)
124 -> 231 (15)
125 -> 231 (171)
126 -> 276 (104)
126 -> 367 (13)
127 -> 379 (168)
127 -> 536 (17)
128 -> 240 (123)
128 -> 379 (57)
129 -> 354 (189)
130 -> 131 (190)
132 -> 98 (181)
132 -> 367 (18)
133 -> 131 (119)
134 -> 98 (126)
135 -> 131 (129)
136 -> 98 (190)
137 -> 231 (153)
137 -> 379 (3)
138 -> 231 (160)
139 -> 98 (13)
140 -> 98 (165)
141 -> 379 (87)
142 -> 131 (162)
144 -> 367 (112)
145 -> 231 (96)
145 -> 379 (63)
146 -> 98 (184)
147 -> 131 (185)
148 -> 276 (192)
149 -> 367 (183)
150 -> 231 (139)
150 -> 367 (28)
151 -> 276 (158)
152 -> 131 (162)
153 -> 36 (2)
153 -> 65 (130)
153 -> 77 (36)
153 -> 111 (170)
153 -> 131 (179)
153 -> 134 (106)
153 -> 148 (111)
153 -> 156 (126)
153 -> 186 (147)
153 -> 203 (133)
153 -> 276 (115)
153 -> 340 (176)
153 -> 341 (112)
153 -> 355 (44)
153 -> 530 (182)
154 -> 379 (177)
155 -> 131 (71)
156 -> 276 (192)
157 -> 354 (174)
158 -> 116 (18)
158 -> 276 (123)
159 -> 44 (7)
159 -> 52 (1)
159 -> 55 (123)
159 -> 67 (20)
159 -> 73 (200)
159 -> 87 (56)
159 -> 131 (184)
159 -> 132 (199)
159 -> 154 (177)
159 -> 231 (166)
159 -> 233 (143)
159 -> 340 (172)
159 -> 379 (87)
159 -> 461 (122)
159 -> 521 (11)
159 -> 539 (105)
159 -> 558 (39)
159 -> 571 (32)
159 -> 579 (45)
160 -> 98 (178)
161 -> 231 (193)
162 -> 276 (183)
163 -> 98 (164)
164 -> 276 (141)
165 -> 276 (129)
166 -> 231 (168)
167 -> 98 (137)
167 -> 276 (31)
168 -> 131 (117)
169 -> 131 (119)
169 -> 367 (64)
170 -> 98 (123)
170 -> 131 (29)
171 -> 276 (126)
172 -> 240 (183)
173 -> 98 (171)
174 -> 200 (8)
174 -> 240 (93)
174 -> 523 (40)
176 -> 276 (146)
177 -> 271 (192)
178 -> 98 (152)
179 -> 98 (111)
179 -> 367 (53)
180 -> 98 (122)
180 -> 276 (69)
181 -> 32 (3)
182 -> 367 (125)
182 -> 371 (74)
183 -> 131 (165)
184 -> 98 (157)
184 -> 276 (26)
185 -> 240 (172)
185 -> 276 (4)
186 -> 240 (114)
186 -> 367 (33)
188 -> 131 (158)
189 -> 231 (171)
190 -> 98 (181)
191 -> 171 (8)
191 -> 379 (145)
192 -> 367 (145)
193 -> 177 (4)
193 -> 231 (184)
194 -> 482 (115)
195 -> 98 (144)
195 -> 367 (13)
196 -> 231 (178)
197 -> 276 (164)
198 -> 276 (120)
199 -> 131 (177)
199 -> 367 (14)
200 -> 231 (183)
201 -> 367 (166)
202 -> 231 (110)
203 -> 98 (142)
204 -> 131 (190)
205 -> 98 (182)
206 -> 231 (111)
206 -> 379 (46)
207 -> 131 (91)
207 -> 276 (73)
208 -> 276 (176)
209 -> 354 (192)
210 -> 98 (174)
211 -> 41 (8)
211 -> 102 (186)
211 -> 283 (163)
211 -> 313 (116)
211 -> 354 (95)
211 -> 357 (63)
211 -> 367 (140)
211 -> 379 (76)
211 -> 424 (93)
211 -> 463 (151)
211 -> 482 (106)
211 -> 545 (47)
212 -> 367 (130)
213 -> 131 (183)
214 -> 231 (112)
214 -> 379 (66)
215 -> 13 (198)
215 -> 51 (107)
215 -> 60 (3)
215 -> 98 (101)
215 -> 131 (91)
215 -> 148 (81)
215 -> 152 (148)
215 -> 156 (66)
215 -> 167 (168)
215 -> 183 (156)
215 -> 191 (153)
215 -> 204 (153)
215 -> 207 (164)
215 -> 218 (108)
215 -> 253 (176)
215 -> 261 (183)
215 -> 265 (94)
215 -> 267 (107)
215 -> 280 (71)
215 -> 293 (43)
215 -> 295 (145)
215 -> 297 (112)
215 -> 311 (196)
215 -> 315 (200)
215 -> 327 (44)
215 -> 354 (142)
215 -> 360 (148)
215 -> 367 (91)
215 -> 379 (96)
215 -> 386 (122)
215 -> 462 (98)
215 -> 480 (63)
215 -> 489 (191)
215 -> 495 (150)
215 -> 554 (8)
215 -> 578 (184)
216 -> 240 (182)
217 -> 231 (147)
218 -> 231 (76)
218 -> 398 (25)
218 -> 556 (7)
219 -> 51 (63)
219 -> 56 (108)
219 -> 130 (180)
219 -> 131 (109)
219 -> 135 (29)
219 -> 140 (32)
219 -> 146 (133)
219 -> 164 (141)
219 -> 276 (153)
219 -> 340 (186)
219 -> 354 (191)
219 -> 379 (190)
219 -> 419 (157)
219 -> 449 (160)
219 -> 482 (161)
219 -> 522 (167)
220 -> 367 (176)
221 -> 276 (131)
222 -> 98 (135)
222 -> 131 (48)
223 -> 56 (57)
223 -> 118 (171)
223 -> 146 (51)
223 -> 178 (152)
223 -> 190 (181)
223 -> 212 (130)
223 -> 231 (153)
223 -> 240 (125)
223 -> 276 (180)
223 -> 283 (34)
223 -> 326 (102)
223 -> 379 (105)
223 -> 396 (46)
223 -> 551 (189)
224 -> 94 (170)
224 -> 98 (149)
224 -> 130 (10)
224 -> 152 (14)
224 -> 163 (24)
224 -> 168 (117)
224 -> 172 (9)
224 -> 180 (191)
224 -> 184 (183)
224 -> 201 (166)
224 -> 209 (69)
224 -> 228 (175)
224 -> 265 (13)
224 -> 292 (198)
224 -> 294 (119)
224 -> 335 (182)
224 -> 351 (108)
224 -> 366 (188)
224 -> 379 (87)
224 -> 418 (159)
224 -> 420 (178)
224 -> 427 (154)
224 -> 445 (15)
224 -> 482 (197)
225 -> 276 (195)
226 -> 231 (154)
227 -> 276 (192)
228 -> 98 (172)
228 -> 367 (3)
229 -> 98 (129)
229 -> 131 (77)
229 -> 145 (159)
229 -> 166 (27)
229 -> 183 (9)
229 -> 189 (37)
229 -> 192 (24)
229 -> 195 (157)
229 -> 222 (183)
229 -> 231 (150)
229 -> 239 (154)
229 -> 240 (179)
229 -> 250 (167)
229 -> 276 (109)
229 -> 299 (131)
229 -> 307 (170)
229 -> 330 (184)
229 -> 331 (164)
229 -> 332 (114)
229 -> 341 (73)
229 -> 347 (179)
229 -> 352 (154)
229 -> 382 (189)
229 -> 384 (19)
229 -> 429 (180)
229 -> 539 (88)
229 -> 544 (20)
229 -> 587 (89)
230 -> 98 (137)
232 -> 231 (104)
232 -> 444 (47)
233 -> 131 (157)
234 -> 98 (171)
235 -> 98 (171)
235 -> 231 (21)
236 -> 131 (195)
237 -> 240 (136)
237 -> 276 (42)
238 -> 231 (185)
239 -> 231 (154)
241 -> 231 (80)
241 -> 367 (80)
241 -> 379 (13)
242 -> 231 (139)
243 -> 242 (6)
243 -> 367 (162)
244 -> 379 (170)
245 -> 482 (161)
246 -> 231 (153)
246 -> 276 (46)
247 -> 413 (154)
248 -> 276 (177)
249 -> 98 (30)
250 -> 354 (165)
250 -> 379 (2)
251 -> 367 (102)
252 -> 231 (198)
253 -> 276 (176)
254 -> 482 (118)
255 -> 98 (136)
255 -> 177 (16)
256 -> 231 (151)
256 -> 276 (33)
257 -> 89 (29)
257 -> 98 (171)
257 -> 131 (68)
257 -> 170 (152)
257 -> 235 (192)
257 -> 240 (193)
257 -> 251 (102)
257 -> 276 (196)
257 -> 340 (196)
257 -> 367 (86)
257 -> 379 (53)
257 -> 415 (151)
257 -> 434 (38)
257 -> 459 (193)
257 -> 485 (157)
257 -> 579 (125)
258 -> 98 (106)
259 -> 98 (125)
259 -> 354 (63)
260 -> 61 (46)
260 -> 83 (103)
260 -> 131 (155)
260 -> 147 (185)
260 -> 196 (84)
260 -> 197 (164)
260 -> 198 (92)
260 -> 217 (107)
260 -> 225 (44)
260 -> 231 (149)
260 -> 240 (127)
260 -> 261 (15)
260 -> 263 (194)
260 -> 272 (90)
260 -> 290 (162)
260 -> 291 (132)
260 -> 294 (65)
260 -> 300 (191)
260 -> 308 (151)
260 -> 312 (185)
260 -> 323 (124)
260 -> 337 (167)
260 -> 343 (175)
260 -> 349 (179)
260 -> 352 (38)
260 -> 353 (161)
260 -> 358 (138)
260 -> 367 (65)
260 -> 379 (36)
260 -> 385 (123)
260 -> 391 (193)
260 -> 394 (194)
260 -> 401 (155)
260 -> 402 (157)
260 -> 426 (148)
260 -> 431 (189)
260 -> 439 (101)
260 -> 448 (146)
260 -> 463 (10)
260 -> 471 (176)
260 -> 477 (171)
260 -> 487 (184)
260 -> 518 (128)
260 -> 523 (159)
260 -> 524 (166)
260 -> 580 (46)
260 -> 587 (107)
261 -> 276 (198)
262 -> 98 (149)
262 -> 379 (49)
263 -> 379 (117)
263 -> 482 (77)
264 -> 98 (119)
264 -> 231 (56)
265 -> 98 (107)
266 -> 231 (155)
267 -> 240 (200)
268 -> 98 (97)
268 -> 131 (15)
268 -> 150 (167)
268 -> 217 (40)
268 -> 240 (154)
268 -> 256 (184)
268 -> 258 (106)
268 -> 264 (175)
268 -> 269 (118)
268 -> 273 (153)
268 -> 276 (124)
268 -> 314 (127)
268 -> 317 (151)
268 -> 334 (4)
268 -> 336 (174)
268 -> 340 (198)
268 -> 342 (145)
268 -> 344 (197)
268 -> 346 (183)
268 -> 356 (194)
268 -> 376 (173)
268 -> 378 (170)
268 -> 395 (143)
268 -> 400 (94)
268 -> 404 (167)
268 -> 406 (133)
268 -> 408 (172)
268 -> 419 (17)
268 -> 450 (194)
268 -> 453 (90)
268 -> 478 (97)
268 -> 485 (41)
268 -> 545 (45)
268 -> 564 (168)
269 -> 276 (186)
270 -> 379 (181)
271 -> 440 (7)
271 -> 482 (185)
272 -> 367 (151)
273 -> 131 (153)
274 -> 240 (155)
274 -> 379 (43)
275 -> 482 (183)
277 -> 238 (185)
278 -> 98 (198)
279 -> 98 (160)
279 -> 379 (22)
280 -> 98 (146)
281 -> 131 (137)
282 -> 88 (116)
282 -> 165 (129)
282 -> 231 (166)
282 -> 240 (99)
282 -> 242 (133)
282 -> 243 (168)
282 -> 245 (29)
282 -> 254 (118)
282 -> 274 (198)
282 -> 276 (95)
282 -> 279 (182)
282 -> 298 (155)
282 -> 301 (33)
282 -> 328 (181)
282 -> 354 (113)
282 -> 379 (92)
282 -> 389 (175)
282 -> 392 (185)
282 -> 395 (32)
282 -> 397 (149)
282 -> 411 (194)
282 -> 416 (196)
282 -> 438 (163)
282 -> 444 (138)
282 -> 447 (166)
282 -> 466 (193)
282 -> 467 (157)
282 -> 470 (9)
282 -> 479 (163)
282 -> 482 (35)
282 -> 489 (9)
282 -> 492 (172)
282 -> 497 (155)
282 -> 504 (119)
282 -> 514 (28)
282 -> 570 (156)
282 -> 578 (7)
283 -> 231 (197)
284 -> 98 (167)
284 -> 131 (39)
284 -> 171 (118)
284 -> 213 (13)
284 -> 231 (34)
284 -> 240 (125)
284 -> 270 (173)
284 -> 276 (70)
284 -> 281 (137)
284 -> 325 (15)
284 -> 326 (98)
284 -> 331 (25)
284 -> 340 (178)
284 -> 354 (172)
284 -> 367 (59)
284 -> 379 (100)
284 -> 398 (171)
284 -> 399 (129)
284 -> 407 (195)
284 -> 426 (45)
284 -> 443 (188)
284 -> 473 (126)
284 -> 482 (95)
284 -> 491 (138)
284 -> 493 (195)
284 -> 494 (161)
284 -> 500 (154)
284 -> 502 (173)
284 -> 508 (172)
284 -> 509 (191)
284 -> 515 (150)
284 -> 521 (13)
284 -> 531 (145)
284 -> 532 (177)
284 -> 567 (124)
284 -> 574 (161)
284 -> 576 (145)
284 -> 579 (25)
284 -> 582 (191)
285 -> 29 (11)
285 -> 231 (46)
285 -> 340 (193)
285 -> 367 (151)
285 -> 379 (138)
285 -> 535 (87)
288 -> 131 (109)
289 -> 131 (150)
289 -> 231 (48)
290 -> 98 (144)
290 -> 131 (18)
291 -> 276 (90)
291 -> 379 (42)
292 -> 98 (113)
292 -> 131 (85)
293 -> 173 (43)
294 -> 98 (184)
295 -> 131 (138)
295 -> 379 (7)
297 -> 231 (130)
298 -> 379 (155)
299 -> 98 (131)
300 -> 98 (182)
300 -> 249 (9)
301 -> 276 (186)
303 -> 50 (44)
303 -> 98 (172)
303 -> 131 (160)
303 -> 272 (61)
303 -> 276 (172)
303 -> 314 (47)
303 -> 317 (38)
303 -> 348 (179)
303 -> 360 (47)
303 -> 379 (109)
303 -> 381 (151)
303 -> 390 (152)
303 -> 410 (158)
303 -> 414 (189)
303 -> 430 (1)
303 -> 472 (184)
303 -> 481 (185)
303 -> 515 (48)
303 -> 520 (155)
303 -> 529 (190)
303 -> 535 (86)
303 -> 537 (199)
303 -> 552 (168)
303 -> 558 (107)
303 -> 567 (50)
304 -> 231 (148)
305 -> 482 (102)
305 -> 486 (65)
306 -> 98 (148)
307 -> 367 (170)
308 -> 98 (139)
308 -> 276 (12)
309 -> 131 (96)
309 -> 276 (47)
310 -> 42 (5)
310 -> 69 (155)
310 -> 98 (168)
310 -> 131 (194)
310 -> 134 (20)
310 -> 155 (14)
310 -> 205 (182)
310 -> 230 (137)
310 -> 231 (108)
310 -> 270 (8)
310 -> 276 (61)
310 -> 305 (167)
310 -> 354 (188)
310 -> 361 (142)
310 -> 370 (180)
310 -> 379 (91)
310 -> 381 (5)
310 -> 405 (178)
310 -> 437 (149)
310 -> 454 (166)
310 -> 473 (73)
310 -> 482 (197)
310 -> 505 (147)
310 -> 518 (49)
310 -> 531 (25)
310 -> 543 (107)
310 -> 561 (181)
310 -> 562 (169)
311 -> 98 (178)
311 -> 231 (18)
312 -> 482 (185)
313 -> 547 (194)
314 -> 131 (174)
315 -> 98 (167)
315 -> 231 (33)
317 -> 98 (189)
318 -> 131 (170)
319 -> 240 (140)
320 -> 14 (8)
320 -> 93 (125)
320 -> 98 (133)
320 -> 136 (6)
320 -> 231 (160)
320 -> 244 (170)
320 -> 276 (111)
320 -> 333 (162)
320 -> 339 (200)
320 -> 362 (165)
320 -> 379 (146)
320 -> 499 (150)
320 -> 516 (174)
320 -> 549 (157)
320 -> 563 (185)
320 -> 572 (147)
320 -> 595 (162)
320 -> 597 (189)
321 -> 98 (197)
322 -> 98 (109)
322 -> 131 (190)
322 -> 354 (171)
322 -> 367 (180)
322 -> 379 (191)
322 -> 462 (61)
322 -> 482 (72)
323 -> 231 (150)
325 -> 131 (146)
326 -> 231 (200)
327 -> 482 (195)
328 -> 231 (181)
329 -> 231 (144)
330 -> 379 (184)
331 -> 231 (189)
332 -> 98 (101)
332 -> 379 (13)
333 -> 379 (110)
333 -> 482 (52)
334 -> 340 (199)
335 -> 240 (181)
335 -> 588 (1)
336 -> 231 (161)
336 -> 354 (196)
336 -> 379 (134)
336 -> 482 (87)
337 -> 98 (164)
337 -> 379 (3)
338 -> 276 (181)
339 -> 98 (187)
339 -> 231 (13)
340 -> 131 (3)
341 -> 276 (185)
342 -> 367 (145)
343 -> 276 (126)
343 -> 367 (49)
344 -> 276 (162)
344 -> 379 (35)
345 -> 367 (123)
346 -> 98 (177)
346 -> 276 (6)
347 -> 231 (106)
347 -> 379 (73)
348 -> 231 (179)
349 -> 98 (171)
349 -> 131 (8)
351 -> 276 (196)
352 -> 21 (192)
353 -> 131 (161)
355 -> 367 (196)
356 -> 98 (177)
356 -> 249 (17)
357 -> 482 (198)
358 -> 231 (66)
358 -> 367 (72)
360 -> 276 (195)
361 -> 98 (142)
362 -> 131 (165)
363 -> 98 (119)
363 -> 231 (55)
363 -> 269 (68)
363 -> 354 (122)
363 -> 367 (181)
363 -> 464 (117)
363 -> 465 (136)
363 -> 478 (73)
363 -> 496 (166)
363 -> 498 (198)
363 -> 513 (173)
363 -> 546 (153)
363 -> 557 (117)
363 -> 560 (200)
363 -> 592 (189)
364 -> 131 (200)
365 -> 8 (3)
365 -> 88 (36)
365 -> 98 (183)
365 -> 199 (191)
365 -> 240 (139)
365 -> 248 (61)
365 -> 278 (176)
365 -> 367 (95)
365 -> 379 (142)
365 -> 437 (18)
365 -> 458 (162)
365 -> 482 (35)
365 -> 488 (191)
365 -> 499 (25)
365 -> 540 (185)
365 -> 596 (145)
366 -> 276 (178)
366 -> 482 (10)
368 -> 240 (24)
370 -> 240 (123)
370 -> 276 (57)
371 -> 131 (74)
372 -> 482 (159)
374 -> 98 (187)
374 -> 233 (14)
374 -> 236 (77)
374 -> 252 (70)
374 -> 266 (155)
374 -> 276 (107)
374 -> 318 (146)
374 -> 367 (176)
374 -> 379 (185)
374 -> 421 (103)
374 -> 435 (182)
374 -> 468 (182)
374 -> 482 (40)
374 -> 519 (171)
374 -> 527 (193)
374 -> 529 (4)
374 -> 550 (30)
374 -> 568 (181)
375 -> 231 (8)
375 -> 240 (144)
375 -> 262 (198)
375 -> 277 (160)
375 -> 340 (137)
375 -> 367 (46)
375 -> 379 (38)
375 -> 528 (139)
375 -> 593 (112)
375 -> 599 (122)
376 -> 231 (102)
376 -> 379 (71)
377 -> 98 (94)
377 -> 226 (154)
377 -> 318 (24)
377 -> 321 (197)
377 -> 340 (119)
377 -> 379 (41)
377 -> 383 (170)
377 -> 451 (177)
377 -> 482 (187)
377 -> 565 (158)
378 -> 231 (130)
378 -> 367 (40)
380 -> 98 (63)
380 -> 202 (110)
380 -> 276 (149)
380 -> 340 (100)
380 -> 379 (56)
380 -> 475 (186)
380 -> 482 (197)
380 -> 534 (28)
380 -> 542 (191)
380 -> 577 (192)
381 -> 98 (156)
382 -> 98 (184)
382 -> 240 (5)
383 -> 276 (170)
384 -> 367 (131)
385 -> 98 (87)
385 -> 131 (36)
386 -> 354 (122)
387 -> 131 (172)
389 -> 231 (122)
389 -> 482 (53)
390 -> 98 (152)
391 -> 276 (98)
391 -> 379 (95)
392 -> 131 (165)
392 -> 379 (20)
393 -> 367 (150)
394 -> 131 (179)
394 -> 379 (15)
395 -> 379 (175)
396 -> 379 (191)
397 -> 231 (149)
398 -> 354 (196)
399 -> 231 (112)
399 -> 482 (17)
400 -> 276 (196)
400 -> 379 (182)
401 -> 98 (91)
401 -> 231 (64)
402 -> 131 (127)
402 -> 379 (30)
404 -> 367 (123)
404 -> 379 (44)
405 -> 131 (91)
405 -> 379 (87)
406 -> 131 (133)
407 -> 276 (183)
407 -> 379 (12)
408 -> 131 (128)
408 -> 367 (44)
410 -> 131 (158)
411 -> 98 (182)
411 -> 379 (12)
412 -> 119 (5)
412 -> 131 (57)
412 -> 142 (32)
412 -> 157 (36)
412 -> 204 (37)
412 -> 231 (104)
412 -> 345 (123)
412 -> 424 (88)
412 -> 429 (10)
412 -> 482 (68)
412 -> 573 (155)
413 -> 482 (154)
414 -> 98 (153)
414 -> 131 (36)
415 -> 93 (25)
415 -> 231 (126)
416 -> 131 (112)
416 -> 379 (84)
418 -> 98 (163)
419 -> 131 (174)
420 -> 276 (178)
421 -> 276 (103)
422 -> 98 (60)
422 -> 131 (10)
422 -> 149 (13)
422 -> 231 (38)
422 -> 275 (183)
422 -> 323 (26)
422 -> 340 (126)
422 -> 367 (133)
422 -> 482 (199)
422 -> 585 (191)
422 -> 593 (49)
423 -> 65 (39)
423 -> 98 (156)
423 -> 231 (170)
423 -> 340 (144)
423 -> 379 (162)
424 -> 98 (181)
425 -> 98 (159)
425 -> 231 (80)
425 -> 259 (188)
425 -> 276 (120)
425 -> 340 (101)
425 -> 379 (75)
425 -> 393 (150)
425 -> 482 (195)
426 -> 276 (193)
427 -> 131 (120)
427 -> 573 (34)
428 -> 231 (188)
429 -> 379 (190)
430 -> 131 (164)
431 -> 276 (171)
431 -> 379 (18)
434 -> 131 (177)
435 -> 98 (182)
436 -> 276 (128)
437 -> 367 (167)
438 -> 231 (137)
438 -> 482 (26)
439 -> 482 (101)
440 -> 98 (7)
443 -> 525 (188)
444 -> 240 (185)
445 -> 131 (194)
447 -> 98 (123)
447 -> 131 (43)
448 -> 131 (146)
449 -> 98 (177)
450 -> 276 (194)
451 -> 98 (177)
453 -> 98 (90)
454 -> 276 (166)
456 -> 482 (184)
457 -> 98 (90)
457 -> 131 (34)
457 -> 203 (9)
457 -> 231 (104)
457 -> 329 (130)
457 -> 379 (198)
457 -> 482 (153)
457 -> 556 (182)
457 -> 586 (181)
458 -> 98 (154)
458 -> 474 (8)
459 -> 276 (193)
461 -> 231 (122)
462 -> 231 (159)
463 -> 379 (161)
464 -> 98 (117)
465 -> 367 (136)
466 -> 131 (165)
466 -> 379 (28)
467 -> 131 (157)
468 -> 98 (168)
468 -> 367 (14)
469 -> 98 (184)
470 -> 379 (179)
471 -> 220 (176)
472 -> 98 (184)
473 -> 131 (199)
474 -> 131 (8)
475 -> 98 (186)
477 -> 231 (171)
478 -> 367 (170)
479 -> 379 (163)
480 -> 231 (199)
481 -> 98 (109)
481 -> 131 (76)
483 -> 231 (141)
483 -> 500 (17)
484 -> 131 (152)
485 -> 231 (198)
486 -> 98 (65)
487 -> 98 (172)
487 -> 240 (12)
488 -> 98 (186)
488 -> 379 (5)
489 -> 98 (200)
491 -> 131 (75)
491 -> 231 (63)
492 -> 249 (4)
492 -> 276 (168)
493 -> 98 (107)
493 -> 379 (88)
494 -> 131 (156)
494 -> 367 (5)
495 -> 131 (150)
496 -> 98 (156)
496 -> 131 (10)
497 -> 98 (88)
497 -> 131 (67)
498 -> 98 (191)
498 -> 131 (7)
499 -> 276 (175)
500 -> 379 (171)
502 -> 98 (137)
502 -> 131 (36)
503 -> 98 (9)
503 -> 113 (131)
503 -> 221 (131)
503 -> 231 (67)
503 -> 367 (188)
503 -> 379 (195)
503 -> 482 (184)
504 -> 379 (119)
505 -> 276 (117)
505 -> 482 (30)
506 -> 98 (145)
507 -> 231 (145)
508 -> 231 (172)
509 -> 98 (191)
510 -> 68 (26)
510 -> 120 (11)
510 -> 161 (19)
510 -> 354 (121)
510 -> 379 (13)
510 -> 482 (52)
510 -> 483 (158)
513 -> 131 (114)
513 -> 482 (59)
514 -> 131 (180)
515 -> 276 (198)
516 -> 240 (123)
516 -> 276 (51)
518 -> 231 (177)
519 -> 131 (121)
519 -> 231 (50)
520 -> 98 (124)
520 -> 276 (31)
521 -> 231 (156)
522 -> 131 (167)
523 -> 231 (199)
524 -> 379 (166)
525 -> 98 (135)
525 -> 131 (53)
527 -> 98 (193)
528 -> 98 (139)
529 -> 98 (194)
530 -> 131 (182)
531 -> 276 (170)
532 -> 367 (147)
532 -> 379 (30)
534 -> 198 (28)
535 -> 98 (173)
536 -> 379 (17)
537 -> 240 (104)
537 -> 276 (95)
538 -> 276 (167)
539 -> 367 (193)
540 -> 379 (136)
540 -> 482 (49)
541 -> 98 (49)
541 -> 131 (197)
541 -> 234 (171)
541 -> 276 (176)
541 -> 367 (83)
541 -> 379 (157)
541 -> 482 (88)
542 -> 131 (132)
542 -> 379 (59)
543 -> 482 (107)
544 -> 367 (187)
545 -> 367 (157)
546 -> 367 (79)
546 -> 482 (74)
547 -> 131 (177)
547 -> 231 (17)
548 -> 98 (109)
549 -> 98 (77)
549 -> 379 (80)
550 -> 379 (196)
551 -> 98 (165)
551 -> 368 (24)
552 -> 379 (158)
552 -> 556 (10)
554 -> 231 (168)
556 -> 367 (199)
557 -> 367 (117)
558 -> 482 (193)
559 -> 98 (169)
559 -> 231 (49)
559 -> 276 (133)
559 -> 340 (197)
559 -> 449 (17)
560 -> 98 (152)
560 -> 482 (48)
561 -> 131 (154)
561 -> 482 (27)
562 -> 98 (123)
562 -> 131 (46)
563 -> 276 (170)
563 -> 354 (15)
564 -> 379 (168)
565 -> 131 (128)
565 -> 367 (30)
566 -> 104 (42)
566 -> 418 (4)
567 -> 131 (174)
568 -> 131 (165)
568 -> 231 (16)
569 -> 131 (41)
569 -> 231 (75)
569 -> 276 (70)
569 -> 354 (118)
569 -> 367 (144)
569 -> 379 (32)
570 -> 98 (156)
571 -> 131 (179)
572 -> 231 (144)
572 -> 379 (3)
573 -> 231 (189)
574 -> 131 (122)
574 -> 231 (39)
575 -> 231 (155)
576 -> 379 (145)
577 -> 131 (125)
577 -> 276 (67)
578 -> 231 (191)
579 -> 231 (195)
580 -> 131 (187)
582 -> 131 (152)
582 -> 482 (39)
583 -> 240 (115)
583 -> 277 (25)
583 -> 367 (152)
583 -> 379 (9)
583 -> 482 (59)
585 -> 98 (138)
585 -> 367 (53)
586 -> 231 (181)
587 -> 131 (196)
588 -> 231 (23)
590 -> 98 (85)
590 -> 210 (11)
590 -> 247 (154)
590 -> 278 (22)
590 -> 329 (14)
590 -> 354 (133)
590 -> 367 (100)
590 -> 379 (116)
590 -> 482 (86)
591 -> 144 (112)
591 -> 240 (173)
591 -> 340 (157)
591 -> 354 (99)
591 -> 367 (101)
591 -> 379 (40)
591 -> 482 (200)
592 -> 379 (189)
593 -> 131 (161)
594 -> 98 (183)
595 -> 98 (134)
595 -> 379 (28)
596 -> 98 (132)
596 -> 231 (13)
597 -> 131 (131)
597 -> 276 (58)
598 -> 131 (182)
598 -> 174 (141)
598 -> 177 (172)
598 -> 231 (93)
598 -> 367 (104)
599 -> 98 (105)
599 -> 276 (17)
Fluxo: 107940
Arestas removidas: 101886

--Rotas do 2º turno-----------------------------
0 -> 240 (146)
1 -> 288 (27)
1 -> 506 (55)
3 -> 231 (154)
4 -> 276 (133)
5 -> 276 (103)
6 -> 231 (186)
7 -> 98 (148)
8 -> 367 (166)
9 -> 98 (163)
10 -> 231 (129)
10 -> 482 (32)
13 -> 98 (180)
14 -> 418 (92)
17 -> 231 (112)
19 -> 131 (101)
19 -> 276 (74)
20 -> 482 (121)
21 -> 131 (60)
22 -> 98 (125)
23 -> 240 (157)
24 -> 379 (194)
26 -> 367 (156)
28 -> 131 (194)
29 -> 231 (189)
30 -> 98 (172)
31 -> 240 (166)
32 -> 379 (190)
33 -> 98 (181)
33 -> 379 (88)
35 -> 131 (154)
36 -> 482 (196)
38 -> 0 (146)
38 -> 7 (148)
38 -> 10 (161)
38 -> 82 (140)
38 -> 86 (89)
38 -> 98 (133)
38 -> 131 (129)
38 -> 240 (150)
38 -> 276 (124)
38 -> 354 (167)
38 -> 379 (154)
39 -> 276 (133)
42 -> 98 (145)
44 -> 98 (156)
45 -> 231 (126)
47 -> 98 (123)
48 -> 231 (141)
49 -> 4 (133)
49 -> 6 (186)
49 -> 20 (121)
49 -> 22 (125)
49 -> 28 (194)
49 -> 29 (189)
49 -> 30 (172)
49 -> 31 (166)
49 -> 32 (190)
49 -> 90 (196)
49 -> 98 (137)
49 -> 115 (94)
49 -> 276 (109)
50 -> 231 (175)
51 -> 98 (170)
52 -> 131 (170)
53 -> 276 (147)
54 -> 131 (138)
55 -> 98 (116)
56 -> 131 (108)
57 -> 231 (163)
60 -> 98 (169)
65 -> 276 (169)
67 -> 98 (167)
68 -> 131 (181)
69 -> 231 (155)
71 -> 240 (163)
71 -> 367 (20)
73 -> 98 (198)
74 -> 9 (163)
74 -> 19 (175)
74 -> 23 (157)
74 -> 36 (196)
74 -> 39 (133)
74 -> 47 (123)
74 -> 53 (147)
74 -> 57 (163)
74 -> 78 (132)
74 -> 80 (116)
74 -> 81 (194)
74 -> 98 (190)
74 -> 103 (82)
77 -> 98 (121)
78 -> 98 (132)
79 -> 131 (128)
80 -> 98 (116)
81 -> 367 (82)
81 -> 379 (71)
81 -> 482 (41)
82 -> 98 (140)
85 -> 131 (158)
86 -> 379 (89)
87 -> 98 (96)
88 -> 367 (148)
89 -> 131 (192)
90 -> 379 (196)
93 -> 367 (125)
94 -> 482 (139)
96 -> 17 (112)
96 -> 26 (156)
96 -> 45 (126)
96 -> 240 (135)
96 -> 379 (189)
97 -> 42 (27)
97 -> 98 (130)
97 -> 352 (15)
99 -> 131 (130)
100 -> 3 (154)
100 -> 35 (154)
100 -> 48 (141)
100 -> 50 (131)
100 -> 54 (138)
100 -> 68 (155)
100 -> 99 (130)
100 -> 107 (116)
100 -> 112 (138)
100 -> 114 (123)
100 -> 122 (125)
100 -> 123 (94)
100 -> 124 (133)
100 -> 129 (179)
100 -> 131 (122)
100 -> 163 (140)
100 -> 173 (128)
100 -> 182 (165)
100 -> 206 (157)
100 -> 208 (188)
100 -> 209 (123)
100 -> 231 (170)
100 -> 301 (153)
100 -> 357 (135)
100 -> 364 (139)
100 -> 367 (134)
100 -> 428 (188)
100 -> 436 (128)
100 -> 521 (132)
100 -> 575 (179)
101 -> 98 (104)
102 -> 98 (155)
103 -> 131 (82)
105 -> 131 (168)
107 -> 231 (116)
109 -> 24 (194)
109 -> 44 (156)
109 -> 52 (170)
109 -> 71 (183)
109 -> 79 (128)
109 -> 85 (158)
109 -> 105 (168)
109 -> 125 (152)
109 -> 127 (185)
109 -> 135 (100)
109 -> 137 (156)
109 -> 140 (133)
109 -> 151 (158)
109 -> 160 (178)
109 -> 169 (183)
109 -> 172 (174)
109 -> 179 (164)
109 -> 185 (172)
109 -> 189 (134)
109 -> 192 (121)
109 -> 214 (178)
109 -> 241 (132)
109 -> 246 (123)
109 -> 354 (135)
110 -> 367 (195)
111 -> 379 (151)
112 -> 98 (138)
113 -> 98 (131)
114 -> 98 (123)
115 -> 98 (94)
118 -> 231 (155)
118 -> 379 (16)
119 -> 240 (139)
120 -> 354 (123)
122 -> 131 (125)
123 -> 98 (94)
124 -> 131 (118)
124 -> 401 (15)
125 -> 231 (152)
126 -> 367 (100)
127 -> 379 (168)
127 -> 536 (17)
129 -> 354 (179)
130 -> 131 (190)
132 -> 98 (181)
133 -> 131 (119)
133 -> 506 (47)
134 -> 98 (126)
135 -> 131 (124)
136 -> 98 (170)
137 -> 231 (153)
137 -> 379 (3)
138 -> 359 (111)
139 -> 98 (104)
140 -> 98 (133)
142 -> 131 (160)
143 -> 251 (102)
144 -> 367 (112)
145 -> 231 (96)
145 -> 379 (63)
146 -> 98 (159)
147 -> 131 (185)
148 -> 276 (192)
149 -> 367 (183)
150 -> 231 (139)
150 -> 367 (28)
151 -> 276 (158)
152 -> 131 (148)
153 -> 65 (130)
153 -> 77 (121)
153 -> 109 (148)
153 -> 111 (151)
153 -> 131 (179)
153 -> 134 (106)
153 -> 148 (111)
153 -> 156 (126)
153 -> 175 (131)
153 -> 186 (147)
153 -> 203 (133)
153 -> 229 (57)
153 -> 257 (190)
153 -> 276 (115)
153 -> 284 (148)
153 -> 322 (180)
153 -> 341 (112)
153 -> 355 (109)
153 -> 425 (46)
153 -> 530 (182)
154 -> 379 (177)
155 -> 131 (71)
156 -> 276 (126)
157 -> 8 (45)
157 -> 357 (51)
157 -> 506 (13)
159 -> 55 (116)
159 -> 67 (167)
159 -> 73 (198)
159 -> 87 (96)
159 -> 131 (184)
159 -> 132 (181)
159 -> 154 (177)
159 -> 231 (166)
159 -> 233 (143)
159 -> 379 (87)
159 -> 539 (105)
159 -> 571 (158)
160 -> 98 (178)
161 -> 460 (153)
163 -> 98 (164)
164 -> 276 (141)
165 -> 276 (129)
166 -> 231 (168)
167 -> 98 (137)
168 -> 131 (153)
169 -> 131 (119)
169 -> 367 (64)
171 -> 276 (8)
172 -> 240 (174)
173 -> 98 (128)
174 -> 177 (20)
174 -> 455 (105)
175 -> 74 (131)
177 -> 271 (192)
178 -> 98 (152)
179 -> 98 (111)
179 -> 367 (53)
180 -> 98 (122)
180 -> 126 (69)
182 -> 367 (125)
182 -> 371 (40)
183 -> 131 (156)
184 -> 98 (157)
184 -> 250 (16)
185 -> 240 (172)
186 -> 240 (114)
186 -> 367 (33)
188 -> 131 (158)
189 -> 231 (134)
190 -> 98 (181)
191 -> 171 (8)
191 -> 379 (145)
192 -> 367 (121)
193 -> 564 (49)
194 -> 482 (115)
195 -> 98 (144)
195 -> 367 (13)
197 -> 276 (164)
198 -> 276 (108)
199 -> 131 (177)
201 -> 367 (166)
202 -> 495 (136)
203 -> 98 (142)
204 -> 131 (190)
205 -> 98 (182)
206 -> 231 (111)
206 -> 379 (46)
207 -> 131 (91)
208 -> 276 (176)
208 -> 357 (12)
209 -> 354 (180)
210 -> 98 (174)
211 -> 102 (155)
211 -> 283 (163)
211 -> 367 (140)
211 -> 379 (76)
211 -> 482 (106)
212 -> 367 (130)
213 -> 131 (183)
214 -> 379 (178)
215 -> 13 (180)
215 -> 51 (107)
215 -> 60 (169)
215 -> 98 (101)
215 -> 131 (91)
215 -> 148 (81)
215 -> 152 (148)
215 -> 167 (137)
215 -> 183 (156)
215 -> 191 (153)
215 -> 204 (153)
215 -> 207 (91)
215 -> 218 (31)
215 -> 253 (176)
215 -> 261 (183)
215 -> 265 (94)
215 -> 267 (195)
215 -> 280 (143)
215 -> 295 (145)
215 -> 297 (130)
215 -> 311 (196)
215 -> 315 (200)
215 -> 327 (147)
215 -> 354 (142)
215 -> 360 (148)
215 -> 367 (91)
215 -> 379 (96)
215 -> 462 (98)
215 -> 480 (105)
215 -> 489 (191)
216 -> 463 (42)
216 -> 545 (108)
218 -> 398 (24)
218 -> 556 (7)
219 -> 51 (63)
219 -> 56 (108)
219 -> 130 (107)
219 -> 131 (109)
219 -> 135 (24)
219 -> 276 (153)
219 -> 354 (191)
219 -> 379 (190)
219 -> 482 (161)
221 -> 193 (49)
221 -> 276 (131)
222 -> 98 (135)
222 -> 385 (48)
223 -> 97 (172)
223 -> 118 (171)
223 -> 146 (159)
223 -> 178 (152)
223 -> 190 (181)
223 -> 212 (130)
223 -> 231 (153)
223 -> 240 (125)
223 -> 276 (180)
223 -> 396 (185)
223 -> 551 (165)
224 -> 94 (139)
224 -> 98 (149)
224 -> 130 (83)
224 -> 168 (117)
224 -> 180 (191)
224 -> 184 (173)
224 -> 201 (166)
224 -> 209 (57)
224 -> 228 (175)
224 -> 292 (198)
224 -> 294 (119)
224 -> 351 (183)
224 -> 366 (188)
224 -> 379 (87)
224 -> 427 (120)
224 -> 482 (197)
225 -> 276 (139)
226 -> 231 (154)
226 -> 350 (27)
228 -> 98 (172)
228 -> 139 (3)
229 -> 98 (129)
229 -> 145 (159)
229 -> 166 (168)
229 -> 195 (157)
229 -> 222 (183)
229 -> 231 (150)
229 -> 239 (154)
229 -> 240 (179)
229 -> 250 (167)
229 -> 276 (109)
229 -> 299 (131)
229 -> 304 (116)
229 -> 307 (170)
229 -> 330 (184)
229 -> 331 (164)
229 -> 332 (114)
229 -> 347 (179)
229 -> 373 (176)
229 -> 382 (184)
229 -> 544 (114)
229 -> 587 (89)
230 -> 98 (137)
231 -> 131 (157)
233 -> 131 (157)
234 -> 98 (171)
235 -> 98 (171)
236 -> 131 (168)
239 -> 231 (154)
240 -> 98 (7)
241 -> 367 (80)
241 -> 379 (52)
242 -> 231 (138)
243 -> 242 (5)
243 -> 367 (162)
244 -> 379 (170)
245 -> 482 (161)
246 -> 101 (104)
246 -> 139 (19)
247 -> 188 (39)
247 -> 413 (136)
248 -> 276 (158)
249 -> 98 (194)
250 -> 379 (183)
251 -> 367 (102)
252 -> 110 (75)
252 -> 194 (42)
253 -> 276 (176)
254 -> 482 (118)
255 -> 98 (136)
256 -> 231 (151)
256 -> 432 (33)
257 -> 89 (192)
257 -> 98 (171)
257 -> 235 (171)
257 -> 240 (193)
257 -> 276 (196)
257 -> 434 (175)
257 -> 459 (172)
258 -> 98 (106)
258 -> 567 (28)
259 -> 98 (125)
260 -> 131 (155)
260 -> 147 (185)
260 -> 197 (164)
260 -> 225 (139)
260 -> 231 (149)
260 -> 240 (127)
260 -> 263 (194)
260 -> 290 (162)
260 -> 291 (132)
260 -> 300 (182)
260 -> 308 (151)
260 -> 312 (185)
260 -> 323 (124)
260 -> 337 (167)
260 -> 343 (175)
260 -> 349 (179)
260 -> 353 (161)
260 -> 358 (138)
260 -> 391 (193)
260 -> 394 (122)
260 -> 402 (154)
260 -> 487 (172)
261 -> 276 (183)
262 -> 98 (149)
262 -> 379 (49)
263 -> 379 (117)
263 -> 482 (77)
264 -> 98 (119)
264 -> 139 (36)
265 -> 98 (94)
266 -> 231 (155)
267 -> 240 (195)
268 -> 150 (167)
268 -> 240 (154)
268 -> 256 (184)
268 -> 264 (155)
268 -> 269 (118)
268 -> 273 (153)
268 -> 276 (124)
268 -> 314 (127)
268 -> 317 (151)
268 -> 336 (174)
268 -> 342 (145)
268 -> 344 (197)
268 -> 346 (177)
268 -> 356 (177)
268 -> 376 (173)
268 -> 378 (169)
268 -> 400 (144)
268 -> 404 (167)
269 -> 276 (186)
270 -> 379 (181)
271 -> 440 (7)
271 -> 482 (185)
272 -> 367 (135)
273 -> 131 (188)
274 -> 379 (177)
274 -> 497 (21)
275 -> 482 (183)
277 -> 133 (166)
278 -> 98 (198)
279 -> 98 (160)
279 -> 379 (22)
280 -> 98 (143)
281 -> 131 (137)
282 -> 165 (129)
282 -> 231 (166)
282 -> 242 (133)
282 -> 243 (167)
282 -> 245 (142)
282 -> 254 (118)
282 -> 274 (198)
282 -> 279 (182)
282 -> 298 (155)
282 -> 328 (183)
282 -> 389 (175)
282 -> 392 (185)
282 -> 395 (128)
282 -> 397 (149)
282 -> 411 (194)
282 -> 416 (196)
282 -> 438 (163)
282 -> 447 (166)
282 -> 466 (193)
282 -> 467 (157)
282 -> 470 (179)
282 -> 479 (163)
282 -> 492 (95)
282 -> 514 (171)
282 -> 570 (185)
283 -> 231 (163)
284 -> 33 (145)
284 -> 98 (167)
284 -> 213 (181)
284 -> 270 (173)
284 -> 281 (137)
284 -> 325 (131)
284 -> 326 (145)
284 -> 354 (172)
284 -> 399 (129)
284 -> 407 (195)
284 -> 426 (161)
284 -> 443 (105)
284 -> 450 (194)
284 -> 491 (138)
284 -> 493 (195)
284 -> 494 (161)
284 -> 500 (154)
284 -> 502 (173)
284 -> 508 (172)
284 -> 509 (191)
284 -> 532 (177)
284 -> 576 (145)
284 -> 582 (191)
285 -> 367 (151)
285 -> 379 (138)
285 -> 485 (158)
285 -> 521 (24)
288 -> 131 (27)
290 -> 98 (144)
290 -> 168 (18)
291 -> 276 (90)
291 -> 379 (42)
292 -> 98 (113)
292 -> 131 (85)
294 -> 98 (119)
295 -> 131 (138)
295 -> 379 (7)
297 -> 231 (130)
298 -> 379 (171)
299 -> 98 (131)
300 -> 98 (182)
301 -> 276 (153)
302 -> 98 (150)
303 -> 5 (103)
303 -> 50 (44)
303 -> 98 (172)
303 -> 131 (160)
303 -> 272 (135)
303 -> 276 (172)
303 -> 314 (47)
303 -> 317 (38)
303 -> 348 (179)
303 -> 360 (47)
303 -> 379 (109)
303 -> 381 (151)
303 -> 390 (152)
303 -> 410 (158)
303 -> 414 (189)
303 -> 419 (88)
303 -> 430 (177)
303 -> 472 (184)
303 -> 481 (185)
303 -> 515 (172)
303 -> 520 (155)
303 -> 529 (190)
303 -> 535 (168)
303 -> 537 (199)
303 -> 539 (88)
303 -> 552 (168)
303 -> 554 (149)
303 -> 558 (199)
303 -> 567 (146)
304 -> 231 (116)
305 -> 482 (102)
305 -> 486 (65)
306 -> 98 (148)
306 -> 351 (12)
307 -> 367 (170)
308 -> 98 (139)
308 -> 497 (12)
310 -> 42 (118)
310 -> 69 (155)
310 -> 98 (168)
310 -> 131 (194)
310 -> 134 (20)
310 -> 205 (182)
310 -> 230 (137)
310 -> 231 (108)
310 -> 268 (156)
310 -> 270 (8)
310 -> 305 (167)
310 -> 324 (182)
310 -> 354 (188)
310 -> 361 (156)
310 -> 370 (180)
310 -> 379 (91)
310 -> 381 (5)
310 -> 405 (178)
310 -> 437 (149)
310 -> 454 (166)
310 -> 473 (155)
310 -> 482 (197)
310 -> 505 (147)
310 -> 518 (140)
310 -> 531 (131)
310 -> 543 (123)
310 -> 561 (181)
310 -> 562 (169)
310 -> 566 (46)
311 -> 98 (178)
311 -> 464 (8)
311 -> 536 (10)
312 -> 482 (185)
313 -> 469 (170)
314 -> 131 (174)
315 -> 98 (167)
315 -> 432 (33)
317 -> 98 (189)
318 -> 131 (170)
320 -> 14 (91)
320 -> 93 (125)
320 -> 98 (133)
320 -> 136 (170)
320 -> 164 (141)
320 -> 231 (160)
320 -> 244 (170)
320 -> 276 (111)
320 -> 313 (154)
320 -> 333 (162)
320 -> 339 (200)
320 -> 362 (165)
320 -> 379 (146)
320 -> 480 (94)
320 -> 499 (150)
320 -> 516 (174)
320 -> 526 (98)
320 -> 549 (157)
320 -> 563 (185)
320 -> 572 (147)
320 -> 595 (162)
320 -> 597 (189)
321 -> 98 (197)
322 -> 98 (109)
322 -> 131 (190)
322 -> 367 (174)
323 -> 231 (150)
324 -> 110 (120)
324 -> 194 (62)
325 -> 131 (131)
326 -> 231 (145)
327 -> 482 (195)
328 -> 231 (181)
328 -> 594 (2)
330 -> 379 (184)
331 -> 231 (164)
332 -> 98 (101)
332 -> 379 (13)
333 -> 379 (110)
333 -> 482 (52)
336 -> 231 (161)
336 -> 379 (13)
337 -> 98 (164)
337 -> 379 (3)
338 -> 276 (177)
339 -> 98 (187)
339 -> 431 (13)
340 -> 131 (113)
341 -> 276 (112)
342 -> 367 (145)
343 -> 276 (126)
343 -> 367 (49)
344 -> 276 (162)
344 -> 379 (35)
345 -> 367 (123)
346 -> 98 (177)
347 -> 231 (106)
347 -> 379 (73)
348 -> 231 (179)
349 -> 98 (171)
349 -> 497 (8)
350 -> 8 (5)
350 -> 194 (11)
350 -> 524 (11)
351 -> 276 (195)
352 -> 21 (60)
353 -> 131 (166)
354 -> 98 (192)
355 -> 367 (196)
356 -> 98 (177)
357 -> 482 (198)
358 -> 168 (18)
358 -> 367 (120)
359 -> 306 (160)
360 -> 276 (195)
361 -> 98 (142)
361 -> 469 (14)
362 -> 131 (165)
363 -> 98 (119)
363 -> 100 (61)
363 -> 269 (68)
363 -> 338 (177)
363 -> 354 (122)
363 -> 367 (181)
363 -> 445 (135)
363 -> 464 (117)
363 -> 465 (136)
363 -> 478 (119)
363 -> 496 (166)
363 -> 498 (198)
363 -> 513 (173)
363 -> 544 (73)
363 -> 546 (153)
363 -> 557 (181)
363 -> 560 (200)
363 -> 580 (132)
363 -> 581 (143)
363 -> 592 (189)
364 -> 131 (200)
365 -> 8 (116)
365 -> 88 (148)
365 -> 98 (183)
365 -> 199 (177)
365 -> 240 (139)
365 -> 248 (158)
365 -> 278 (176)
365 -> 367 (95)
365 -> 379 (142)
365 -> 437 (18)
365 -> 458 (154)
365 -> 482 (35)
365 -> 488 (191)
365 -> 499 (25)
365 -> 540 (185)
365 -> 596 (145)
366 -> 276 (178)
366 -> 482 (10)
370 -> 276 (150)
370 -> 525 (30)
371 -> 383 (22)
371 -> 479 (13)
371 -> 588 (5)
372 -> 482 (159)
373 -> 188 (119)
373 -> 352 (2)
373 -> 580 (55)
374 -> 98 (187)
374 -> 233 (14)
374 -> 236 (161)
374 -> 252 (117)
374 -> 266 (155)
374 -> 276 (107)
374 -> 318 (146)
374 -> 367 (176)
374 -> 379 (185)
374 -> 421 (103)
374 -> 435 (182)
374 -> 468 (168)
374 -> 482 (40)
374 -> 519 (121)
374 -> 527 (193)
374 -> 529 (4)
374 -> 550 (189)
374 -> 568 (165)
375 -> 240 (144)
375 -> 262 (198)
375 -> 277 (160)
375 -> 282 (162)
375 -> 340 (113)
375 -> 367 (46)
375 -> 379 (38)
375 -> 528 (139)
375 -> 593 (112)
375 -> 599 (122)
376 -> 231 (102)
376 -> 379 (71)
377 -> 98 (94)
377 -> 226 (181)
377 -> 318 (24)
377 -> 321 (197)
377 -> 379 (41)
377 -> 383 (170)
377 -> 451 (187)
377 -> 482 (187)
377 -> 511 (143)
377 -> 565 (158)
378 -> 367 (169)
380 -> 98 (63)
380 -> 138 (111)
380 -> 159 (154)
380 -> 202 (136)
380 -> 215 (72)
380 -> 276 (149)
380 -> 379 (56)
380 -> 475 (186)
380 -> 482 (197)
380 -> 534 (108)
380 -> 542 (191)
380 -> 577 (192)
381 -> 98 (156)
382 -> 98 (184)
383 -> 276 (192)
384 -> 367 (131)
384 -> 594 (67)
385 -> 98 (87)
389 -> 231 (122)
389 -> 482 (53)
390 -> 98 (152)
391 -> 276 (98)
391 -> 379 (95)
392 -> 379 (198)
393 -> 367 (150)
394 -> 379 (122)
395 -> 379 (128)
396 -> 379 (185)
397 -> 231 (149)
398 -> 163 (24)
399 -> 231 (112)
399 -> 482 (17)
400 -> 379 (144)
401 -> 302 (15)
402 -> 379 (124)
402 -> 408 (30)
404 -> 367 (123)
404 -> 379 (44)
405 -> 131 (91)
405 -> 379 (87)
407 -> 276 (183)
407 -> 379 (12)
408 -> 367 (33)
409 -> 327 (48)
409 -> 484 (106)
410 -> 131 (158)
411 -> 98 (182)
411 -> 379 (12)
412 -> 119 (139)
412 -> 142 (160)
412 -> 157 (109)
412 -> 204 (37)
412 -> 231 (104)
412 -> 313 (16)
412 -> 345 (123)
412 -> 424 (195)
412 -> 429 (144)
412 -> 463 (109)
412 -> 482 (68)
412 -> 526 (86)
412 -> 573 (155)
413 -> 482 (136)
414 -> 98 (153)
414 -> 273 (35)
414 -> 432 (1)
416 -> 131 (112)
416 -> 379 (84)
418 -> 98 (151)
419 -> 131 (167)
421 -> 276 (103)
422 -> 49 (136)
422 -> 98 (60)
422 -> 149 (183)
422 -> 213 (2)
422 -> 260 (184)
422 -> 275 (183)
422 -> 323 (26)
422 -> 367 (133)
422 -> 482 (199)
422 -> 585 (191)
422 -> 593 (49)
423 -> 65 (39)
423 -> 98 (156)
423 -> 143 (88)
423 -> 231 (170)
423 -> 364 (61)
423 -> 379 (162)
423 -> 538 (60)
424 -> 98 (181)
424 -> 352 (14)
425 -> 98 (159)
425 -> 259 (125)
425 -> 276 (120)
425 -> 393 (150)
425 -> 482 (195)
426 -> 276 (161)
427 -> 131 (120)
428 -> 231 (188)
429 -> 379 (190)
430 -> 131 (164)
430 -> 594 (13)
431 -> 379 (13)
432 -> 98 (132)
433 -> 255 (136)
433 -> 545 (8)
434 -> 131 (175)
435 -> 98 (182)
436 -> 276 (128)
437 -> 367 (167)
438 -> 231 (137)
438 -> 482 (26)
439 -> 482 (79)
440 -> 98 (7)
443 -> 525 (105)
445 -> 131 (135)
447 -> 98 (123)
447 -> 302 (40)
447 -> 408 (3)
449 -> 98 (177)
450 -> 276 (194)
451 -> 98 (177)
451 -> 490 (10)
452 -> 210 (16)
454 -> 276 (166)
455 -> 524 (155)
456 -> 482 (184)
457 -> 98 (90)
457 -> 203 (9)
457 -> 223 (155)
457 -> 231 (104)
457 -> 379 (198)
457 -> 384 (198)
457 -> 482 (153)
457 -> 556 (182)
457 -> 586 (181)
458 -> 98 (154)
459 -> 276 (172)
460 -> 507 (54)
460 -> 564 (99)
462 -> 231 (98)
463 -> 379 (161)
464 -> 98 (125)
465 -> 367 (136)
466 -> 131 (165)
466 -> 379 (28)
467 -> 131 (157)
468 -> 98 (168)
469 -> 98 (184)
470 -> 379 (179)
471 -> 455 (50)
472 -> 98 (184)
473 -> 131 (155)
475 -> 98 (197)
478 -> 367 (170)
479 -> 379 (176)
480 -> 231 (199)
481 -> 98 (109)
481 -> 131 (76)
483 -> 500 (27)
484 -> 131 (106)
485 -> 231 (158)
486 -> 98 (65)
487 -> 98 (172)
488 -> 98 (186)
488 -> 379 (5)
489 -> 98 (200)
490 -> 463 (10)
491 -> 131 (75)
491 -> 385 (39)
491 -> 392 (13)
491 -> 475 (11)
492 -> 249 (95)
493 -> 98 (107)
493 -> 379 (88)
494 -> 131 (156)
494 -> 353 (5)
495 -> 131 (136)
496 -> 98 (156)
496 -> 536 (10)
497 -> 98 (74)
498 -> 98 (191)
498 -> 432 (7)
499 -> 276 (175)
500 -> 379 (181)
502 -> 98 (137)
502 -> 302 (36)
503 -> 98 (9)
503 -> 113 (131)
503 -> 221 (180)
503 -> 285 (4)
503 -> 367 (188)
503 -> 379 (195)
503 -> 419 (79)
503 -> 482 (184)
503 -> 522 (151)
505 -> 276 (117)
505 -> 482 (30)
506 -> 98 (115)
507 -> 359 (4)
507 -> 471 (50)
508 -> 231 (172)
509 -> 98 (191)
510 -> 68 (26)
510 -> 120 (123)
510 -> 161 (150)
510 -> 224 (144)
510 -> 245 (19)
510 -> 354 (121)
510 -> 379 (13)
510 -> 409 (154)
510 -> 482 (52)
510 -> 483 (27)
511 -> 359 (45)
511 -> 372 (98)
513 -> 131 (114)
513 -> 482 (59)
514 -> 131 (171)
515 -> 276 (198)
516 -> 276 (147)
516 -> 432 (27)
518 -> 231 (140)
519 -> 131 (121)
520 -> 98 (124)
520 -> 126 (31)
521 -> 231 (156)
522 -> 131 (167)
524 -> 379 (166)
525 -> 98 (135)
526 -> 456 (184)
527 -> 98 (193)
528 -> 98 (139)
529 -> 98 (194)
530 -> 131 (182)
531 -> 276 (131)
532 -> 367 (147)
532 -> 379 (30)
533 -> 236 (7)
534 -> 198 (108)
535 -> 98 (173)
536 -> 379 (52)
537 -> 249 (99)
537 -> 276 (100)
538 -> 533 (7)
538 -> 579 (53)
539 -> 367 (193)
540 -> 379 (136)
540 -> 482 (49)
541 -> 38 (172)
541 -> 98 (49)
541 -> 131 (197)
541 -> 155 (71)
541 -> 234 (171)
541 -> 276 (176)
541 -> 367 (83)
541 -> 379 (157)
541 -> 482 (88)
542 -> 131 (132)
542 -> 379 (59)
543 -> 452 (16)
543 -> 482 (107)
544 -> 367 (187)
545 -> 367 (116)
546 -> 367 (79)
546 -> 482 (74)
548 -> 98 (109)
548 -> 439 (79)
549 -> 98 (77)
549 -> 379 (80)
550 -> 379 (189)
551 -> 98 (165)
552 -> 379 (158)
552 -> 556 (10)
554 -> 231 (168)
556 -> 367 (199)
557 -> 161 (3)
557 -> 367 (117)
557 -> 372 (61)
558 -> 482 (193)
558 -> 579 (6)
559 -> 98 (169)
559 -> 216 (150)
559 -> 276 (133)
559 -> 433 (144)
559 -> 449 (44)
559 -> 522 (16)
560 -> 98 (152)
560 -> 482 (48)
561 -> 131 (154)
561 -> 482 (27)
562 -> 98 (123)
562 -> 139 (46)
563 -> 276 (170)
563 -> 536 (15)
564 -> 379 (148)
565 -> 131 (128)
565 -> 497 (30)
566 -> 429 (46)
567 -> 131 (174)
568 -> 131 (165)
569 -> 14 (1)
569 -> 143 (14)
569 -> 276 (70)
569 -> 367 (144)
569 -> 379 (32)
569 -> 449 (133)
569 -> 515 (26)
570 -> 98 (156)
570 -> 352 (29)
571 -> 131 (158)
572 -> 231 (144)
572 -> 497 (3)
573 -> 231 (155)
575 -> 219 (24)
575 -> 231 (155)
576 -> 379 (145)
577 -> 131 (125)
577 -> 276 (67)
578 -> 587 (42)
579 -> 418 (59)
580 -> 131 (187)
581 -> 258 (134)
581 -> 489 (9)
582 -> 432 (18)
582 -> 482 (173)
583 -> 240 (115)
583 -> 277 (6)
583 -> 367 (152)
583 -> 379 (9)
583 -> 482 (59)
585 -> 98 (138)
585 -> 367 (53)
586 -> 231 (181)
587 -> 131 (196)
588 -> 592 (5)
590 -> 1 (82)
590 -> 98 (85)
590 -> 210 (158)
590 -> 247 (175)
590 -> 278 (22)
590 -> 354 (133)
590 -> 367 (100)
590 -> 379 (116)
590 -> 482 (86)
590 -> 535 (5)
590 -> 548 (188)
590 -> 587 (65)
591 -> 144 (112)
591 -> 240 (173)
591 -> 367 (101)
591 -> 482 (200)
592 -> 379 (194)
593 -> 131 (161)
594 -> 98 (82)
595 -> 98 (134)
595 -> 379 (28)
596 -> 98 (132)
596 -> 432 (13)
597 -> 131 (131)
597 -> 302 (58)
598 -> 131 (182)
598 -> 174 (125)
598 -> 177 (172)
598 -> 355 (87)
598 -> 367 (104)
598 -> 478 (51)
598 -> 554 (19)
598 -> 578 (42)
599 -> 98 (105)
599 -> 298 (16)
599 -> 302 (1)
Fluxo: 81607
Arestas removidas: 106817

--Rotas do 3º turno-----------------------------
1 -> 506 (55)
14 -> 418 (92)
17 -> 96 (42)
28 -> 49 (194)
32 -> 379 (57)
33 -> 379 (14)
38 -> 98 (133)
38 -> 379 (39)
42 -> 98 (136)
49 -> 32 (57)
49 -> 98 (137)
77 -> 98 (121)
93 -> 367 (125)
96 -> 379 (42)
97 -> 42 (18)
100 -> 112 (138)
100 -> 114 (49)
102 -> 98 (66)
111 -> 379 (124)
112 -> 98 (138)
113 -> 98 (131)
114 -> 98 (49)
118 -> 379 (118)
131 -> 28 (194)
133 -> 506 (33)
134 -> 98 (126)
136 -> 98 (170)
138 -> 359 (21)
139 -> 98 (59)
153 -> 77 (121)
153 -> 111 (124)
153 -> 131 (179)
154 -> 379 (177)
155 -> 529 (40)
157 -> 357 (52)
157 -> 506 (57)
159 -> 154 (177)
161 -> 460 (99)
163 -> 98 (7)
174 -> 455 (82)
177 -> 271 (170)
179 -> 98 (1)
180 -> 98 (122)
186 -> 179 (1)
191 -> 379 (44)
193 -> 564 (49)
196 -> 430 (7)
196 -> 504 (33)
196 -> 579 (11)
203 -> 98 (113)
204 -> 215 (145)
205 -> 98 (182)
206 -> 379 (52)
210 -> 98 (158)
211 -> 102 (66)
211 -> 379 (76)
213 -> 284 (181)
214 -> 379 (134)
215 -> 98 (101)
215 -> 191 (44)
216 -> 324 (18)
216 -> 463 (42)
216 -> 545 (34)
218 -> 398 (7)
221 -> 193 (49)
222 -> 98 (123)
223 -> 396 (155)
224 -> 98 (149)
224 -> 379 (45)
226 -> 350 (68)
228 -> 98 (152)
229 -> 250 (167)
230 -> 98 (137)
231 -> 17 (42)
231 -> 118 (118)
233 -> 159 (23)
234 -> 98 (171)
235 -> 98 (104)
236 -> 280 (67)
240 -> 98 (161)
244 -> 379 (170)
250 -> 379 (167)
255 -> 98 (136)
258 -> 98 (106)
260 -> 290 (144)
260 -> 337 (40)
262 -> 98 (149)
262 -> 379 (49)
263 -> 379 (107)
264 -> 98 (119)
264 -> 139 (59)
268 -> 346 (177)
269 -> 268 (21)
270 -> 379 (181)
271 -> 440 (170)
272 -> 367 (135)
274 -> 379 (177)
275 -> 482 (183)
276 -> 98 (164)
277 -> 133 (33)
278 -> 98 (198)
279 -> 379 (1)
280 -> 98 (101)
282 -> 274 (177)
282 -> 279 (1)
284 -> 33 (14)
284 -> 98 (167)
285 -> 379 (138)
285 -> 485 (13)
290 -> 98 (144)
292 -> 98 (113)
302 -> 98 (70)
303 -> 98 (172)
303 -> 131 (160)
303 -> 272 (135)
303 -> 276 (172)
303 -> 381 (151)
303 -> 390 (152)
303 -> 414 (43)
305 -> 482 (102)
305 -> 486 (65)
306 -> 98 (148)
308 -> 98 (114)
310 -> 42 (118)
310 -> 98 (168)
310 -> 131 (189)
310 -> 205 (182)
310 -> 230 (137)
310 -> 268 (156)
310 -> 270 (181)
310 -> 305 (167)
310 -> 354 (188)
310 -> 361 (142)
310 -> 370 (180)
310 -> 405 (163)
310 -> 482 (197)
310 -> 505 (147)
310 -> 561 (157)
310 -> 562 (169)
311 -> 98 (51)
313 -> 469 (171)
320 -> 14 (91)
320 -> 93 (125)
320 -> 98 (133)
320 -> 136 (170)
320 -> 231 (160)
320 -> 244 (170)
320 -> 310 (134)
320 -> 313 (154)
320 -> 333 (162)
320 -> 339 (200)
320 -> 379 (146)
320 -> 480 (126)
320 -> 516 (174)
320 -> 549 (157)
320 -> 563 (178)
320 -> 572 (147)
320 -> 595 (162)
320 -> 597 (189)
321 -> 98 (197)
324 -> 461 (18)
332 -> 379 (17)
333 -> 206 (52)
333 -> 379 (110)
336 -> 379 (42)
337 -> 379 (40)
339 -> 98 (187)
339 -> 431 (13)
345 -> 367 (123)
346 -> 98 (177)
347 -> 379 (37)
350 -> 524 (68)
352 -> 570 (102)
354 -> 98 (188)
356 -> 98 (79)
357 -> 482 (52)
359 -> 306 (148)
361 -> 98 (142)
363 -> 98 (119)
363 -> 100 (187)
363 -> 229 (155)
363 -> 269 (21)
363 -> 365 (138)
363 -> 367 (181)
363 -> 445 (51)
363 -> 464 (117)
363 -> 465 (136)
363 -> 478 (119)
363 -> 496 (166)
363 -> 498 (198)
363 -> 513 (173)
363 -> 546 (153)
363 -> 560 (200)
363 -> 580 (132)
363 -> 581 (160)
363 -> 592 (189)
365 -> 98 (183)
365 -> 240 (139)
365 -> 278 (176)
365 -> 379 (142)
365 -> 458 (154)
365 -> 488 (191)
365 -> 540 (136)
365 -> 596 (54)
367 -> 285 (151)
370 -> 502 (137)
370 -> 596 (43)
371 -> 479 (112)
373 -> 352 (102)
374 -> 98 (187)
374 -> 153 (151)
374 -> 233 (23)
374 -> 236 (67)
374 -> 367 (176)
374 -> 379 (185)
374 -> 435 (182)
374 -> 468 (168)
374 -> 527 (193)
374 -> 529 (154)
374 -> 550 (189)
375 -> 211 (104)
375 -> 240 (22)
375 -> 262 (198)
375 -> 277 (33)
375 -> 282 (178)
375 -> 379 (38)
375 -> 528 (139)
375 -> 599 (122)
377 -> 98 (94)
377 -> 226 (68)
377 -> 321 (197)
377 -> 379 (41)
377 -> 383 (170)
377 -> 451 (187)
377 -> 482 (187)
377 -> 511 (143)
377 -> 565 (158)
380 -> 98 (63)
380 -> 138 (21)
380 -> 159 (154)
380 -> 276 (68)
380 -> 379 (56)
380 -> 475 (186)
380 -> 482 (197)
380 -> 542 (183)
380 -> 577 (192)
381 -> 98 (151)
383 -> 371 (112)
383 -> 588 (58)
384 -> 594 (176)
389 -> 482 (13)
390 -> 98 (152)
395 -> 379 (13)
396 -> 379 (155)
398 -> 163 (7)
405 -> 186 (1)
405 -> 379 (162)
412 -> 157 (109)
412 -> 204 (145)
412 -> 313 (17)
412 -> 345 (123)
412 -> 424 (181)
412 -> 429 (144)
412 -> 463 (109)
412 -> 482 (68)
414 -> 98 (43)
418 -> 98 (163)
419 -> 255 (62)
422 -> 98 (60)
422 -> 260 (184)
422 -> 275 (183)
422 -> 367 (133)
422 -> 482 (199)
422 -> 585 (191)
423 -> 98 (156)
423 -> 379 (162)
423 -> 538 (60)
424 -> 98 (181)
429 -> 379 (190)
430 -> 594 (7)
431 -> 379 (13)
433 -> 255 (74)
435 -> 98 (182)
440 -> 98 (170)
442 -> 552 (31)
445 -> 196 (51)
447 -> 308 (10)
449 -> 98 (177)
451 -> 98 (177)
451 -> 490 (10)
455 -> 524 (98)
457 -> 98 (90)
457 -> 203 (113)
457 -> 223 (155)
457 -> 379 (198)
457 -> 384 (176)
457 -> 482 (153)
457 -> 556 (165)
458 -> 98 (154)
460 -> 564 (99)
461 -> 97 (18)
463 -> 379 (161)
464 -> 98 (117)
465 -> 367 (136)
466 -> 379 (61)
468 -> 98 (168)
469 -> 98 (171)
475 -> 98 (186)
478 -> 367 (149)
479 -> 379 (170)
480 -> 134 (126)
483 -> 500 (66)
485 -> 395 (13)
486 -> 98 (80)
488 -> 98 (186)
488 -> 379 (5)
489 -> 98 (54)
490 -> 463 (10)
496 -> 98 (156)
496 -> 447 (10)
498 -> 98 (191)
498 -> 311 (7)
500 -> 379 (66)
502 -> 98 (137)
503 -> 113 (131)
503 -> 221 (49)
503 -> 367 (188)
503 -> 379 (195)
503 -> 419 (62)
503 -> 482 (184)
504 -> 379 (119)
505 -> 466 (61)
505 -> 482 (86)
506 -> 98 (145)
510 -> 161 (99)
510 -> 224 (194)
510 -> 379 (13)
510 -> 483 (66)
511 -> 359 (127)
511 -> 455 (16)
513 -> 228 (66)
513 -> 263 (107)
516 -> 222 (123)
516 -> 228 (51)
524 -> 379 (166)
527 -> 98 (193)
528 -> 98 (139)
529 -> 98 (194)
535 -> 98 (173)
538 -> 579 (60)
540 -> 379 (136)
541 -> 38 (172)
541 -> 98 (49)
541 -> 131 (194)
541 -> 155 (40)
541 -> 234 (171)
541 -> 379 (157)
541 -> 482 (88)
542 -> 336 (42)
542 -> 379 (141)
545 -> 280 (34)
546 -> 347 (37)
546 -> 482 (116)
548 -> 98 (109)
548 -> 373 (63)
549 -> 98 (77)
549 -> 379 (80)
550 -> 379 (196)
552 -> 379 (158)
556 -> 218 (7)
556 -> 442 (31)
556 -> 552 (127)
559 -> 98 (169)
559 -> 216 (94)
559 -> 433 (74)
559 -> 449 (44)
560 -> 98 (152)
560 -> 228 (35)
560 -> 389 (13)
561 -> 482 (157)
562 -> 98 (123)
562 -> 214 (46)
563 -> 264 (178)
564 -> 379 (148)
565 -> 180 (122)
565 -> 214 (36)
566 -> 429 (46)
569 -> 14 (1)
569 -> 367 (144)
569 -> 379 (32)
569 -> 449 (133)
570 -> 98 (102)
572 -> 308 (104)
572 -> 311 (43)
577 -> 292 (113)
577 -> 356 (79)
579 -> 418 (71)
580 -> 373 (39)
580 -> 504 (86)
580 -> 550 (7)
581 -> 258 (106)
581 -> 489 (54)
583 -> 367 (152)
583 -> 379 (9)
585 -> 98 (138)
585 -> 214 (52)
585 -> 311 (1)
588 -> 479 (58)
590 -> 1 (55)
590 -> 98 (85)
590 -> 210 (158)
590 -> 213 (181)
590 -> 278 (22)
590 -> 379 (116)
590 -> 482 (86)
590 -> 535 (173)
590 -> 548 (172)
590 -> 566 (46)
592 -> 379 (189)
594 -> 98 (183)
595 -> 98 (134)
595 -> 379 (28)
596 -> 98 (97)
597 -> 235 (104)
597 -> 302 (70)
597 -> 486 (15)
598 -> 174 (82)
598 -> 177 (170)
598 -> 229 (12)
598 -> 303 (142)
598 -> 478 (30)
599 -> 98 (105)
599 -> 332 (17)
Fluxo: 22653
Arestas removidas: 108020

--Rotas do 4º turno-----------------------------
28 -> 49 (190)
32 -> 379 (190)
33 -> 379 (145)
38 -> 379 (154)
49 -> 32 (190)
98 -> 195 (129)
111 -> 379 (149)
118 -> 379 (99)
131 -> 28 (190)
136 -> 98 (170)
153 -> 111 (149)
154 -> 379 (154)
159 -> 154 (154)
161 -> 460 (99)
180 -> 298 (83)
191 -> 379 (145)
193 -> 564 (49)
195 -> 291 (129)
196 -> 504 (35)
204 -> 215 (145)
206 -> 379 (25)
211 -> 379 (76)
213 -> 284 (145)
214 -> 379 (75)
215 -> 191 (145)
221 -> 193 (49)
223 -> 396 (155)
224 -> 379 (87)
226 -> 350 (68)
229 -> 250 (147)
240 -> 98 (144)
244 -> 379 (170)
250 -> 379 (147)
260 -> 337 (87)
262 -> 98 (149)
262 -> 379 (49)
270 -> 379 (181)
274 -> 379 (177)
276 -> 98 (120)
279 -> 379 (1)
282 -> 274 (177)
282 -> 279 (1)
284 -> 33 (145)
285 -> 379 (138)
285 -> 485 (13)
291 -> 379 (129)
298 -> 379 (83)
310 -> 270 (181)
310 -> 405 (16)
320 -> 98 (133)
320 -> 136 (170)
320 -> 244 (170)
320 -> 333 (135)
320 -> 339 (187)
320 -> 379 (146)
320 -> 549 (134)
320 -> 595 (142)
321 -> 98 (197)
332 -> 379 (69)
333 -> 206 (25)
333 -> 379 (110)
336 -> 379 (42)
337 -> 379 (171)
339 -> 98 (187)
347 -> 379 (53)
350 -> 524 (68)
363 -> 365 (138)
363 -> 496 (156)
363 -> 498 (167)
363 -> 592 (189)
365 -> 98 (138)
367 -> 285 (151)
371 -> 479 (112)
373 -> 580 (72)
374 -> 98 (187)
374 -> 153 (149)
374 -> 379 (185)
374 -> 550 (189)
375 -> 211 (76)
375 -> 240 (144)
375 -> 262 (198)
375 -> 282 (178)
375 -> 320 (143)
375 -> 379 (38)
375 -> 528 (139)
375 -> 599 (122)
377 -> 226 (68)
377 -> 321 (197)
377 -> 379 (41)
377 -> 383 (170)
377 -> 451 (197)
377 -> 482 (187)
377 -> 511 (98)
377 -> 565 (158)
378 -> 536 (49)
380 -> 159 (154)
380 -> 276 (120)
380 -> 374 (90)
380 -> 379 (56)
380 -> 475 (84)
380 -> 482 (10)
380 -> 542 (183)
380 -> 577 (192)
383 -> 371 (112)
383 -> 588 (58)
395 -> 379 (13)
396 -> 379 (155)
404 -> 379 (92)
405 -> 379 (18)
409 -> 484 (19)
412 -> 204 (145)
412 -> 429 (144)
412 -> 463 (109)
422 -> 260 (87)
422 -> 367 (133)
422 -> 585 (191)
423 -> 98 (156)
423 -> 363 (156)
423 -> 379 (162)
423 -> 538 (35)
429 -> 379 (190)
431 -> 379 (143)
442 -> 552 (31)
451 -> 98 (145)
451 -> 490 (52)
455 -> 524 (98)
457 -> 223 (155)
457 -> 379 (198)
457 -> 556 (158)
460 -> 564 (99)
463 -> 379 (161)
475 -> 337 (84)
479 -> 379 (170)
482 -> 310 (197)
483 -> 500 (66)
484 -> 518 (7)
484 -> 580 (12)
485 -> 395 (13)
490 -> 463 (52)
496 -> 98 (156)
498 -> 532 (29)
498 -> 540 (138)
500 -> 379 (66)
503 -> 221 (49)
503 -> 379 (195)
504 -> 379 (119)
510 -> 161 (99)
510 -> 224 (87)
510 -> 379 (13)
510 -> 409 (19)
510 -> 483 (66)
511 -> 455 (98)
518 -> 550 (7)
524 -> 379 (166)
528 -> 98 (139)
532 -> 379 (29)
536 -> 379 (49)
538 -> 579 (35)
540 -> 379 (136)
540 -> 405 (2)
541 -> 38 (154)
541 -> 131 (190)
541 -> 379 (157)
542 -> 336 (42)
542 -> 379 (141)
548 -> 373 (72)
549 -> 379 (134)
550 -> 379 (196)
552 -> 379 (158)
556 -> 442 (31)
556 -> 552 (127)
559 -> 98 (167)
564 -> 379 (148)
565 -> 180 (83)
565 -> 214 (75)
566 -> 429 (46)
569 -> 367 (18)
569 -> 379 (32)
577 -> 378 (49)
577 -> 431 (143)
579 -> 196 (35)
580 -> 504 (84)
583 -> 379 (9)
585 -> 118 (99)
585 -> 404 (92)
588 -> 479 (58)
590 -> 213 (145)
590 -> 379 (116)
590 -> 548 (72)
590 -> 566 (46)
592 -> 379 (189)
595 -> 379 (142)
598 -> 229 (147)
599 -> 332 (69)
599 -> 347 (53)
Fluxo: 8841
Arestas removidas: 108489

--Rotas do 5º turno-----------------------------
8 -> 461 (45)
28 -> 49 (190)
32 -> 379 (190)
33 -> 379 (145)
38 -> 379 (154)
49 -> 32 (190)
98 -> 339 (187)
118 -> 379 (99)
131 -> 28 (190)
154 -> 379 (154)
157 -> 8 (45)
159 -> 154 (154)
161 -> 460 (99)
180 -> 298 (83)
191 -> 379 (145)
193 -> 564 (36)
196 -> 504 (35)
204 -> 215 (145)
211 -> 379 (76)
213 -> 284 (145)
214 -> 379 (172)
215 -> 191 (145)
221 -> 193 (36)
223 -> 396 (155)
224 -> 379 (87)
226 -> 350 (68)
229 -> 250 (147)
240 -> 98 (31)
250 -> 379 (147)
260 -> 337 (87)
262 -> 379 (146)
263 -> 379 (45)
270 -> 379 (181)
274 -> 379 (177)
279 -> 379 (1)
282 -> 274 (177)
282 -> 279 (1)
284 -> 33 (145)
285 -> 379 (138)
285 -> 485 (13)
298 -> 379 (83)
310 -> 270 (181)
310 -> 405 (16)
315 -> 513 (45)
320 -> 379 (143)
332 -> 379 (69)
336 -> 379 (42)
337 -> 379 (171)
339 -> 315 (45)
339 -> 498 (45)
339 -> 562 (97)
347 -> 379 (53)
350 -> 524 (68)
363 -> 592 (156)
367 -> 285 (151)
371 -> 479 (112)
373 -> 580 (128)
374 -> 379 (90)
375 -> 211 (76)
375 -> 240 (31)
375 -> 262 (146)
375 -> 282 (178)
375 -> 320 (143)
375 -> 379 (38)
375 -> 599 (122)
377 -> 226 (68)
377 -> 379 (41)
377 -> 383 (170)
377 -> 451 (52)
377 -> 482 (187)
377 -> 511 (98)
377 -> 565 (158)
378 -> 536 (49)
380 -> 159 (154)
380 -> 374 (90)
380 -> 379 (56)
380 -> 475 (84)
380 -> 482 (10)
380 -> 503 (62)
380 -> 542 (183)
380 -> 577 (192)
383 -> 371 (112)
383 -> 588 (58)
395 -> 379 (13)
396 -> 379 (155)
404 -> 379 (92)
405 -> 379 (16)
409 -> 484 (74)
412 -> 157 (45)
412 -> 204 (145)
412 -> 429 (144)
412 -> 463 (109)
422 -> 260 (87)
422 -> 367 (133)
422 -> 585 (191)
423 -> 98 (156)
423 -> 363 (156)
423 -> 379 (162)
423 -> 538 (35)
429 -> 379 (190)
431 -> 379 (143)
439 -> 461 (1)
442 -> 552 (31)
451 -> 490 (52)
455 -> 524 (98)
457 -> 223 (155)
457 -> 379 (198)
457 -> 556 (158)
460 -> 564 (99)
461 -> 518 (46)
463 -> 379 (161)
475 -> 337 (84)
479 -> 379 (170)
482 -> 310 (197)
483 -> 500 (66)
484 -> 518 (74)
485 -> 395 (13)
490 -> 463 (52)
498 -> 540 (45)
500 -> 379 (66)
503 -> 221 (36)
503 -> 379 (195)
504 -> 379 (119)
510 -> 161 (99)
510 -> 224 (87)
510 -> 379 (13)
510 -> 409 (74)
510 -> 483 (66)
511 -> 455 (98)
513 -> 263 (45)
518 -> 550 (120)
524 -> 379 (166)
536 -> 379 (49)
538 -> 579 (35)
540 -> 379 (45)
541 -> 38 (154)
541 -> 131 (190)
541 -> 379 (157)
542 -> 336 (42)
542 -> 379 (141)
548 -> 373 (128)
548 -> 439 (1)
550 -> 379 (164)
552 -> 379 (158)
556 -> 442 (31)
556 -> 552 (127)
562 -> 214 (97)
564 -> 379 (135)
565 -> 180 (83)
565 -> 214 (75)
566 -> 429 (46)
569 -> 367 (18)
569 -> 379 (32)
577 -> 378 (49)
577 -> 431 (143)
579 -> 196 (35)
580 -> 504 (84)
580 -> 550 (44)
583 -> 379 (9)
585 -> 118 (99)
585 -> 404 (92)
588 -> 479 (58)
590 -> 213 (145)
590 -> 379 (116)
590 -> 548 (129)
590 -> 566 (46)
592 -> 379 (156)
598 -> 229 (147)
599 -> 332 (69)
599 -> 347 (53)
Fluxo: 5864
Arestas removidas: 108524

--Rotas do 6º turno-----------------------------
8 -> 461 (45)
28 -> 49 (190)
32 -> 379 (190)
33 -> 379 (145)
38 -> 379 (154)
49 -> 32 (190)
98 -> 339 (187)
118 -> 379 (99)
131 -> 28 (190)
154 -> 379 (154)
157 -> 8 (45)
159 -> 154 (154)
161 -> 460 (99)
180 -> 298 (83)
191 -> 379 (145)
196 -> 504 (35)
204 -> 215 (145)
211 -> 379 (76)
213 -> 284 (145)
214 -> 379 (172)
215 -> 191 (145)
223 -> 396 (155)
224 -> 379 (87)
226 -> 350 (68)
229 -> 250 (147)
240 -> 98 (31)
250 -> 379 (147)
260 -> 337 (87)
262 -> 379 (146)
263 -> 379 (45)
270 -> 379 (181)
274 -> 379 (177)
279 -> 379 (1)
282 -> 274 (177)
282 -> 279 (1)
284 -> 33 (145)
285 -> 379 (138)
285 -> 485 (13)
298 -> 379 (83)
310 -> 270 (181)
310 -> 405 (6)
315 -> 513 (45)
320 -> 379 (143)
332 -> 379 (69)
336 -> 379 (42)
337 -> 379 (171)
339 -> 315 (45)
339 -> 498 (45)
339 -> 562 (97)
347 -> 379 (53)
350 -> 524 (68)
363 -> 592 (156)
367 -> 285 (151)
371 -> 479 (112)
373 -> 580 (128)
374 -> 379 (90)
375 -> 211 (76)
375 -> 240 (31)
375 -> 262 (146)
375 -> 282 (178)
375 -> 320 (143)
375 -> 379 (38)
375 -> 380 (149)
375 -> 599 (122)
377 -> 226 (68)
377 -> 379 (41)
377 -> 383 (170)
377 -> 451 (52)
377 -> 482 (187)
377 -> 511 (98)
377 -> 565 (158)
378 -> 536 (38)
380 -> 159 (154)
380 -> 374 (90)
380 -> 475 (84)
380 -> 503 (62)
380 -> 542 (183)
380 -> 577 (181)
383 -> 371 (112)
383 -> 588 (58)
395 -> 379 (13)
396 -> 379 (155)
404 -> 379 (92)
405 -> 379 (6)
409 -> 484 (74)
412 -> 157 (45)
412 -> 204 (145)
412 -> 429 (144)
412 -> 463 (109)
422 -> 260 (87)
422 -> 367 (133)
422 -> 585 (191)
423 -> 98 (156)
423 -> 363 (156)
423 -> 379 (162)
423 -> 538 (35)
429 -> 379 (190)
431 -> 379 (143)
439 -> 461 (1)
442 -> 552 (31)
451 -> 490 (52)
455 -> 524 (98)
457 -> 223 (155)
457 -> 379 (198)
457 -> 556 (158)
460 -> 564 (99)
461 -> 518 (46)
463 -> 379 (161)
475 -> 337 (84)
479 -> 379 (170)
482 -> 310 (187)
483 -> 500 (66)
484 -> 518 (74)
485 -> 395 (13)
490 -> 463 (52)
498 -> 540 (45)
500 -> 379 (66)
503 -> 379 (62)
504 -> 379 (119)
510 -> 161 (99)
510 -> 224 (87)
510 -> 379 (13)
510 -> 409 (74)
510 -> 483 (66)
511 -> 455 (98)
513 -> 263 (45)
518 -> 550 (120)
524 -> 379 (166)
536 -> 379 (38)
538 -> 579 (35)
540 -> 379 (45)
541 -> 38 (154)
541 -> 131 (190)
541 -> 379 (157)
542 -> 336 (42)
542 -> 379 (141)
548 -> 373 (128)
548 -> 439 (1)
550 -> 379 (164)
552 -> 379 (158)
556 -> 442 (31)
556 -> 552 (127)
562 -> 214 (97)
564 -> 379 (99)
565 -> 180 (83)
565 -> 214 (75)
566 -> 429 (46)
569 -> 367 (18)
569 -> 379 (32)
577 -> 378 (38)
577 -> 431 (143)
579 -> 196 (35)
580 -> 504 (84)
580 -> 550 (44)
583 -> 379 (9)
585 -> 118 (99)
585 -> 404 (92)
588 -> 479 (58)
590 -> 213 (145)
590 -> 379 (116)
590 -> 548 (129)
590 -> 566 (46)
592 -> 379 (156)
598 -> 229 (147)
599 -> 332 (69)
599 -> 347 (53)
Fluxo: 5618
Arestas removidas: 108535

--Rotas do 7º turno-----------------------------
8 -> 461 (45)
28 -> 49 (190)
32 -> 379 (190)
33 -> 379 (145)
38 -> 379 (154)
49 -> 32 (190)
98 -> 339 (187)
118 -> 379 (99)
131 -> 28 (190)
157 -> 8 (45)
161 -> 460 (99)
180 -> 298 (83)
191 -> 379 (145)
196 -> 504 (35)
204 -> 215 (145)
211 -> 379 (76)
213 -> 284 (145)
214 -> 379 (152)
215 -> 191 (145)
223 -> 396 (155)
224 -> 379 (87)
226 -> 350 (68)
229 -> 250 (147)
240 -> 98 (31)
250 -> 379 (147)
260 -> 337 (167)
262 -> 379 (146)
270 -> 379 (181)
274 -> 379 (177)
279 -> 379 (1)
282 -> 274 (177)
282 -> 279 (1)
284 -> 33 (145)
285 -> 379 (138)
285 -> 485 (13)
298 -> 379 (83)
310 -> 270 (181)
310 -> 405 (6)
320 -> 379 (143)
332 -> 379 (69)
337 -> 379 (167)
339 -> 431 (65)
339 -> 498 (45)
339 -> 562 (77)
347 -> 379 (53)
350 -> 524 (68)
363 -> 592 (156)
367 -> 285 (151)
371 -> 479 (112)
373 -> 580 (128)
374 -> 379 (90)
375 -> 211 (76)
375 -> 240 (31)
375 -> 262 (146)
375 -> 282 (178)
375 -> 320 (143)
375 -> 379 (38)
375 -> 380 (149)
375 -> 599 (122)
377 -> 226 (68)
377 -> 379 (41)
377 -> 383 (170)
377 -> 451 (52)
377 -> 482 (187)
377 -> 511 (98)
377 -> 565 (158)
380 -> 374 (90)
380 -> 503 (59)
383 -> 371 (112)
383 -> 588 (58)
395 -> 379 (13)
396 -> 379 (155)
404 -> 379 (92)
405 -> 379 (6)
409 -> 484 (74)
412 -> 157 (45)
412 -> 204 (145)
412 -> 429 (144)
412 -> 463 (109)
422 -> 260 (167)
422 -> 367 (133)
422 -> 585 (191)
423 -> 98 (156)
423 -> 363 (156)
423 -> 379 (162)
423 -> 538 (35)
429 -> 379 (190)
431 -> 379 (65)
439 -> 461 (1)
442 -> 552 (31)
451 -> 490 (52)
455 -> 524 (98)
457 -> 223 (155)
457 -> 379 (198)
457 -> 556 (158)
460 -> 564 (99)
461 -> 518 (46)
463 -> 379 (161)
479 -> 379 (170)
482 -> 310 (187)
483 -> 500 (66)
484 -> 518 (74)
485 -> 395 (13)
490 -> 463 (52)
498 -> 540 (45)
500 -> 379 (66)
503 -> 379 (59)
504 -> 379 (119)
510 -> 161 (99)
510 -> 224 (87)
510 -> 379 (13)
510 -> 409 (74)
510 -> 483 (66)
511 -> 455 (98)
518 -> 550 (120)
524 -> 379 (166)
538 -> 579 (35)
540 -> 379 (45)
541 -> 38 (154)
541 -> 131 (190)
541 -> 379 (157)
548 -> 373 (128)
548 -> 439 (1)
550 -> 379 (164)
552 -> 379 (158)
556 -> 442 (31)
556 -> 552 (127)
562 -> 214 (77)
564 -> 379 (99)
565 -> 180 (83)
565 -> 214 (75)
566 -> 429 (46)
569 -> 367 (18)
569 -> 379 (32)
579 -> 196 (35)
580 -> 504 (84)
580 -> 550 (44)
583 -> 379 (9)
585 -> 118 (99)
585 -> 404 (92)
588 -> 479 (58)
590 -> 213 (145)
590 -> 379 (116)
590 -> 548 (129)
590 -> 566 (46)
592 -> 379 (156)
598 -> 229 (147)
599 -> 332 (69)
599 -> 347 (53)
Fluxo: 5093
Arestas removidas: 108535

--Rotas do 8º turno-----------------------------
33 -> 379 (17)
38 -> 379 (154)
79 -> 274 (36)
98 -> 339 (65)
118 -> 379 (99)
161 -> 460 (99)
180 -> 298 (47)
191 -> 379 (145)
204 -> 215 (145)
211 -> 379 (76)
213 -> 284 (17)
214 -> 379 (75)
215 -> 191 (145)
224 -> 379 (87)
226 -> 350 (68)
229 -> 250 (147)
250 -> 379 (147)
260 -> 337 (167)
262 -> 379 (146)
270 -> 379 (181)
274 -> 379 (177)
279 -> 379 (37)
282 -> 274 (141)
282 -> 279 (37)
284 -> 33 (17)
285 -> 379 (138)
298 -> 379 (47)
310 -> 270 (181)
310 -> 405 (6)
320 -> 379 (143)
337 -> 379 (167)
339 -> 431 (65)
350 -> 524 (68)
363 -> 592 (156)
367 -> 285 (138)
371 -> 479 (112)
374 -> 379 (17)
375 -> 211 (76)
375 -> 262 (146)
375 -> 282 (178)
375 -> 320 (143)
375 -> 380 (17)
377 -> 226 (68)
377 -> 379 (41)
377 -> 383 (170)
377 -> 422 (94)
377 -> 451 (52)
377 -> 482 (187)
377 -> 511 (98)
377 -> 565 (158)
380 -> 374 (17)
383 -> 371 (112)
383 -> 588 (58)
404 -> 379 (14)
405 -> 379 (6)
412 -> 204 (145)
412 -> 375 (171)
412 -> 429 (144)
412 -> 463 (109)
422 -> 260 (167)
422 -> 367 (133)
422 -> 585 (113)
423 -> 98 (65)
423 -> 363 (156)
423 -> 379 (162)
429 -> 379 (190)
431 -> 379 (65)
451 -> 490 (52)
455 -> 524 (98)
457 -> 379 (198)
457 -> 556 (67)
460 -> 564 (99)
463 -> 379 (161)
479 -> 379 (170)
482 -> 310 (187)
483 -> 500 (66)
490 -> 463 (52)
500 -> 379 (66)
510 -> 161 (99)
510 -> 224 (87)
510 -> 379 (13)
510 -> 483 (66)
511 -> 455 (98)
524 -> 379 (166)
541 -> 38 (154)
541 -> 379 (157)
541 -> 457 (191)
552 -> 379 (67)
556 -> 552 (67)
564 -> 379 (99)
565 -> 79 (36)
565 -> 180 (47)
565 -> 214 (75)
566 -> 429 (46)
569 -> 367 (5)
569 -> 379 (32)
583 -> 379 (9)
585 -> 118 (99)
585 -> 404 (14)
588 -> 479 (58)
590 -> 213 (17)
590 -> 379 (116)
590 -> 566 (46)
592 -> 379 (156)
598 -> 229 (147)
Fluxo: 3741
Arestas removidas: 108548

População evacuada: 241357 de 273757 UTs
O tempo total para evacuar 88.16% da população é: 9 unidades de tempo.
