--Rotas do 1º turno-----------------------------
0 -> 101 (104)
0 -> 186 (66)
1 -> 101 (194)
2 -> 1 (124)
2 -> 13 (77)
2 -> 15 (160)
2 -> 16 (137)
2 -> 18 (99)
2 -> 21 (153)
2 -> 22 (134)
2 -> 23 (136)
2 -> 31 (132)
2 -> 33 (175)
2 -> 34 (139)
2 -> 41 (179)
2 -> 46 (160)
2 -> 60 (105)
2 -> 62 (138)
2 -> 73 (142)
2 -> 75 (189)
2 -> 76 (175)
2 -> 77 (149)
2 -> 79 (146)
2 -> 86 (191)
2 -> 88 (179)
2 -> 90 (127)
2 -> 92 (177)
2 -> 100 (118)
2 -> 102 (199)
2 -> 106 (119)
2 -> 110 (134)
2 -> 111 (139)
2 -> 117 (94)
2 -> 123 (138)
2 -> 125 (150)
2 -> 128 (174)
2 -> 134 (195)
2 -> 141 (162)
2 -> 159 (126)
2 -> 182 (106)
2 -> 194 (123)
2 -> 329 (194)
2 -> 365 (75)
2 -> 387 (72)
3 -> 25 (164)
3 -> 365 (21)
4 -> 25 (102)
4 -> 98 (85)
5 -> 0 (170)
5 -> 1 (70)
5 -> 4 (187)
5 -> 10 (179)
5 -> 12 (168)
5 -> 13 (84)
5 -> 18 (99)
5 -> 19 (96)
5 -> 22 (44)
5 -> 25 (156)
5 -> 45 (83)
5 -> 51 (172)
5 -> 54 (148)
5 -> 59 (175)
5 -> 61 (182)
5 -> 66 (149)
5 -> 72 (188)
5 -> 73 (15)
5 -> 78 (191)
5 -> 81 (169)
5 -> 95 (117)
5 -> 104 (174)
5 -> 108 (194)
5 -> 109 (3)
5 -> 121 (161)
5 -> 125 (19)
5 -> 138 (151)
5 -> 157 (151)
5 -> 159 (150)
5 -> 186 (123)
5 -> 246 (107)
5 -> 249 (148)
5 -> 252 (139)
5 -> 256 (114)
5 -> 275 (22)
5 -> 295 (69)
5 -> 308 (23)
5 -> 312 (96)
5 -> 326 (68)
5 -> 348 (28)
7 -> 25 (190)
7 -> 98 (5)
8 -> 220 (189)
9 -> 98 (150)
9 -> 220 (4)
10 -> 25 (179)
11 -> 7 (195)
11 -> 25 (176)
11 -> 26 (88)
11 -> 28 (151)
11 -> 30 (198)
11 -> 34 (20)
11 -> 39 (166)
11 -> 53 (177)
11 -> 62 (45)
11 -> 74 (126)
11 -> 96 (143)
11 -> 113 (189)
11 -> 116 (151)
11 -> 148 (160)
11 -> 223 (135)
11 -> 252 (48)
11 -> 275 (26)
11 -> 312 (99)
11 -> 385 (142)
12 -> 98 (196)
13 -> 25 (161)
14 -> 8 (116)
14 -> 21 (3)
14 -> 23 (18)
14 -> 25 (110)
14 -> 64 (185)
14 -> 67 (163)
14 -> 80 (110)
14 -> 81 (13)
14 -> 82 (110)
14 -> 98 (130)
14 -> 111 (31)
14 -> 129 (119)
14 -> 133 (178)
14 -> 143 (181)
14 -> 145 (167)
14 -> 161 (171)
14 -> 165 (149)
14 -> 167 (163)
14 -> 168 (171)
14 -> 169 (189)
14 -> 170 (141)
14 -> 176 (163)
14 -> 181 (165)
14 -> 192 (150)
14 -> 200 (154)
14 -> 201 (177)
14 -> 206 (145)
14 -> 207 (137)
14 -> 213 (157)
14 -> 224 (192)
14 -> 226 (168)
14 -> 235 (199)
14 -> 237 (135)
14 -> 260 (193)
14 -> 342 (156)
15 -> 98 (185)
16 -> 25 (137)
18 -> 159 (198)
19 -> 101 (96)
20 -> 12 (28)
20 -> 15 (25)
20 -> 38 (199)
20 -> 39 (3)
20 -> 55 (88)
20 -> 66 (45)
20 -> 67 (2)
20 -> 98 (115)
20 -> 101 (93)
20 -> 120 (171)
20 -> 127 (136)
20 -> 148 (161)
20 -> 151 (155)
20 -> 156 (198)
20 -> 159 (168)
20 -> 166 (123)
20 -> 171 (191)
20 -> 202 (192)
20 -> 220 (192)
20 -> 245 (62)
20 -> 246 (85)
20 -> 324 (143)
21 -> 25 (156)
22 -> 101 (178)
23 -> 101 (154)
24 -> 25 (100)
24 -> 37 (137)
24 -> 70 (164)
24 -> 83 (184)
24 -> 98 (181)
24 -> 122 (97)
24 -> 126 (151)
24 -> 139 (151)
24 -> 141 (30)
24 -> 148 (73)
24 -> 150 (110)
24 -> 162 (191)
24 -> 170 (24)
24 -> 174 (99)
24 -> 180 (152)
24 -> 191 (162)
24 -> 196 (159)
24 -> 218 (163)
24 -> 220 (189)
24 -> 365 (142)
24 -> 385 (35)
26 -> 387 (134)
27 -> 159 (185)
28 -> 202 (123)
28 -> 220 (28)
30 -> 98 (137)
30 -> 159 (61)
31 -> 159 (199)
32 -> 98 (190)
33 -> 220 (175)
34 -> 148 (159)
35 -> 186 (161)
36 -> 25 (66)
36 -> 35 (161)
36 -> 57 (132)
36 -> 97 (172)
36 -> 129 (22)
36 -> 153 (179)
36 -> 160 (163)
36 -> 164 (153)
36 -> 172 (119)
36 -> 173 (172)
36 -> 175 (128)
36 -> 186 (21)
36 -> 187 (97)
36 -> 197 (134)
36 -> 199 (120)
36 -> 202 (63)
36 -> 229 (188)
36 -> 232 (196)
36 -> 242 (110)
36 -> 245 (137)
36 -> 264 (166)
36 -> 265 (141)
36 -> 268 (166)
36 -> 275 (66)
36 -> 278 (186)
36 -> 280 (184)
36 -> 300 (137)
36 -> 321 (161)
36 -> 322 (127)
36 -> 345 (150)
36 -> 387 (92)
37 -> 159 (102)
37 -> 186 (35)
38 -> 98 (197)
38 -> 186 (2)
39 -> 202 (169)
40 -> 9 (154)
40 -> 25 (188)
40 -> 46 (27)
40 -> 55 (48)
40 -> 68 (123)
40 -> 98 (148)
40 -> 124 (179)
40 -> 130 (156)
40 -> 135 (107)
40 -> 140 (136)
40 -> 148 (186)
40 -> 158 (125)
40 -> 159 (68)
40 -> 180 (14)
40 -> 181 (16)
40 -> 193 (156)
40 -> 203 (54)
40 -> 206 (49)
40 -> 210 (102)
40 -> 231 (122)
40 -> 237 (7)
40 -> 243 (197)
40 -> 257 (81)
40 -> 262 (194)
40 -> 272 (174)
40 -> 286 (104)
40 -> 378 (181)
41 -> 159 (131)
41 -> 387 (48)
42 -> 186 (176)
42 -> 220 (2)
43 -> 159 (85)
44 -> 58 (179)
44 -> 69 (197)
44 -> 71 (105)
44 -> 77 (6)
44 -> 107 (131)
44 -> 119 (176)
44 -> 131 (173)
44 -> 147 (154)
44 -> 148 (84)
44 -> 163 (184)
44 -> 177 (137)
44 -> 179 (142)
44 -> 186 (61)
44 -> 189 (157)
44 -> 198 (179)
44 -> 202 (147)
44 -> 211 (190)
44 -> 214 (167)
44 -> 310 (82)
44 -> 348 (151)
45 -> 25 (71)
45 -> 202 (12)
46 -> 220 (187)
47 -> 3 (185)
47 -> 63 (182)
47 -> 106 (18)
47 -> 134 (4)
47 -> 159 (103)
47 -> 387 (81)
48 -> 98 (110)
49 -> 87 (134)
49 -> 98 (176)
49 -> 101 (98)
49 -> 158 (25)
49 -> 186 (65)
49 -> 202 (98)
49 -> 220 (167)
49 -> 387 (86)
50 -> 159 (156)
51 -> 186 (125)
51 -> 202 (47)
52 -> 25 (164)
52 -> 372 (19)
53 -> 220 (152)
53 -> 387 (25)
54 -> 101 (123)
54 -> 202 (25)
55 -> 98 (136)
56 -> 186 (110)
57 -> 159 (104)
57 -> 202 (28)
58 -> 25 (165)
58 -> 159 (14)
59 -> 25 (188)
60 -> 186 (125)
61 -> 98 (180)
61 -> 202 (2)
62 -> 159 (183)
63 -> 98 (116)
63 -> 186 (66)
64 -> 101 (156)
64 -> 220 (29)
65 -> 52 (183)
65 -> 138 (5)
65 -> 142 (177)
65 -> 159 (164)
65 -> 179 (15)
65 -> 186 (175)
65 -> 188 (177)
65 -> 189 (35)
65 -> 202 (147)
65 -> 205 (168)
65 -> 220 (79)
65 -> 223 (13)
65 -> 227 (175)
65 -> 249 (32)
65 -> 288 (173)
65 -> 294 (171)
65 -> 311 (167)
65 -> 314 (89)
65 -> 347 (162)
65 -> 365 (55)
66 -> 101 (194)
67 -> 186 (165)
68 -> 98 (131)
69 -> 98 (181)
69 -> 202 (16)
70 -> 25 (96)
70 -> 98 (68)
71 -> 186 (185)
72 -> 25 (109)
72 -> 101 (79)
73 -> 25 (157)
74 -> 186 (199)
75 -> 159 (130)
75 -> 202 (59)
76 -> 202 (175)
77 -> 202 (155)
78 -> 25 (132)
78 -> 98 (59)
79 -> 25 (194)
80 -> 220 (110)
81 -> 202 (182)
82 -> 202 (110)
83 -> 365 (57)
83 -> 387 (127)
84 -> 148 (89)
84 -> 387 (65)
85 -> 133 (22)
86 -> 98 (155)
86 -> 159 (36)
87 -> 25 (139)
88 -> 25 (117)
88 -> 220 (62)
90 -> 387 (127)
91 -> 25 (27)
91 -> 32 (171)
91 -> 71 (80)
91 -> 122 (97)
91 -> 144 (179)
91 -> 190 (164)
91 -> 196 (19)
91 -> 233 (183)
91 -> 310 (91)
91 -> 317 (123)
91 -> 365 (19)
91 -> 387 (50)
91 -> 392 (123)
92 -> 101 (104)
92 -> 387 (73)
93 -> 25 (56)
93 -> 117 (21)
93 -> 140 (13)
93 -> 146 (126)
93 -> 159 (16)
93 -> 164 (37)
93 -> 172 (43)
93 -> 176 (13)
93 -> 186 (158)
93 -> 208 (136)
93 -> 234 (167)
93 -> 239 (154)
93 -> 247 (119)
93 -> 254 (199)
93 -> 255 (134)
93 -> 264 (32)
93 -> 281 (154)
93 -> 296 (162)
93 -> 298 (187)
93 -> 313 (105)
93 -> 321 (32)
93 -> 325 (152)
93 -> 330 (121)
93 -> 351 (139)
93 -> 365 (144)
93 -> 382 (185)
93 -> 390 (179)
93 -> 398 (100)
94 -> 365 (79)
95 -> 25 (104)
95 -> 100 (13)
96 -> 25 (134)
96 -> 98 (9)
97 -> 98 (165)
97 -> 101 (7)
99 -> 8 (73)
99 -> 25 (85)
99 -> 32 (19)
99 -> 42 (178)
99 -> 68 (8)
99 -> 84 (154)
99 -> 98 (131)
99 -> 101 (182)
99 -> 166 (39)
99 -> 214 (17)
99 -> 220 (126)
99 -> 256 (10)
99 -> 259 (200)
99 -> 268 (17)
99 -> 319 (176)
99 -> 337 (119)
99 -> 346 (180)
99 -> 377 (155)
99 -> 384 (143)
99 -> 386 (175)
99 -> 396 (145)
100 -> 220 (131)
102 -> 101 (150)
102 -> 186 (49)
103 -> 220 (105)
104 -> 387 (174)
106 -> 101 (137)
107 -> 25 (198)
108 -> 202 (194)
109 -> 260 (3)
110 -> 186 (148)
111 -> 25 (170)
112 -> 25 (150)
112 -> 27 (175)
112 -> 222 (109)
112 -> 225 (163)
112 -> 273 (5)
112 -> 293 (180)
112 -> 302 (179)
112 -> 314 (37)
112 -> 323 (186)
112 -> 326 (5)
112 -> 336 (132)
112 -> 365 (61)
113 -> 101 (93)
113 -> 159 (96)
115 -> 25 (171)
115 -> 26 (46)
115 -> 56 (84)
115 -> 159 (137)
115 -> 186 (3)
115 -> 202 (141)
115 -> 219 (192)
115 -> 220 (136)
115 -> 234 (17)
115 -> 269 (152)
115 -> 287 (145)
115 -> 295 (96)
115 -> 307 (175)
115 -> 309 (158)
115 -> 332 (199)
116 -> 186 (168)
117 -> 25 (115)
119 -> 25 (139)
119 -> 159 (37)
120 -> 202 (153)
120 -> 365 (18)
121 -> 98 (153)
121 -> 220 (8)
122 -> 186 (194)
123 -> 101 (138)
124 -> 101 (104)
124 -> 387 (75)
125 -> 202 (169)
126 -> 98 (136)
126 -> 186 (15)
127 -> 186 (184)
128 -> 190 (6)
128 -> 195 (168)
129 -> 25 (141)
130 -> 202 (84)
130 -> 220 (72)
131 -> 101 (157)
131 -> 159 (16)
132 -> 98 (90)
132 -> 101 (43)
132 -> 110 (14)
132 -> 127 (48)
132 -> 148 (191)
132 -> 159 (138)
132 -> 220 (4)
132 -> 228 (151)
132 -> 244 (89)
132 -> 269 (27)
132 -> 285 (125)
132 -> 288 (23)
132 -> 291 (185)
132 -> 292 (167)
132 -> 303 (147)
132 -> 333 (195)
132 -> 336 (35)
132 -> 338 (152)
132 -> 341 (102)
132 -> 342 (36)
132 -> 366 (199)
132 -> 368 (193)
132 -> 370 (169)
132 -> 375 (158)
132 -> 381 (169)
132 -> 387 (39)
132 -> 389 (134)
133 -> 387 (200)
134 -> 365 (199)
135 -> 98 (107)
136 -> 25 (38)
136 -> 56 (26)
136 -> 94 (79)
136 -> 98 (71)
136 -> 183 (131)
136 -> 184 (166)
136 -> 202 (28)
136 -> 204 (189)
136 -> 220 (71)
136 -> 226 (21)
136 -> 298 (1)
136 -> 318 (156)
136 -> 327 (176)
136 -> 338 (17)
136 -> 339 (186)
136 -> 355 (134)
136 -> 362 (164)
136 -> 365 (41)
136 -> 383 (185)
136 -> 387 (77)
136 -> 397 (178)
136 -> 398 (56)
137 -> 101 (94)
137 -> 220 (42)
138 -> 202 (156)
139 -> 365 (151)
140 -> 159 (149)
141 -> 202 (192)
142 -> 220 (177)
143 -> 202 (181)
144 -> 159 (179)
145 -> 186 (167)
146 -> 387 (185)
147 -> 365 (200)
148 -> 25 (38)
149 -> 27 (10)
149 -> 98 (39)
149 -> 107 (67)
149 -> 116 (17)
149 -> 147 (46)
149 -> 159 (11)
149 -> 202 (152)
149 -> 220 (127)
149 -> 229 (7)
149 -> 303 (37)
149 -> 347 (19)
150 -> 48 (110)
151 -> 186 (155)
152 -> 25 (88)
152 -> 79 (48)
152 -> 85 (22)
152 -> 159 (162)
152 -> 186 (22)
152 -> 198 (6)
152 -> 221 (190)
152 -> 222 (88)
152 -> 238 (184)
152 -> 250 (167)
152 -> 271 (200)
152 -> 292 (15)
152 -> 302 (9)
152 -> 304 (166)
152 -> 309 (35)
152 -> 340 (156)
152 -> 357 (192)
152 -> 362 (9)
152 -> 387 (143)
153 -> 25 (88)
153 -> 365 (91)
154 -> 60 (20)
154 -> 98 (8)
154 -> 159 (5)
154 -> 230 (172)
154 -> 240 (121)
154 -> 311 (24)
154 -> 343 (120)
154 -> 365 (188)
154 -> 384 (8)
155 -> 103 (105)
155 -> 220 (148)
155 -> 328 (172)
155 -> 352 (146)
155 -> 364 (168)
155 -> 377 (17)
155 -> 378 (3)
156 -> 98 (108)
156 -> 220 (90)
157 -> 365 (151)
158 -> 25 (150)
160 -> 98 (138)
160 -> 186 (25)
161 -> 25 (171)
162 -> 101 (168)
162 -> 387 (23)
163 -> 25 (184)
164 -> 220 (190)
165 -> 159 (149)
166 -> 98 (162)
167 -> 98 (125)
167 -> 186 (38)
168 -> 25 (107)
168 -> 186 (64)
169 -> 220 (142)
169 -> 365 (47)
170 -> 220 (165)
171 -> 98 (191)
172 -> 25 (162)
173 -> 202 (75)
173 -> 220 (97)
174 -> 202 (128)
175 -> 186 (128)
176 -> 387 (176)
177 -> 202 (132)
177 -> 365 (5)
178 -> 87 (5)
179 -> 98 (157)
180 -> 101 (166)
181 -> 25 (181)
182 -> 159 (163)
183 -> 220 (131)
184 -> 159 (166)
185 -> 59 (13)
185 -> 146 (59)
185 -> 159 (1)
185 -> 202 (66)
185 -> 220 (26)
185 -> 266 (174)
185 -> 365 (29)
187 -> 202 (56)
187 -> 365 (41)
188 -> 25 (162)
188 -> 220 (15)
189 -> 220 (192)
190 -> 25 (170)
191 -> 159 (162)
192 -> 202 (150)
193 -> 202 (156)
194 -> 25 (71)
194 -> 186 (52)
195 -> 25 (93)
195 -> 365 (75)
196 -> 25 (178)
197 -> 101 (128)
197 -> 159 (6)
198 -> 25 (185)
199 -> 186 (120)
200 -> 98 (154)
201 -> 101 (175)
201 -> 159 (2)
203 -> 341 (54)
204 -> 98 (123)
204 -> 202 (66)
205 -> 365 (105)
205 -> 387 (63)
206 -> 101 (194)
207 -> 25 (120)
207 -> 186 (17)
208 -> 186 (112)
208 -> 202 (24)
209 -> 98 (169)
209 -> 101 (123)
209 -> 137 (136)
209 -> 202 (116)
209 -> 220 (49)
209 -> 230 (19)
209 -> 361 (128)
210 -> 159 (95)
210 -> 202 (7)
211 -> 159 (158)
211 -> 365 (32)
212 -> 43 (85)
212 -> 101 (59)
212 -> 202 (125)
212 -> 220 (105)
212 -> 301 (136)
212 -> 305 (121)
212 -> 306 (169)
212 -> 365 (35)
212 -> 387 (76)
212 -> 395 (159)
213 -> 220 (103)
213 -> 387 (54)
214 -> 220 (184)
215 -> 101 (131)
215 -> 220 (199)
215 -> 284 (181)
215 -> 355 (53)
216 -> 25 (177)
218 -> 98 (163)
219 -> 101 (116)
219 -> 159 (76)
221 -> 220 (131)
221 -> 365 (59)
222 -> 220 (197)
223 -> 25 (148)
224 -> 25 (171)
224 -> 202 (21)
225 -> 365 (163)
226 -> 186 (189)
227 -> 25 (175)
228 -> 387 (151)
229 -> 98 (195)
230 -> 159 (191)
231 -> 365 (122)
232 -> 159 (147)
232 -> 365 (49)
233 -> 98 (183)
234 -> 98 (184)
235 -> 220 (189)
235 -> 387 (10)
237 -> 202 (142)
238 -> 98 (150)
238 -> 202 (34)
239 -> 387 (154)
240 -> 365 (185)
241 -> 25 (116)
241 -> 148 (199)
241 -> 159 (178)
241 -> 186 (10)
241 -> 202 (76)
241 -> 220 (92)
242 -> 186 (110)
243 -> 202 (190)
243 -> 365 (7)
244 -> 365 (89)
245 -> 25 (199)
246 -> 25 (192)
247 -> 331 (119)
248 -> 101 (139)
248 -> 202 (190)
249 -> 365 (180)
250 -> 101 (165)
250 -> 369 (2)
252 -> 101 (187)
253 -> 98 (126)
253 -> 186 (35)
253 -> 202 (32)
253 -> 240 (64)
253 -> 349 (189)
253 -> 387 (63)
253 -> 391 (162)
254 -> 101 (139)
254 -> 159 (60)
255 -> 98 (134)
256 -> 98 (124)
257 -> 387 (81)
259 -> 25 (123)
259 -> 186 (77)
260 -> 98 (196)
261 -> 365 (114)
262 -> 98 (194)
263 -> 25 (118)
263 -> 101 (134)
263 -> 220 (117)
263 -> 323 (11)
263 -> 387 (73)
264 -> 202 (198)
265 -> 202 (141)
266 -> 365 (174)
268 -> 159 (183)
269 -> 202 (179)
271 -> 25 (126)
271 -> 202 (74)
272 -> 101 (125)
272 -> 220 (49)
273 -> 178 (5)
275 -> 261 (114)
277 -> 25 (118)
277 -> 98 (123)
277 -> 159 (62)
277 -> 344 (138)
277 -> 363 (114)
277 -> 365 (60)
277 -> 394 (186)
278 -> 202 (186)
279 -> 305 (46)
280 -> 202 (84)
280 -> 220 (100)
281 -> 202 (154)
282 -> 25 (23)
282 -> 98 (8)
282 -> 148 (130)
282 -> 202 (102)
282 -> 220 (184)
282 -> 387 (172)
283 -> 98 (195)
283 -> 148 (175)
283 -> 182 (57)
283 -> 186 (52)
283 -> 202 (146)
283 -> 220 (159)
284 -> 202 (181)
285 -> 159 (125)
286 -> 101 (104)
287 -> 186 (168)
288 -> 25 (196)
289 -> 31 (67)
289 -> 101 (189)
289 -> 186 (182)
289 -> 202 (88)
289 -> 365 (34)
290 -> 25 (18)
290 -> 373 (165)
291 -> 202 (181)
291 -> 365 (4)
292 -> 299 (182)
293 -> 25 (146)
293 -> 202 (34)
294 -> 159 (154)
294 -> 387 (17)
295 -> 202 (165)
296 -> 365 (162)
297 -> 365 (14)
297 -> 387 (84)
298 -> 159 (188)
299 -> 25 (182)
300 -> 202 (168)
301 -> 98 (136)
302 -> 202 (188)
303 -> 98 (184)
304 -> 98 (148)
304 -> 365 (18)
305 -> 98 (167)
306 -> 220 (139)
306 -> 365 (30)
307 -> 25 (153)
307 -> 202 (22)
308 -> 287 (23)
309 -> 202 (193)
310 -> 220 (173)
311 -> 25 (191)
312 -> 365 (195)
313 -> 220 (105)
314 -> 25 (126)
315 -> 101 (196)
315 -> 186 (38)
317 -> 387 (123)
318 -> 25 (156)
319 -> 186 (130)
319 -> 202 (46)
321 -> 220 (193)
322 -> 220 (127)
323 -> 202 (197)
324 -> 365 (198)
325 -> 220 (152)
326 -> 74 (73)
327 -> 98 (142)
327 -> 159 (34)
328 -> 98 (172)
329 -> 186 (194)
330 -> 98 (121)
331 -> 387 (119)
332 -> 159 (161)
332 -> 365 (38)
333 -> 101 (195)
334 -> 98 (159)
334 -> 148 (168)
334 -> 159 (52)
334 -> 186 (67)
334 -> 220 (197)
334 -> 365 (179)
335 -> 98 (197)
335 -> 159 (197)
335 -> 202 (4)
335 -> 387 (73)
336 -> 25 (167)
337 -> 220 (67)
337 -> 387 (52)
338 -> 220 (169)
339 -> 98 (164)
339 -> 387 (22)
340 -> 50 (156)
341 -> 387 (156)
342 -> 220 (192)
343 -> 159 (120)
344 -> 365 (118)
344 -> 387 (20)
345 -> 220 (150)
346 -> 98 (128)
346 -> 202 (52)
347 -> 98 (181)
348 -> 159 (179)
349 -> 25 (149)
349 -> 220 (40)
350 -> 101 (102)
350 -> 148 (197)
350 -> 159 (149)
350 -> 220 (165)
350 -> 365 (11)
350 -> 369 (137)
351 -> 159 (120)
351 -> 186 (19)
352 -> 202 (146)
354 -> 25 (110)
354 -> 98 (135)
354 -> 101 (65)
354 -> 220 (56)
354 -> 365 (119)
355 -> 98 (187)
356 -> 98 (87)
356 -> 101 (43)
356 -> 159 (187)
356 -> 202 (32)
356 -> 300 (31)
356 -> 387 (192)
357 -> 98 (184)
357 -> 159 (8)
360 -> 101 (177)
360 -> 159 (83)
360 -> 186 (41)
360 -> 220 (81)
360 -> 365 (125)
361 -> 186 (128)
362 -> 98 (173)
363 -> 365 (114)
364 -> 25 (152)
364 -> 186 (16)
366 -> 25 (154)
366 -> 186 (45)
367 -> 25 (130)
367 -> 98 (41)
367 -> 101 (103)
367 -> 220 (93)
367 -> 324 (55)
368 -> 159 (141)
368 -> 365 (52)
369 -> 98 (139)
370 -> 25 (169)
371 -> 101 (64)
371 -> 148 (154)
371 -> 159 (181)
371 -> 186 (51)
371 -> 202 (104)
371 -> 220 (23)
371 -> 387 (199)
372 -> 220 (146)
372 -> 387 (198)
373 -> 202 (165)
374 -> 25 (35)
374 -> 101 (161)
374 -> 159 (181)
374 -> 186 (57)
374 -> 202 (171)
374 -> 365 (100)
375 -> 186 (158)
376 -> 25 (96)
376 -> 202 (120)
376 -> 220 (176)
376 -> 365 (22)
377 -> 101 (172)
378 -> 25 (184)
381 -> 365 (62)
381 -> 387 (107)
382 -> 98 (163)
382 -> 159 (22)
383 -> 25 (134)
383 -> 186 (51)
384 -> 25 (151)
385 -> 216 (177)
386 -> 25 (120)
386 -> 159 (55)
389 -> 25 (105)
389 -> 174 (29)
390 -> 25 (179)
391 -> 101 (145)
391 -> 186 (17)
392 -> 220 (123)
394 -> 98 (183)
394 -> 186 (3)
395 -> 25 (159)
396 -> 25 (145)
397 -> 98 (176)
397 -> 387 (2)
398 -> 202 (156)
Fluxo: 70527
Arestas removidas: 32216

--Rotas do 2º turno-----------------------------
0 -> 101 (104)
0 -> 186 (66)
2 -> 15 (160)
2 -> 16 (137)
2 -> 21 (153)
2 -> 22 (134)
2 -> 23 (136)
2 -> 33 (175)
2 -> 41 (179)
2 -> 73 (142)
2 -> 75 (112)
2 -> 159 (126)
3 -> 25 (164)
3 -> 365 (21)
4 -> 25 (102)
4 -> 98 (85)
5 -> 0 (170)
5 -> 4 (187)
5 -> 10 (179)
5 -> 12 (168)
5 -> 25 (156)
5 -> 51 (172)
5 -> 54 (119)
5 -> 61 (102)
5 -> 159 (150)
5 -> 186 (123)
7 -> 25 (190)
7 -> 98 (5)
8 -> 220 (189)
9 -> 98 (150)
9 -> 220 (4)
10 -> 25 (179)
11 -> 7 (195)
11 -> 25 (176)
11 -> 26 (88)
11 -> 28 (151)
11 -> 30 (198)
11 -> 39 (166)
11 -> 53 (177)
11 -> 62 (102)
11 -> 74 (126)
11 -> 96 (143)
11 -> 113 (189)
11 -> 116 (78)
12 -> 98 (168)
14 -> 8 (116)
14 -> 64 (180)
14 -> 67 (163)
14 -> 81 (130)
14 -> 82 (110)
14 -> 98 (130)
14 -> 111 (111)
14 -> 129 (119)
14 -> 133 (178)
14 -> 143 (181)
14 -> 145 (167)
14 -> 161 (171)
14 -> 165 (149)
14 -> 167 (163)
14 -> 168 (171)
14 -> 169 (189)
14 -> 192 (150)
14 -> 201 (177)
14 -> 207 (113)
15 -> 98 (160)
16 -> 25 (137)
17 -> 157 (151)
20 -> 38 (199)
20 -> 55 (88)
20 -> 98 (115)
20 -> 120 (171)
20 -> 127 (136)
20 -> 148 (95)
20 -> 151 (155)
20 -> 156 (198)
20 -> 159 (168)
20 -> 166 (123)
20 -> 171 (191)
20 -> 202 (192)
20 -> 220 (192)
21 -> 25 (153)
22 -> 101 (134)
23 -> 101 (136)
24 -> 25 (100)
24 -> 37 (137)
24 -> 70 (164)
24 -> 83 (184)
24 -> 98 (181)
24 -> 122 (97)
24 -> 126 (151)
24 -> 139 (151)
24 -> 141 (153)
24 -> 162 (126)
24 -> 170 (159)
24 -> 174 (99)
24 -> 180 (152)
24 -> 191 (162)
24 -> 196 (159)
24 -> 218 (45)
24 -> 220 (189)
24 -> 365 (142)
26 -> 387 (134)
27 -> 159 (185)
28 -> 202 (123)
28 -> 220 (28)
30 -> 98 (137)
30 -> 159 (61)
31 -> 159 (199)
32 -> 98 (190)
33 -> 220 (175)
35 -> 186 (161)
36 -> 35 (161)
36 -> 57 (132)
36 -> 97 (165)
36 -> 153 (179)
36 -> 160 (163)
36 -> 164 (153)
36 -> 172 (119)
36 -> 173 (172)
36 -> 175 (128)
36 -> 187 (97)
36 -> 197 (129)
36 -> 199 (120)
36 -> 229 (188)
36 -> 232 (196)
36 -> 242 (110)
36 -> 245 (191)
36 -> 264 (166)
36 -> 265 (141)
36 -> 268 (166)
36 -> 278 (186)
36 -> 280 (184)
36 -> 300 (137)
36 -> 312 (109)
36 -> 321 (161)
36 -> 322 (127)
36 -> 345 (150)
37 -> 159 (102)
37 -> 186 (35)
38 -> 98 (197)
38 -> 186 (2)
39 -> 202 (166)
40 -> 5 (142)
40 -> 9 (154)
40 -> 25 (188)
40 -> 46 (184)
40 -> 68 (123)
40 -> 98 (148)
40 -> 124 (168)
40 -> 130 (156)
40 -> 135 (107)
40 -> 140 (136)
40 -> 158 (125)
40 -> 159 (68)
40 -> 180 (14)
40 -> 181 (140)
40 -> 193 (156)
40 -> 203 (54)
40 -> 206 (143)
40 -> 210 (102)
40 -> 231 (122)
40 -> 237 (142)
40 -> 243 (197)
40 -> 257 (81)
40 -> 262 (194)
40 -> 275 (107)
40 -> 376 (155)
40 -> 378 (181)
41 -> 159 (131)
41 -> 387 (48)
42 -> 186 (176)
42 -> 220 (2)
43 -> 159 (85)
44 -> 58 (179)
44 -> 69 (197)
44 -> 71 (105)
44 -> 77 (146)
44 -> 107 (131)
44 -> 119 (176)
44 -> 131 (138)
44 -> 147 (154)
44 -> 163 (184)
44 -> 177 (137)
44 -> 200 (104)
44 -> 202 (147)
44 -> 211 (89)
46 -> 220 (184)
47 -> 2 (174)
47 -> 3 (185)
47 -> 63 (182)
47 -> 134 (178)
47 -> 159 (103)
47 -> 387 (81)
48 -> 98 (110)
49 -> 87 (134)
49 -> 98 (176)
49 -> 101 (98)
49 -> 186 (65)
49 -> 202 (98)
49 -> 220 (167)
49 -> 387 (86)
50 -> 159 (156)
51 -> 186 (125)
51 -> 202 (47)
52 -> 25 (164)
52 -> 372 (27)
53 -> 220 (152)
53 -> 387 (25)
54 -> 202 (119)
55 -> 98 (88)
56 -> 186 (110)
57 -> 159 (104)
57 -> 202 (28)
58 -> 25 (165)
58 -> 159 (14)
59 -> 25 (104)
60 -> 186 (125)
61 -> 98 (102)
62 -> 159 (102)
63 -> 98 (116)
63 -> 186 (66)
64 -> 220 (180)
65 -> 49 (37)
65 -> 52 (191)
65 -> 138 (154)
65 -> 142 (177)
65 -> 159 (164)
65 -> 179 (133)
65 -> 186 (175)
65 -> 188 (177)
65 -> 189 (135)
65 -> 202 (147)
65 -> 205 (168)
65 -> 220 (79)
65 -> 223 (108)
65 -> 227 (175)
65 -> 249 (132)
65 -> 288 (173)
65 -> 294 (171)
65 -> 311 (167)
65 -> 314 (89)
65 -> 347 (162)
65 -> 365 (55)
67 -> 186 (163)
68 -> 98 (131)
69 -> 98 (181)
69 -> 202 (16)
70 -> 25 (96)
70 -> 98 (68)
71 -> 186 (185)
72 -> 25 (17)
73 -> 25 (142)
74 -> 186 (199)
75 -> 159 (112)
77 -> 202 (146)
79 -> 25 (140)
81 -> 202 (130)
82 -> 202 (110)
83 -> 365 (57)
83 -> 387 (127)
84 -> 387 (65)
85 -> 133 (22)
87 -> 25 (139)
91 -> 25 (27)
91 -> 32 (171)
91 -> 36 (14)
91 -> 44 (107)
91 -> 71 (80)
91 -> 122 (97)
91 -> 144 (179)
91 -> 190 (164)
91 -> 196 (19)
91 -> 233 (183)
91 -> 310 (115)
91 -> 317 (123)
91 -> 365 (19)
91 -> 387 (50)
91 -> 392 (123)
93 -> 14 (114)
93 -> 25 (56)
93 -> 117 (112)
93 -> 140 (13)
93 -> 146 (126)
93 -> 159 (16)
93 -> 164 (37)
93 -> 172 (43)
93 -> 176 (105)
93 -> 186 (158)
93 -> 208 (136)
93 -> 234 (167)
93 -> 239 (154)
93 -> 247 (119)
93 -> 254 (128)
93 -> 255 (134)
93 -> 264 (32)
93 -> 281 (154)
93 -> 296 (162)
93 -> 298 (187)
93 -> 313 (105)
93 -> 321 (32)
93 -> 325 (152)
93 -> 330 (121)
93 -> 351 (139)
93 -> 365 (144)
93 -> 382 (185)
93 -> 390 (179)
93 -> 398 (100)
94 -> 365 (79)
96 -> 98 (143)
97 -> 98 (165)
99 -> 8 (73)
99 -> 25 (85)
99 -> 32 (19)
99 -> 42 (178)
99 -> 68 (8)
99 -> 84 (65)
99 -> 98 (131)
99 -> 101 (182)
99 -> 166 (39)
99 -> 214 (170)
99 -> 220 (126)
99 -> 249 (48)
99 -> 256 (120)
99 -> 259 (200)
99 -> 268 (17)
99 -> 319 (176)
99 -> 337 (119)
99 -> 346 (180)
99 -> 348 (89)
99 -> 377 (155)
99 -> 384 (143)
99 -> 386 (175)
99 -> 396 (145)
101 -> 72 (17)
103 -> 220 (105)
107 -> 25 (198)
110 -> 186 (148)
111 -> 25 (111)
112 -> 25 (150)
112 -> 27 (175)
112 -> 115 (158)
112 -> 222 (109)
112 -> 225 (163)
112 -> 273 (5)
112 -> 293 (180)
112 -> 302 (179)
112 -> 314 (37)
112 -> 323 (186)
112 -> 326 (73)
112 -> 336 (132)
112 -> 365 (61)
113 -> 101 (93)
113 -> 159 (96)
115 -> 25 (171)
115 -> 159 (137)
115 -> 202 (141)
115 -> 220 (136)
115 -> 269 (152)
115 -> 287 (145)
115 -> 295 (160)
115 -> 307 (175)
115 -> 332 (146)
116 -> 186 (168)
117 -> 25 (115)
119 -> 25 (139)
119 -> 159 (37)
120 -> 202 (153)
120 -> 365 (18)
122 -> 186 (194)
124 -> 165 (31)
124 -> 387 (137)
126 -> 98 (136)
126 -> 186 (15)
127 -> 186 (184)
129 -> 25 (119)
130 -> 202 (84)
130 -> 220 (72)
131 -> 159 (138)
132 -> 98 (90)
132 -> 110 (148)
132 -> 127 (48)
132 -> 159 (138)
132 -> 220 (4)
132 -> 228 (151)
132 -> 244 (89)
132 -> 269 (27)
132 -> 285 (125)
132 -> 288 (23)
132 -> 291 (185)
132 -> 292 (167)
132 -> 303 (147)
132 -> 333 (195)
132 -> 336 (35)
132 -> 338 (152)
132 -> 341 (102)
132 -> 342 (147)
132 -> 366 (199)
132 -> 368 (193)
132 -> 370 (169)
132 -> 375 (158)
132 -> 381 (169)
132 -> 387 (39)
132 -> 389 (134)
133 -> 387 (200)
134 -> 365 (178)
135 -> 98 (107)
136 -> 20 (78)
136 -> 25 (38)
136 -> 56 (110)
136 -> 94 (79)
136 -> 98 (71)
136 -> 183 (131)
136 -> 184 (166)
136 -> 202 (28)
136 -> 204 (189)
136 -> 220 (71)
136 -> 226 (139)
136 -> 298 (1)
136 -> 318 (156)
136 -> 327 (176)
136 -> 338 (17)
136 -> 339 (186)
136 -> 355 (134)
136 -> 362 (164)
136 -> 365 (41)
136 -> 379 (2)
136 -> 383 (150)
136 -> 387 (77)
136 -> 397 (178)
136 -> 398 (56)
137 -> 220 (136)
138 -> 202 (154)
139 -> 365 (151)
140 -> 159 (149)
141 -> 202 (153)
142 -> 220 (177)
143 -> 202 (181)
144 -> 159 (185)
145 -> 186 (167)
146 -> 387 (185)
147 -> 365 (200)
148 -> 25 (95)
149 -> 27 (10)
149 -> 98 (39)
149 -> 107 (67)
149 -> 116 (90)
149 -> 147 (46)
149 -> 159 (11)
149 -> 202 (152)
149 -> 220 (127)
149 -> 229 (7)
149 -> 303 (37)
149 -> 347 (19)
150 -> 48 (110)
151 -> 186 (155)
152 -> 17 (151)
152 -> 25 (88)
152 -> 79 (140)
152 -> 85 (22)
152 -> 117 (3)
152 -> 159 (162)
152 -> 186 (22)
152 -> 198 (89)
152 -> 221 (190)
152 -> 222 (88)
152 -> 238 (184)
152 -> 250 (23)
152 -> 271 (200)
152 -> 292 (15)
152 -> 302 (9)
152 -> 304 (166)
152 -> 309 (156)
152 -> 340 (156)
152 -> 357 (192)
152 -> 362 (9)
152 -> 387 (143)
153 -> 25 (88)
153 -> 365 (91)
154 -> 60 (125)
154 -> 98 (8)
154 -> 159 (5)
154 -> 230 (172)
154 -> 240 (121)
154 -> 311 (24)
154 -> 343 (120)
154 -> 365 (188)
154 -> 384 (8)
155 -> 103 (105)
155 -> 220 (148)
155 -> 248 (138)
155 -> 328 (172)
155 -> 352 (146)
155 -> 364 (168)
155 -> 377 (17)
155 -> 378 (3)
156 -> 98 (108)
156 -> 220 (90)
157 -> 365 (151)
158 -> 25 (125)
160 -> 98 (138)
160 -> 186 (25)
161 -> 25 (171)
162 -> 387 (126)
163 -> 25 (184)
164 -> 220 (190)
165 -> 159 (180)
166 -> 98 (162)
167 -> 98 (125)
167 -> 186 (38)
168 -> 25 (107)
168 -> 186 (64)
169 -> 220 (142)
169 -> 365 (47)
170 -> 220 (159)
171 -> 98 (191)
172 -> 25 (162)
173 -> 202 (75)
173 -> 220 (97)
174 -> 202 (128)
175 -> 186 (128)
176 -> 387 (105)
177 -> 202 (132)
177 -> 365 (5)
178 -> 87 (5)
179 -> 98 (133)
180 -> 101 (166)
181 -> 25 (140)
182 -> 159 (163)
183 -> 220 (177)
184 -> 159 (166)
185 -> 59 (104)
185 -> 146 (59)
185 -> 159 (1)
185 -> 202 (66)
185 -> 220 (26)
185 -> 266 (174)
185 -> 348 (90)
185 -> 365 (29)
187 -> 202 (56)
187 -> 365 (41)
188 -> 25 (162)
188 -> 220 (15)
189 -> 220 (135)
190 -> 25 (164)
191 -> 159 (162)
192 -> 202 (150)
193 -> 202 (156)
196 -> 25 (178)
197 -> 159 (129)
198 -> 25 (89)
199 -> 186 (120)
200 -> 98 (104)
201 -> 159 (177)
203 -> 341 (54)
204 -> 98 (123)
204 -> 202 (66)
205 -> 365 (105)
205 -> 387 (63)
206 -> 101 (143)
207 -> 25 (113)
208 -> 186 (112)
208 -> 202 (24)
209 -> 98 (169)
209 -> 101 (123)
209 -> 137 (136)
209 -> 202 (116)
209 -> 220 (49)
209 -> 230 (19)
209 -> 361 (128)
210 -> 159 (95)
210 -> 202 (7)
211 -> 159 (89)
212 -> 26 (46)
212 -> 43 (85)
212 -> 202 (125)
212 -> 220 (105)
212 -> 301 (136)
212 -> 305 (121)
212 -> 306 (169)
212 -> 365 (35)
212 -> 387 (76)
212 -> 395 (159)
214 -> 220 (170)
215 -> 101 (131)
215 -> 220 (199)
215 -> 275 (7)
215 -> 284 (181)
215 -> 355 (53)
216 -> 25 (177)
218 -> 98 (163)
221 -> 220 (131)
221 -> 365 (59)
222 -> 220 (197)
223 -> 25 (148)
225 -> 365 (163)
226 -> 186 (189)
227 -> 25 (175)
228 -> 387 (151)
229 -> 98 (195)
230 -> 159 (191)
231 -> 365 (122)
232 -> 159 (147)
232 -> 365 (49)
233 -> 98 (183)
234 -> 98 (167)
237 -> 202 (142)
238 -> 98 (150)
238 -> 202 (34)
239 -> 387 (154)
240 -> 365 (185)
241 -> 25 (116)
241 -> 159 (178)
241 -> 186 (10)
241 -> 202 (76)
241 -> 220 (92)
241 -> 312 (86)
242 -> 186 (110)
243 -> 202 (190)
243 -> 365 (7)
244 -> 365 (89)
245 -> 25 (199)
247 -> 331 (119)
248 -> 202 (190)
248 -> 295 (5)
249 -> 365 (180)
250 -> 369 (23)
253 -> 98 (126)
253 -> 186 (35)
253 -> 202 (32)
253 -> 240 (64)
253 -> 349 (189)
253 -> 387 (63)
253 -> 391 (152)
254 -> 159 (128)
255 -> 98 (134)
256 -> 98 (120)
257 -> 387 (81)
259 -> 25 (123)
259 -> 186 (77)
261 -> 365 (114)
262 -> 98 (194)
263 -> 25 (118)
263 -> 101 (134)
263 -> 220 (117)
263 -> 387 (73)
264 -> 202 (198)
265 -> 202 (141)
266 -> 365 (174)
268 -> 159 (183)
269 -> 202 (179)
271 -> 25 (126)
271 -> 202 (74)
273 -> 178 (5)
275 -> 261 (114)
277 -> 25 (118)
277 -> 98 (123)
277 -> 150 (110)
277 -> 159 (62)
277 -> 223 (40)
277 -> 344 (138)
277 -> 363 (114)
277 -> 365 (60)
277 -> 394 (186)
278 -> 202 (186)
279 -> 305 (46)
280 -> 202 (84)
280 -> 220 (100)
281 -> 202 (154)
282 -> 25 (23)
282 -> 98 (8)
282 -> 202 (102)
282 -> 220 (184)
282 -> 342 (45)
282 -> 387 (172)
283 -> 98 (195)
283 -> 182 (161)
283 -> 186 (52)
283 -> 202 (146)
283 -> 220 (159)
284 -> 202 (181)
285 -> 159 (125)
287 -> 186 (168)
288 -> 25 (196)
289 -> 31 (187)
289 -> 101 (189)
289 -> 186 (182)
289 -> 202 (88)
289 -> 365 (34)
290 -> 25 (18)
290 -> 226 (50)
290 -> 373 (165)
291 -> 202 (181)
291 -> 365 (4)
292 -> 299 (182)
293 -> 25 (146)
293 -> 202 (34)
294 -> 159 (154)
294 -> 387 (17)
295 -> 202 (165)
296 -> 365 (162)
297 -> 365 (14)
297 -> 387 (84)
298 -> 159 (188)
299 -> 25 (182)
300 -> 202 (168)
301 -> 98 (136)
302 -> 202 (188)
303 -> 98 (184)
304 -> 98 (148)
304 -> 365 (18)
305 -> 98 (167)
306 -> 220 (139)
306 -> 365 (30)
307 -> 25 (153)
307 -> 202 (22)
308 -> 287 (23)
309 -> 202 (156)
310 -> 220 (173)
311 -> 25 (191)
312 -> 365 (195)
313 -> 220 (105)
314 -> 25 (126)
315 -> 101 (196)
315 -> 186 (38)
315 -> 308 (23)
317 -> 387 (123)
318 -> 25 (156)
319 -> 183 (46)
319 -> 186 (130)
321 -> 220 (193)
322 -> 220 (127)
323 -> 202 (186)
324 -> 365 (175)
325 -> 220 (152)
326 -> 74 (73)
327 -> 98 (142)
327 -> 159 (34)
328 -> 98 (172)
330 -> 98 (121)
331 -> 387 (119)
332 -> 159 (146)
333 -> 101 (189)
333 -> 144 (6)
334 -> 98 (159)
334 -> 159 (52)
334 -> 186 (67)
334 -> 220 (197)
334 -> 365 (179)
335 -> 98 (197)
335 -> 159 (197)
335 -> 202 (4)
335 -> 387 (73)
336 -> 25 (167)
337 -> 220 (67)
337 -> 387 (52)
338 -> 220 (169)
339 -> 98 (164)
339 -> 387 (22)
340 -> 50 (156)
341 -> 387 (156)
342 -> 220 (192)
343 -> 159 (120)
344 -> 365 (118)
344 -> 387 (20)
345 -> 220 (150)
346 -> 98 (128)
346 -> 202 (52)
347 -> 98 (181)
348 -> 159 (179)
349 -> 25 (149)
349 -> 220 (40)
350 -> 101 (102)
350 -> 159 (149)
350 -> 220 (165)
350 -> 365 (11)
350 -> 369 (137)
351 -> 159 (120)
351 -> 186 (19)
352 -> 202 (146)
354 -> 25 (110)
354 -> 31 (12)
354 -> 98 (135)
354 -> 220 (56)
354 -> 365 (119)
354 -> 385 (94)
355 -> 98 (187)
356 -> 98 (87)
356 -> 159 (187)
356 -> 202 (32)
356 -> 245 (8)
356 -> 300 (31)
356 -> 387 (192)
357 -> 98 (184)
357 -> 159 (8)
360 -> 101 (177)
360 -> 159 (83)
360 -> 186 (41)
360 -> 220 (81)
360 -> 310 (55)
360 -> 365 (125)
361 -> 186 (128)
362 -> 98 (173)
363 -> 365 (114)
364 -> 25 (152)
364 -> 186 (16)
366 -> 25 (154)
366 -> 186 (45)
367 -> 25 (130)
367 -> 98 (41)
367 -> 101 (103)
367 -> 220 (93)
367 -> 324 (175)
367 -> 385 (83)
368 -> 159 (141)
368 -> 365 (52)
369 -> 98 (160)
370 -> 25 (169)
371 -> 159 (181)
371 -> 186 (51)
371 -> 202 (104)
371 -> 220 (23)
371 -> 387 (199)
372 -> 220 (27)
373 -> 202 (165)
374 -> 25 (35)
374 -> 101 (161)
374 -> 159 (181)
374 -> 186 (57)
374 -> 202 (171)
374 -> 218 (118)
374 -> 310 (3)
374 -> 365 (100)
375 -> 186 (158)
376 -> 202 (120)
376 -> 220 (175)
377 -> 101 (172)
378 -> 25 (184)
379 -> 182 (2)
381 -> 365 (62)
381 -> 387 (107)
382 -> 98 (163)
382 -> 159 (22)
383 -> 186 (150)
384 -> 25 (151)
385 -> 216 (177)
386 -> 25 (120)
386 -> 159 (55)
389 -> 25 (105)
389 -> 174 (29)
390 -> 25 (179)
391 -> 186 (152)
392 -> 220 (123)
394 -> 98 (183)
394 -> 186 (3)
395 -> 25 (159)
396 -> 25 (145)
397 -> 98 (176)
397 -> 387 (2)
398 -> 202 (156)
Fluxo: 59345
Arestas removidas: 32862

--Rotas do 3º turno-----------------------------
0 -> 186 (104)
3 -> 25 (164)
3 -> 365 (21)
5 -> 25 (33)
7 -> 25 (1)
8 -> 220 (139)
11 -> 7 (1)
11 -> 25 (176)
14 -> 98 (114)
17 -> 157 (151)
20 -> 98 (59)
24 -> 98 (181)
26 -> 387 (134)
27 -> 159 (185)
31 -> 159 (199)
32 -> 98 (190)
35 -> 186 (155)
36 -> 35 (155)
40 -> 5 (33)
40 -> 25 (188)
40 -> 98 (148)
42 -> 186 (176)
42 -> 220 (2)
43 -> 159 (85)
43 -> 379 (40)
47 -> 3 (185)
47 -> 63 (182)
47 -> 134 (24)
47 -> 159 (103)
48 -> 98 (110)
50 -> 159 (156)
52 -> 25 (150)
56 -> 186 (110)
59 -> 25 (104)
60 -> 186 (125)
63 -> 98 (116)
63 -> 186 (66)
65 -> 52 (150)
65 -> 186 (175)
68 -> 98 (131)
71 -> 186 (154)
72 -> 25 (78)
74 -> 186 (149)
79 -> 25 (140)
84 -> 387 (65)
87 -> 25 (139)
91 -> 11 (177)
91 -> 32 (171)
91 -> 71 (154)
91 -> 122 (168)
93 -> 14 (114)
93 -> 140 (19)
93 -> 186 (158)
93 -> 365 (144)
94 -> 320 (10)
94 -> 365 (79)
99 -> 8 (139)
99 -> 25 (85)
99 -> 32 (19)
99 -> 42 (178)
99 -> 68 (131)
99 -> 84 (65)
99 -> 98 (131)
99 -> 101 (182)
99 -> 132 (149)
99 -> 136 (104)
99 -> 166 (114)
99 -> 214 (170)
99 -> 220 (126)
99 -> 236 (145)
99 -> 249 (144)
99 -> 256 (120)
99 -> 259 (200)
99 -> 268 (145)
99 -> 319 (176)
99 -> 337 (119)
99 -> 346 (180)
99 -> 384 (143)
99 -> 386 (175)
99 -> 396 (145)
101 -> 0 (104)
101 -> 72 (78)
103 -> 220 (105)
107 -> 25 (150)
110 -> 186 (148)
112 -> 25 (150)
112 -> 27 (175)
112 -> 115 (158)
112 -> 222 (109)
112 -> 225 (163)
112 -> 270 (22)
112 -> 273 (139)
112 -> 293 (180)
112 -> 302 (179)
112 -> 314 (124)
112 -> 323 (186)
112 -> 326 (158)
112 -> 336 (132)
112 -> 354 (63)
112 -> 365 (61)
115 -> 25 (158)
116 -> 186 (147)
117 -> 242 (131)
122 -> 186 (168)
127 -> 186 (156)
132 -> 110 (148)
132 -> 127 (156)
132 -> 228 (151)
132 -> 269 (179)
132 -> 288 (172)
132 -> 291 (185)
132 -> 303 (147)
132 -> 366 (199)
132 -> 368 (193)
132 -> 370 (169)
132 -> 375 (158)
132 -> 381 (112)
134 -> 365 (24)
136 -> 56 (110)
136 -> 94 (89)
136 -> 183 (131)
136 -> 184 (166)
136 -> 204 (189)
136 -> 220 (71)
136 -> 226 (139)
136 -> 298 (180)
136 -> 318 (156)
136 -> 327 (176)
136 -> 338 (152)
136 -> 339 (186)
136 -> 355 (134)
136 -> 362 (164)
136 -> 383 (150)
136 -> 387 (77)
136 -> 397 (178)
137 -> 220 (136)
140 -> 159 (19)
146 -> 387 (181)
147 -> 365 (134)
148 -> 20 (59)
148 -> 25 (95)
149 -> 24 (136)
149 -> 27 (10)
149 -> 98 (39)
149 -> 107 (150)
149 -> 116 (147)
149 -> 147 (134)
149 -> 159 (11)
149 -> 202 (152)
149 -> 220 (127)
149 -> 229 (195)
149 -> 303 (37)
149 -> 314 (2)
149 -> 347 (149)
149 -> 392 (123)
149 -> 399 (95)
150 -> 48 (110)
152 -> 24 (45)
152 -> 79 (140)
152 -> 159 (162)
152 -> 221 (190)
152 -> 387 (143)
154 -> 60 (125)
154 -> 98 (8)
154 -> 159 (5)
154 -> 230 (172)
154 -> 240 (121)
154 -> 311 (149)
154 -> 340 (197)
154 -> 343 (120)
154 -> 365 (188)
154 -> 384 (8)
155 -> 103 (105)
155 -> 152 (198)
155 -> 220 (148)
155 -> 248 (144)
155 -> 328 (172)
155 -> 352 (146)
155 -> 364 (168)
155 -> 378 (91)
157 -> 365 (151)
162 -> 387 (10)
166 -> 98 (114)
178 -> 87 (139)
182 -> 159 (161)
183 -> 220 (177)
184 -> 159 (166)
185 -> 59 (104)
185 -> 159 (1)
185 -> 202 (66)
185 -> 220 (26)
185 -> 266 (174)
185 -> 348 (158)
185 -> 365 (29)
204 -> 98 (123)
204 -> 202 (66)
209 -> 98 (169)
209 -> 137 (136)
209 -> 202 (116)
209 -> 220 (49)
209 -> 230 (19)
209 -> 361 (128)
212 -> 43 (125)
212 -> 117 (129)
212 -> 202 (125)
212 -> 220 (105)
212 -> 301 (136)
212 -> 305 (121)
212 -> 306 (169)
212 -> 365 (35)
212 -> 387 (76)
212 -> 395 (159)
214 -> 220 (170)
215 -> 220 (199)
215 -> 275 (178)
215 -> 284 (181)
215 -> 348 (21)
215 -> 355 (53)
216 -> 25 (177)
218 -> 98 (121)
221 -> 220 (131)
221 -> 365 (59)
222 -> 220 (109)
223 -> 25 (148)
225 -> 365 (163)
226 -> 186 (189)
228 -> 387 (151)
229 -> 98 (195)
230 -> 159 (191)
231 -> 365 (95)
236 -> 320 (145)
240 -> 365 (185)
241 -> 25 (116)
241 -> 65 (173)
241 -> 159 (178)
241 -> 186 (10)
241 -> 202 (76)
241 -> 220 (92)
241 -> 312 (165)
242 -> 295 (131)
245 -> 25 (89)
248 -> 202 (144)
249 -> 365 (144)
253 -> 26 (127)
253 -> 98 (126)
253 -> 186 (35)
253 -> 202 (32)
253 -> 240 (64)
253 -> 349 (189)
253 -> 387 (63)
253 -> 391 (162)
256 -> 98 (120)
259 -> 25 (123)
259 -> 186 (77)
261 -> 365 (114)
263 -> 25 (98)
266 -> 365 (174)
268 -> 159 (145)
269 -> 202 (179)
270 -> 385 (22)
273 -> 178 (139)
275 -> 261 (114)
275 -> 345 (64)
277 -> 25 (118)
277 -> 98 (123)
277 -> 150 (92)
277 -> 159 (62)
277 -> 344 (138)
277 -> 363 (114)
277 -> 365 (60)
277 -> 394 (186)
279 -> 17 (151)
279 -> 26 (7)
279 -> 47 (195)
279 -> 117 (2)
279 -> 223 (148)
279 -> 305 (46)
282 -> 25 (23)
282 -> 98 (8)
282 -> 150 (18)
282 -> 202 (102)
282 -> 220 (184)
282 -> 387 (172)
283 -> 98 (195)
283 -> 182 (161)
283 -> 186 (52)
283 -> 202 (146)
283 -> 220 (159)
284 -> 202 (181)
287 -> 186 (134)
288 -> 25 (172)
289 -> 31 (187)
289 -> 186 (182)
289 -> 202 (88)
289 -> 365 (34)
290 -> 25 (18)
290 -> 226 (50)
290 -> 373 (165)
291 -> 202 (181)
291 -> 365 (4)
293 -> 25 (146)
293 -> 202 (34)
295 -> 202 (131)
297 -> 365 (14)
297 -> 387 (84)
298 -> 159 (180)
300 -> 202 (108)
301 -> 98 (136)
302 -> 202 (179)
303 -> 98 (184)
305 -> 98 (167)
306 -> 220 (139)
306 -> 365 (30)
308 -> 287 (134)
310 -> 220 (173)
311 -> 25 (149)
312 -> 365 (165)
314 -> 25 (126)
315 -> 186 (38)
315 -> 308 (109)
318 -> 25 (156)
319 -> 183 (46)
319 -> 186 (130)
320 -> 36 (155)
321 -> 220 (9)
323 -> 202 (186)
324 -> 365 (175)
326 -> 74 (149)
326 -> 321 (9)
327 -> 98 (142)
327 -> 159 (34)
328 -> 98 (172)
334 -> 40 (163)
334 -> 93 (195)
334 -> 98 (159)
334 -> 146 (181)
334 -> 159 (52)
334 -> 186 (67)
334 -> 220 (197)
334 -> 365 (179)
335 -> 98 (197)
335 -> 159 (197)
335 -> 202 (4)
335 -> 308 (25)
335 -> 342 (79)
335 -> 387 (73)
336 -> 25 (132)
337 -> 220 (67)
337 -> 387 (52)
338 -> 220 (152)
339 -> 98 (164)
339 -> 387 (22)
340 -> 50 (156)
340 -> 379 (41)
342 -> 220 (192)
343 -> 159 (120)
344 -> 365 (118)
344 -> 387 (20)
345 -> 220 (145)
346 -> 98 (128)
346 -> 202 (52)
347 -> 98 (149)
348 -> 159 (179)
349 -> 25 (149)
349 -> 220 (40)
350 -> 159 (149)
350 -> 220 (165)
350 -> 342 (113)
350 -> 365 (11)
350 -> 369 (137)
352 -> 202 (146)
354 -> 25 (110)
354 -> 98 (135)
354 -> 365 (119)
355 -> 98 (187)
356 -> 98 (87)
356 -> 159 (187)
356 -> 202 (32)
356 -> 245 (89)
356 -> 300 (108)
356 -> 387 (192)
360 -> 31 (12)
360 -> 159 (83)
360 -> 186 (41)
360 -> 220 (81)
360 -> 310 (55)
360 -> 365 (125)
361 -> 186 (128)
362 -> 98 (164)
363 -> 365 (114)
364 -> 25 (152)
364 -> 186 (16)
366 -> 25 (154)
366 -> 186 (45)
367 -> 25 (130)
367 -> 98 (41)
367 -> 220 (93)
367 -> 324 (175)
367 -> 385 (155)
368 -> 159 (141)
368 -> 365 (52)
369 -> 98 (137)
370 -> 25 (169)
371 -> 148 (154)
371 -> 159 (181)
371 -> 186 (51)
371 -> 202 (104)
371 -> 220 (23)
371 -> 387 (199)
373 -> 202 (165)
374 -> 25 (35)
374 -> 159 (181)
374 -> 186 (57)
374 -> 202 (171)
374 -> 218 (121)
374 -> 310 (118)
374 -> 365 (100)
375 -> 186 (158)
378 -> 25 (91)
379 -> 345 (81)
381 -> 365 (62)
381 -> 387 (50)
383 -> 186 (150)
384 -> 25 (151)
385 -> 216 (177)
386 -> 25 (120)
386 -> 159 (55)
391 -> 162 (10)
391 -> 186 (152)
392 -> 220 (123)
394 -> 98 (183)
394 -> 186 (3)
395 -> 25 (159)
396 -> 25 (145)
397 -> 98 (176)
397 -> 387 (2)
399 -> 231 (95)
Fluxo: 29418
Arestas removidas: 33508

--Rotas do 4º turno-----------------------------
3 -> 25 (92)
8 -> 220 (139)
11 -> 25 (161)
17 -> 157 (151)
20 -> 98 (59)
24 -> 98 (136)
26 -> 387 (134)
27 -> 159 (185)
31 -> 159 (199)
32 -> 98 (170)
40 -> 25 (163)
42 -> 186 (176)
42 -> 220 (2)
43 -> 159 (85)
43 -> 251 (66)
43 -> 379 (40)
47 -> 3 (92)
47 -> 159 (103)
48 -> 98 (110)
50 -> 159 (156)
59 -> 25 (104)
60 -> 186 (125)
65 -> 186 (173)
68 -> 98 (131)
74 -> 186 (149)
87 -> 25 (139)
91 -> 11 (161)
93 -> 186 (158)
93 -> 365 (37)
99 -> 8 (139)
99 -> 32 (170)
99 -> 42 (178)
99 -> 68 (131)
99 -> 98 (131)
99 -> 136 (148)
99 -> 214 (170)
99 -> 220 (126)
99 -> 249 (140)
103 -> 220 (105)
107 -> 25 (150)
112 -> 25 (150)
112 -> 27 (175)
112 -> 115 (158)
112 -> 222 (109)
112 -> 225 (163)
112 -> 270 (22)
112 -> 273 (139)
112 -> 293 (180)
112 -> 302 (179)
112 -> 314 (124)
112 -> 323 (186)
112 -> 326 (158)
112 -> 336 (132)
112 -> 354 (121)
112 -> 365 (61)
115 -> 25 (158)
116 -> 186 (147)
117 -> 242 (131)
136 -> 220 (71)
136 -> 387 (77)
137 -> 220 (136)
146 -> 387 (181)
147 -> 365 (134)
148 -> 20 (59)
148 -> 25 (95)
149 -> 24 (136)
149 -> 27 (10)
149 -> 98 (39)
149 -> 107 (150)
149 -> 116 (147)
149 -> 147 (134)
149 -> 159 (11)
149 -> 202 (152)
149 -> 220 (127)
149 -> 229 (195)
149 -> 303 (143)
149 -> 314 (2)
149 -> 347 (149)
149 -> 392 (123)
149 -> 399 (101)
150 -> 48 (110)
152 -> 159 (162)
152 -> 387 (36)
154 -> 60 (125)
154 -> 98 (8)
154 -> 159 (5)
154 -> 230 (172)
154 -> 240 (121)
154 -> 311 (149)
154 -> 340 (197)
154 -> 343 (120)
154 -> 365 (188)
154 -> 384 (149)
155 -> 99 (155)
155 -> 103 (105)
155 -> 152 (198)
155 -> 220 (148)
155 -> 248 (144)
155 -> 328 (172)
155 -> 352 (146)
155 -> 364 (168)
155 -> 378 (91)
157 -> 365 (151)
162 -> 387 (10)
178 -> 87 (139)
182 -> 159 (161)
185 -> 59 (104)
185 -> 159 (1)
185 -> 202 (66)
185 -> 220 (26)
185 -> 266 (174)
185 -> 277 (174)
185 -> 348 (158)
185 -> 365 (29)
209 -> 98 (169)
209 -> 137 (136)
209 -> 202 (116)
209 -> 220 (49)
209 -> 230 (19)
209 -> 361 (128)
209 -> 393 (154)
212 -> 43 (191)
212 -> 117 (129)
212 -> 202 (125)
212 -> 220 (105)
212 -> 301 (136)
212 -> 305 (121)
212 -> 306 (169)
212 -> 365 (35)
212 -> 387 (76)
212 -> 395 (159)
214 -> 220 (170)
215 -> 220 (199)
215 -> 275 (178)
215 -> 284 (181)
215 -> 348 (21)
215 -> 355 (170)
216 -> 25 (177)
218 -> 98 (121)
222 -> 220 (109)
223 -> 25 (148)
225 -> 365 (163)
226 -> 186 (189)
228 -> 387 (66)
229 -> 98 (195)
230 -> 159 (191)
231 -> 365 (95)
240 -> 365 (185)
241 -> 25 (116)
241 -> 65 (173)
241 -> 159 (178)
241 -> 186 (10)
241 -> 202 (76)
241 -> 220 (92)
241 -> 312 (165)
242 -> 295 (131)
245 -> 25 (89)
248 -> 202 (144)
249 -> 365 (140)
251 -> 228 (66)
253 -> 26 (127)
253 -> 98 (126)
253 -> 186 (35)
253 -> 202 (32)
253 -> 240 (64)
253 -> 349 (189)
253 -> 387 (63)
253 -> 391 (162)
261 -> 365 (114)
266 -> 365 (174)
270 -> 385 (22)
273 -> 178 (139)
275 -> 261 (114)
275 -> 345 (64)
277 -> 25 (118)
277 -> 98 (56)
279 -> 17 (151)
279 -> 26 (7)
279 -> 47 (195)
279 -> 117 (2)
279 -> 223 (148)
279 -> 305 (46)
282 -> 25 (23)
282 -> 91 (118)
282 -> 98 (8)
282 -> 202 (102)
282 -> 220 (184)
282 -> 387 (172)
283 -> 98 (195)
283 -> 182 (161)
283 -> 186 (52)
283 -> 202 (146)
283 -> 220 (159)
284 -> 202 (181)
287 -> 186 (134)
289 -> 31 (187)
289 -> 150 (110)
289 -> 186 (182)
289 -> 202 (88)
289 -> 365 (34)
289 -> 393 (35)
290 -> 25 (18)
290 -> 373 (165)
293 -> 25 (146)
293 -> 202 (34)
295 -> 202 (131)
297 -> 365 (14)
297 -> 387 (84)
300 -> 202 (108)
301 -> 98 (136)
302 -> 202 (179)
303 -> 98 (149)
305 -> 98 (167)
306 -> 220 (139)
306 -> 365 (30)
308 -> 287 (134)
310 -> 220 (173)
311 -> 25 (149)
312 -> 365 (165)
314 -> 25 (126)
315 -> 186 (38)
315 -> 308 (109)
321 -> 220 (9)
323 -> 202 (186)
324 -> 365 (175)
326 -> 74 (149)
326 -> 321 (9)
328 -> 98 (172)
334 -> 40 (163)
334 -> 93 (195)
334 -> 98 (159)
334 -> 146 (181)
334 -> 159 (52)
334 -> 186 (67)
334 -> 220 (197)
334 -> 354 (14)
334 -> 365 (179)
335 -> 98 (197)
335 -> 159 (197)
335 -> 202 (4)
335 -> 308 (25)
335 -> 342 (79)
335 -> 387 (73)
336 -> 25 (132)
340 -> 50 (156)
340 -> 379 (41)
342 -> 220 (192)
343 -> 159 (120)
345 -> 220 (145)
347 -> 98 (149)
348 -> 159 (179)
349 -> 25 (149)
349 -> 220 (40)
350 -> 159 (149)
350 -> 220 (165)
350 -> 342 (113)
350 -> 365 (11)
350 -> 369 (137)
352 -> 202 (146)
354 -> 98 (135)
355 -> 98 (170)
356 -> 98 (87)
356 -> 159 (187)
356 -> 202 (32)
356 -> 245 (89)
356 -> 300 (108)
356 -> 387 (192)
360 -> 31 (12)
360 -> 159 (83)
360 -> 186 (41)
360 -> 220 (81)
360 -> 310 (55)
360 -> 365 (125)
361 -> 186 (128)
364 -> 25 (152)
364 -> 186 (16)
367 -> 25 (130)
367 -> 98 (41)
367 -> 220 (93)
367 -> 324 (175)
367 -> 385 (155)
369 -> 98 (137)
371 -> 148 (154)
371 -> 159 (181)
371 -> 186 (51)
371 -> 202 (104)
371 -> 220 (23)
371 -> 387 (199)
373 -> 202 (165)
374 -> 25 (35)
374 -> 159 (181)
374 -> 186 (57)
374 -> 202 (171)
374 -> 218 (121)
374 -> 310 (118)
374 -> 365 (100)
378 -> 25 (91)
379 -> 345 (81)
384 -> 25 (149)
385 -> 216 (177)
391 -> 162 (10)
391 -> 186 (152)
392 -> 220 (123)
393 -> 226 (189)
395 -> 25 (159)
399 -> 231 (95)
399 -> 303 (6)
Fluxo: 21035
Arestas removidas: 33599

--Rotas do 5º turno-----------------------------
3 -> 25 (92)
11 -> 25 (118)
17 -> 157 (151)
20 -> 98 (59)
24 -> 98 (136)
26 -> 387 (134)
27 -> 159 (185)
31 -> 159 (199)
40 -> 25 (163)
43 -> 159 (85)
43 -> 251 (66)
43 -> 379 (40)
47 -> 3 (92)
47 -> 159 (103)
48 -> 98 (110)
50 -> 159 (156)
59 -> 25 (104)
60 -> 186 (125)
65 -> 186 (173)
91 -> 11 (118)
93 -> 186 (158)
93 -> 365 (37)
99 -> 98 (131)
99 -> 220 (24)
103 -> 220 (105)
107 -> 25 (150)
112 -> 27 (175)
112 -> 115 (158)
112 -> 225 (163)
112 -> 293 (180)
112 -> 302 (179)
112 -> 323 (135)
115 -> 25 (158)
116 -> 186 (147)
117 -> 242 (131)
137 -> 220 (136)
146 -> 387 (181)
147 -> 365 (134)
148 -> 20 (59)
148 -> 25 (95)
149 -> 24 (136)
149 -> 27 (10)
149 -> 98 (39)
149 -> 107 (150)
149 -> 116 (147)
149 -> 147 (134)
149 -> 159 (11)
149 -> 202 (152)
149 -> 220 (127)
149 -> 229 (195)
149 -> 241 (81)
149 -> 303 (143)
149 -> 314 (107)
149 -> 347 (149)
149 -> 392 (135)
149 -> 399 (101)
150 -> 48 (110)
152 -> 159 (162)
152 -> 387 (36)
154 -> 60 (125)
154 -> 98 (8)
154 -> 159 (5)
154 -> 209 (138)
154 -> 230 (172)
154 -> 240 (121)
154 -> 311 (149)
154 -> 340 (197)
154 -> 343 (120)
154 -> 365 (188)
154 -> 384 (149)
155 -> 99 (155)
155 -> 103 (105)
155 -> 112 (158)
155 -> 152 (198)
155 -> 220 (148)
155 -> 248 (144)
155 -> 328 (172)
155 -> 352 (146)
155 -> 364 (168)
155 -> 378 (91)
157 -> 365 (151)
162 -> 387 (10)
185 -> 59 (104)
185 -> 159 (1)
185 -> 202 (66)
185 -> 220 (26)
185 -> 266 (174)
185 -> 277 (174)
185 -> 348 (158)
185 -> 350 (137)
185 -> 365 (29)
209 -> 98 (169)
209 -> 137 (136)
209 -> 202 (116)
209 -> 361 (128)
209 -> 393 (52)
212 -> 43 (191)
212 -> 117 (129)
212 -> 202 (125)
212 -> 220 (105)
212 -> 301 (136)
212 -> 305 (121)
212 -> 306 (169)
212 -> 365 (35)
212 -> 387 (76)
212 -> 395 (159)
215 -> 220 (199)
215 -> 275 (178)
215 -> 284 (181)
215 -> 348 (21)
215 -> 355 (170)
216 -> 25 (155)
218 -> 98 (121)
223 -> 25 (148)
225 -> 365 (163)
226 -> 186 (161)
228 -> 387 (66)
229 -> 98 (195)
230 -> 159 (172)
231 -> 365 (95)
240 -> 365 (185)
241 -> 25 (116)
241 -> 65 (173)
241 -> 159 (178)
241 -> 220 (92)
241 -> 312 (118)
242 -> 295 (131)
245 -> 25 (89)
248 -> 202 (144)
251 -> 228 (66)
253 -> 26 (127)
253 -> 98 (126)
253 -> 186 (35)
253 -> 202 (32)
253 -> 240 (64)
253 -> 349 (189)
253 -> 387 (63)
253 -> 391 (162)
261 -> 365 (114)
266 -> 365 (174)
275 -> 261 (114)
275 -> 345 (64)
277 -> 25 (118)
277 -> 98 (56)
279 -> 17 (151)
279 -> 26 (7)
279 -> 47 (195)
279 -> 117 (2)
279 -> 223 (148)
279 -> 305 (46)
282 -> 91 (118)
282 -> 98 (8)
282 -> 202 (102)
282 -> 220 (184)
282 -> 387 (172)
283 -> 98 (195)
283 -> 202 (146)
283 -> 220 (11)
284 -> 202 (181)
287 -> 186 (134)
289 -> 31 (187)
289 -> 150 (110)
289 -> 186 (182)
289 -> 202 (88)
289 -> 314 (19)
289 -> 365 (34)
289 -> 393 (109)
290 -> 283 (175)
290 -> 373 (165)
293 -> 25 (146)
293 -> 202 (34)
295 -> 202 (131)
297 -> 365 (14)
297 -> 387 (84)
300 -> 202 (108)
301 -> 98 (136)
302 -> 202 (179)
303 -> 98 (149)
305 -> 98 (167)
306 -> 220 (139)
306 -> 365 (30)
308 -> 287 (134)
310 -> 220 (173)
311 -> 25 (149)
312 -> 365 (118)
314 -> 25 (126)
315 -> 186 (38)
315 -> 308 (109)
323 -> 202 (135)
324 -> 365 (175)
328 -> 98 (172)
334 -> 40 (163)
334 -> 93 (195)
334 -> 98 (159)
334 -> 146 (181)
334 -> 159 (52)
334 -> 186 (67)
334 -> 220 (197)
334 -> 354 (111)
334 -> 365 (179)
335 -> 98 (197)
335 -> 159 (197)
335 -> 202 (4)
335 -> 308 (25)
335 -> 342 (79)
335 -> 387 (73)
340 -> 50 (156)
340 -> 379 (41)
342 -> 220 (192)
343 -> 159 (120)
345 -> 220 (145)
347 -> 98 (149)
348 -> 159 (179)
349 -> 25 (149)
349 -> 220 (40)
350 -> 159 (149)
350 -> 220 (165)
350 -> 342 (112)
350 -> 365 (11)
350 -> 369 (137)
352 -> 202 (146)
354 -> 98 (111)
355 -> 98 (170)
356 -> 98 (87)
356 -> 159 (187)
356 -> 202 (32)
356 -> 245 (89)
356 -> 300 (108)
356 -> 387 (192)
360 -> 159 (83)
360 -> 186 (41)
360 -> 220 (81)
360 -> 310 (55)
360 -> 365 (125)
361 -> 186 (128)
364 -> 25 (152)
364 -> 186 (16)
367 -> 25 (130)
367 -> 98 (41)
367 -> 220 (93)
367 -> 324 (175)
367 -> 385 (155)
369 -> 98 (137)
371 -> 148 (154)
371 -> 159 (181)
371 -> 186 (51)
371 -> 202 (104)
371 -> 342 (1)
371 -> 387 (199)
373 -> 202 (165)
374 -> 159 (181)
374 -> 186 (57)
374 -> 202 (171)
374 -> 218 (121)
374 -> 310 (118)
374 -> 365 (100)
378 -> 25 (91)
379 -> 345 (81)
384 -> 25 (149)
385 -> 216 (155)
391 -> 162 (10)
391 -> 186 (152)
392 -> 31 (12)
392 -> 220 (123)
393 -> 226 (161)
395 -> 25 (159)
399 -> 231 (95)
399 -> 303 (6)
Fluxo: 18279
Arestas removidas: 33677

--Rotas do 6º turno-----------------------------
5 -> 159 (15)
14 -> 98 (37)
24 -> 98 (136)
25 -> 202 (190)
26 -> 387 (134)
27 -> 159 (180)
31 -> 159 (199)
32 -> 98 (142)
40 -> 5 (15)
40 -> 98 (148)
43 -> 159 (85)
43 -> 251 (66)
47 -> 63 (92)
47 -> 159 (103)
48 -> 98 (110)
50 -> 159 (156)
60 -> 186 (125)
63 -> 98 (92)
91 -> 32 (118)
92 -> 387 (106)
93 -> 14 (37)
93 -> 186 (158)
99 -> 32 (24)
99 -> 98 (131)
107 -> 25 (150)
112 -> 293 (158)
116 -> 186 (147)
117 -> 242 (131)
146 -> 387 (181)
147 -> 365 (134)
149 -> 24 (136)
149 -> 27 (180)
149 -> 98 (39)
149 -> 107 (150)
149 -> 116 (147)
149 -> 147 (134)
149 -> 159 (11)
149 -> 202 (152)
149 -> 229 (195)
149 -> 241 (81)
149 -> 303 (143)
149 -> 314 (12)
149 -> 347 (149)
149 -> 399 (6)
150 -> 48 (110)
151 -> 186 (157)
152 -> 159 (162)
152 -> 387 (36)
154 -> 60 (125)
154 -> 98 (8)
154 -> 159 (5)
154 -> 209 (138)
154 -> 230 (172)
154 -> 240 (121)
154 -> 311 (118)
154 -> 340 (156)
154 -> 343 (120)
154 -> 365 (188)
155 -> 99 (155)
155 -> 112 (158)
155 -> 152 (198)
155 -> 220 (148)
155 -> 248 (144)
155 -> 328 (172)
155 -> 352 (146)
155 -> 364 (168)
156 -> 98 (108)
162 -> 387 (10)
173 -> 202 (4)
175 -> 186 (32)
177 -> 202 (61)
184 -> 159 (131)
185 -> 159 (1)
185 -> 202 (66)
185 -> 266 (174)
185 -> 277 (123)
185 -> 348 (158)
185 -> 350 (159)
209 -> 98 (169)
210 -> 159 (32)
212 -> 43 (151)
212 -> 117 (129)
212 -> 202 (125)
212 -> 301 (136)
212 -> 305 (121)
212 -> 306 (169)
212 -> 387 (76)
212 -> 395 (159)
215 -> 220 (118)
215 -> 284 (181)
215 -> 348 (21)
215 -> 355 (170)
216 -> 92 (106)
218 -> 98 (121)
220 -> 186 (174)
226 -> 186 (78)
228 -> 387 (66)
229 -> 98 (195)
230 -> 159 (172)
240 -> 365 (185)
241 -> 159 (81)
242 -> 295 (131)
243 -> 202 (11)
248 -> 202 (144)
251 -> 228 (66)
253 -> 26 (127)
253 -> 98 (126)
253 -> 186 (35)
253 -> 202 (32)
253 -> 240 (64)
253 -> 349 (189)
253 -> 387 (63)
253 -> 391 (162)
266 -> 184 (131)
266 -> 210 (32)
266 -> 243 (11)
277 -> 98 (123)
279 -> 26 (7)
279 -> 47 (195)
279 -> 117 (2)
279 -> 305 (46)
282 -> 91 (118)
282 -> 98 (8)
282 -> 202 (102)
282 -> 387 (172)
283 -> 98 (175)
284 -> 202 (181)
287 -> 186 (134)
289 -> 31 (187)
289 -> 150 (110)
289 -> 186 (182)
289 -> 202 (88)
289 -> 393 (109)
290 -> 283 (175)
290 -> 373 (165)
293 -> 202 (158)
295 -> 202 (131)
297 -> 387 (84)
300 -> 202 (108)
301 -> 98 (157)
303 -> 98 (149)
304 -> 98 (93)
305 -> 98 (167)
306 -> 156 (108)
306 -> 177 (61)
308 -> 287 (134)
311 -> 25 (118)
314 -> 31 (12)
315 -> 186 (38)
315 -> 308 (109)
324 -> 365 (169)
328 -> 98 (172)
332 -> 159 (45)
334 -> 40 (163)
334 -> 93 (195)
334 -> 98 (159)
334 -> 146 (181)
334 -> 159 (52)
334 -> 186 (67)
334 -> 354 (111)
334 -> 365 (179)
335 -> 98 (197)
335 -> 159 (197)
335 -> 202 (4)
335 -> 308 (25)
335 -> 387 (73)
340 -> 50 (156)
343 -> 159 (120)
347 -> 98 (149)
348 -> 159 (179)
349 -> 151 (157)
349 -> 175 (32)
350 -> 159 (149)
350 -> 369 (10)
352 -> 202 (146)
354 -> 98 (111)
355 -> 98 (170)
356 -> 98 (87)
356 -> 159 (187)
356 -> 202 (32)
356 -> 300 (108)
356 -> 387 (192)
360 -> 159 (83)
360 -> 186 (41)
360 -> 365 (125)
364 -> 173 (4)
364 -> 186 (164)
365 -> 159 (145)
367 -> 25 (130)
367 -> 98 (41)
367 -> 324 (169)
367 -> 385 (106)
369 -> 98 (10)
371 -> 159 (181)
371 -> 186 (51)
371 -> 202 (104)
371 -> 387 (199)
373 -> 202 (165)
374 -> 159 (181)
374 -> 186 (57)
374 -> 202 (171)
374 -> 218 (121)
385 -> 216 (106)
391 -> 162 (10)
391 -> 186 (152)
393 -> 209 (31)
393 -> 226 (78)
395 -> 301 (21)
395 -> 304 (93)
395 -> 332 (45)
399 -> 303 (6)
Fluxo: 12876
Arestas removidas: 33853

--Rotas do 7º turno-----------------------------
5 -> 186 (15)
14 -> 98 (37)
24 -> 98 (136)
25 -> 202 (190)
26 -> 387 (134)
27 -> 159 (180)
31 -> 159 (199)
32 -> 98 (142)
40 -> 5 (15)
40 -> 98 (148)
43 -> 159 (85)
43 -> 251 (66)
44 -> 69 (7)
44 -> 202 (147)
47 -> 63 (92)
47 -> 159 (103)
48 -> 98 (110)
50 -> 159 (156)
60 -> 186 (125)
63 -> 98 (92)
69 -> 98 (7)
91 -> 32 (118)
92 -> 387 (106)
93 -> 14 (37)
93 -> 186 (158)
99 -> 32 (24)
99 -> 98 (131)
107 -> 25 (60)
112 -> 293 (158)
116 -> 186 (147)
117 -> 242 (131)
146 -> 387 (181)
147 -> 44 (154)
149 -> 24 (136)
149 -> 27 (180)
149 -> 98 (39)
149 -> 107 (60)
149 -> 116 (147)
149 -> 147 (134)
149 -> 159 (11)
149 -> 202 (152)
149 -> 229 (195)
149 -> 241 (81)
149 -> 303 (143)
149 -> 314 (12)
149 -> 347 (149)
149 -> 399 (6)
150 -> 48 (110)
151 -> 186 (157)
152 -> 159 (162)
152 -> 387 (36)
154 -> 60 (125)
154 -> 98 (8)
154 -> 159 (5)
154 -> 209 (138)
154 -> 230 (172)
154 -> 340 (156)
154 -> 343 (120)
154 -> 365 (165)
155 -> 99 (155)
155 -> 112 (158)
155 -> 152 (198)
155 -> 220 (148)
155 -> 248 (144)
155 -> 328 (172)
155 -> 352 (146)
155 -> 364 (168)
156 -> 98 (108)
162 -> 387 (10)
173 -> 202 (4)
175 -> 186 (32)
177 -> 202 (61)
184 -> 159 (39)
185 -> 159 (1)
185 -> 202 (66)
185 -> 266 (174)
185 -> 277 (123)
185 -> 348 (158)
185 -> 350 (159)
209 -> 98 (169)
210 -> 202 (32)
212 -> 43 (151)
212 -> 117 (129)
212 -> 202 (125)
212 -> 301 (136)
212 -> 305 (121)
212 -> 306 (169)
212 -> 387 (76)
212 -> 395 (159)
215 -> 220 (26)
215 -> 284 (181)
215 -> 348 (21)
215 -> 355 (170)
216 -> 92 (106)
218 -> 98 (121)
220 -> 186 (174)
226 -> 186 (78)
228 -> 387 (66)
229 -> 98 (195)
230 -> 159 (172)
241 -> 159 (81)
242 -> 295 (131)
243 -> 202 (12)
248 -> 202 (144)
251 -> 228 (66)
253 -> 26 (127)
253 -> 98 (126)
253 -> 186 (35)
253 -> 202 (32)
253 -> 349 (189)
253 -> 387 (63)
253 -> 391 (162)
255 -> 98 (62)
266 -> 184 (39)
266 -> 210 (32)
266 -> 243 (12)
266 -> 255 (62)
266 -> 291 (29)
277 -> 98 (123)
279 -> 26 (7)
279 -> 47 (195)
279 -> 117 (2)
279 -> 305 (46)
282 -> 91 (118)
282 -> 98 (8)
282 -> 202 (102)
282 -> 387 (172)
283 -> 98 (175)
284 -> 202 (181)
287 -> 186 (134)
289 -> 31 (187)
289 -> 150 (110)
289 -> 186 (182)
289 -> 202 (88)
289 -> 393 (109)
290 -> 283 (175)
290 -> 373 (165)
291 -> 202 (29)
293 -> 202 (158)
295 -> 202 (131)
297 -> 387 (84)
300 -> 202 (108)
301 -> 98 (157)
303 -> 98 (149)
304 -> 98 (93)
305 -> 98 (167)
306 -> 156 (108)
306 -> 177 (61)
308 -> 287 (134)
314 -> 31 (12)
315 -> 186 (38)
315 -> 308 (109)
328 -> 98 (172)
334 -> 40 (163)
334 -> 93 (195)
334 -> 98 (159)
334 -> 146 (181)
334 -> 159 (52)
334 -> 186 (67)
334 -> 354 (111)
335 -> 98 (197)
335 -> 159 (197)
335 -> 202 (4)
335 -> 308 (25)
335 -> 387 (73)
340 -> 50 (156)
343 -> 159 (120)
344 -> 387 (45)
347 -> 98 (149)
348 -> 159 (179)
349 -> 151 (157)
349 -> 175 (32)
350 -> 159 (149)
350 -> 369 (10)
352 -> 202 (146)
354 -> 98 (111)
355 -> 98 (170)
356 -> 98 (87)
356 -> 159 (187)
356 -> 202 (32)
356 -> 300 (108)
356 -> 387 (192)
360 -> 159 (83)
360 -> 186 (41)
364 -> 173 (4)
364 -> 186 (164)
365 -> 147 (20)
365 -> 159 (145)
367 -> 25 (130)
367 -> 98 (41)
367 -> 385 (106)
369 -> 98 (10)
371 -> 159 (181)
371 -> 186 (51)
371 -> 202 (104)
371 -> 387 (199)
373 -> 202 (165)
374 -> 159 (181)
374 -> 186 (57)
374 -> 202 (171)
374 -> 218 (121)
385 -> 216 (106)
391 -> 162 (10)
391 -> 186 (152)
393 -> 209 (31)
393 -> 226 (78)
395 -> 301 (21)
395 -> 304 (93)
395 -> 344 (45)
399 -> 303 (6)
Fluxo: 11895
Arestas removidas: 33854

--Rotas do 8º turno-----------------------------
14 -> 98 (37)
24 -> 98 (136)
25 -> 202 (190)
26 -> 387 (134)
30 -> 98 (137)
32 -> 98 (118)
40 -> 98 (148)
43 -> 251 (66)
44 -> 69 (7)
44 -> 202 (147)
47 -> 63 (182)
48 -> 98 (110)
60 -> 186 (125)
63 -> 98 (116)
63 -> 186 (66)
69 -> 98 (7)
91 -> 32 (118)
92 -> 387 (106)
93 -> 14 (37)
93 -> 186 (158)
99 -> 98 (131)
116 -> 186 (147)
117 -> 242 (131)
146 -> 387 (181)
147 -> 44 (154)
149 -> 24 (136)
149 -> 116 (147)
149 -> 202 (152)
149 -> 229 (195)
149 -> 303 (143)
149 -> 347 (39)
150 -> 48 (110)
151 -> 186 (157)
152 -> 387 (143)
154 -> 60 (125)
154 -> 98 (8)
154 -> 209 (138)
154 -> 311 (60)
154 -> 343 (120)
154 -> 365 (154)
155 -> 99 (131)
155 -> 152 (143)
155 -> 220 (148)
155 -> 248 (144)
155 -> 328 (172)
155 -> 352 (146)
155 -> 364 (100)
156 -> 98 (108)
159 -> 30 (137)
159 -> 233 (60)
162 -> 387 (10)
175 -> 186 (132)
177 -> 202 (61)
185 -> 149 (180)
185 -> 202 (66)
185 -> 266 (174)
185 -> 277 (123)
185 -> 350 (137)
199 -> 186 (20)
209 -> 98 (169)
210 -> 202 (32)
212 -> 43 (66)
212 -> 202 (125)
212 -> 301 (136)
212 -> 305 (121)
212 -> 306 (169)
212 -> 387 (76)
212 -> 395 (159)
215 -> 155 (187)
215 -> 212 (75)
215 -> 220 (26)
215 -> 284 (181)
215 -> 355 (170)
216 -> 92 (106)
218 -> 98 (121)
220 -> 186 (174)
226 -> 186 (78)
228 -> 387 (66)
229 -> 98 (195)
233 -> 98 (60)
242 -> 295 (131)
243 -> 202 (12)
248 -> 202 (144)
251 -> 228 (66)
253 -> 26 (127)
253 -> 98 (126)
253 -> 186 (35)
253 -> 202 (32)
253 -> 349 (189)
253 -> 387 (63)
253 -> 391 (162)
255 -> 98 (62)
266 -> 210 (32)
266 -> 243 (12)
266 -> 255 (62)
266 -> 291 (68)
277 -> 98 (123)
279 -> 26 (7)
279 -> 47 (182)
279 -> 117 (131)
279 -> 305 (46)
282 -> 91 (118)
282 -> 98 (8)
282 -> 202 (102)
282 -> 387 (172)
283 -> 98 (175)
284 -> 202 (181)
287 -> 186 (134)
289 -> 150 (110)
289 -> 186 (182)
289 -> 202 (88)
289 -> 393 (109)
290 -> 283 (175)
290 -> 373 (165)
291 -> 202 (68)
295 -> 202 (131)
297 -> 387 (84)
300 -> 202 (108)
301 -> 98 (157)
303 -> 98 (143)
304 -> 98 (93)
305 -> 98 (167)
306 -> 156 (108)
306 -> 177 (61)
308 -> 287 (134)
311 -> 25 (60)
315 -> 186 (38)
315 -> 308 (109)
328 -> 98 (172)
334 -> 40 (148)
334 -> 93 (195)
334 -> 98 (159)
334 -> 146 (181)
334 -> 186 (67)
334 -> 354 (111)
335 -> 98 (197)
335 -> 159 (197)
335 -> 202 (4)
335 -> 308 (25)
335 -> 387 (73)
343 -> 175 (100)
343 -> 199 (20)
344 -> 387 (45)
347 -> 98 (39)
349 -> 151 (157)
349 -> 175 (32)
350 -> 369 (137)
352 -> 202 (146)
354 -> 98 (111)
355 -> 98 (170)
356 -> 98 (87)
356 -> 202 (32)
356 -> 300 (108)
356 -> 387 (192)
360 -> 186 (41)
364 -> 186 (100)
365 -> 147 (154)
367 -> 25 (130)
367 -> 98 (41)
367 -> 385 (106)
369 -> 98 (137)
371 -> 186 (51)
371 -> 202 (104)
371 -> 387 (199)
373 -> 202 (165)
374 -> 186 (57)
374 -> 202 (171)
374 -> 218 (121)
385 -> 216 (106)
391 -> 162 (10)
391 -> 186 (152)
393 -> 209 (31)
393 -> 226 (78)
395 -> 301 (21)
395 -> 304 (93)
395 -> 344 (45)
Fluxo: 9487
Arestas removidas: 33946

--Rotas do 9º turno-----------------------------
14 -> 98 (114)
24 -> 98 (28)
25 -> 202 (190)
26 -> 387 (134)
30 -> 98 (137)
32 -> 98 (118)
40 -> 98 (148)
44 -> 69 (7)
44 -> 202 (147)
47 -> 63 (147)
48 -> 98 (110)
60 -> 186 (125)
63 -> 98 (116)
63 -> 186 (31)
69 -> 98 (7)
91 -> 32 (118)
92 -> 387 (106)
93 -> 14 (114)
99 -> 98 (131)
115 -> 307 (134)
117 -> 242 (131)
146 -> 387 (181)
147 -> 44 (154)
149 -> 24 (28)
149 -> 202 (152)
150 -> 48 (110)
152 -> 387 (56)
154 -> 60 (125)
154 -> 98 (8)
154 -> 209 (138)
154 -> 311 (60)
154 -> 343 (120)
154 -> 365 (154)
155 -> 99 (131)
155 -> 152 (56)
159 -> 30 (137)
159 -> 233 (60)
162 -> 387 (126)
185 -> 149 (180)
185 -> 202 (66)
185 -> 266 (174)
185 -> 277 (123)
185 -> 350 (137)
186 -> 387 (110)
209 -> 98 (169)
210 -> 202 (32)
212 -> 202 (125)
212 -> 387 (13)
215 -> 155 (187)
215 -> 212 (138)
215 -> 220 (174)
215 -> 284 (181)
215 -> 355 (170)
216 -> 92 (106)
218 -> 98 (121)
220 -> 186 (174)
233 -> 98 (60)
242 -> 295 (131)
243 -> 202 (12)
253 -> 26 (127)
253 -> 98 (126)
253 -> 202 (32)
253 -> 349 (189)
253 -> 387 (63)
253 -> 391 (126)
255 -> 98 (62)
266 -> 210 (32)
266 -> 243 (12)
266 -> 255 (62)
266 -> 291 (68)
277 -> 98 (123)
279 -> 26 (7)
279 -> 47 (147)
279 -> 117 (131)
279 -> 305 (135)
279 -> 334 (125)
282 -> 91 (118)
282 -> 98 (8)
282 -> 202 (102)
282 -> 387 (172)
283 -> 98 (175)
284 -> 202 (181)
287 -> 115 (134)
289 -> 150 (110)
289 -> 186 (182)
289 -> 202 (88)
289 -> 393 (31)
290 -> 283 (175)
290 -> 373 (165)
291 -> 202 (68)
294 -> 387 (130)
295 -> 202 (131)
297 -> 387 (84)
300 -> 202 (108)
305 -> 98 (135)
307 -> 202 (134)
308 -> 287 (134)
311 -> 25 (60)
315 -> 308 (109)
328 -> 98 (59)
330 -> 98 (120)
334 -> 40 (148)
334 -> 93 (114)
334 -> 98 (159)
334 -> 146 (181)
334 -> 354 (111)
335 -> 98 (197)
335 -> 159 (197)
335 -> 202 (4)
335 -> 308 (25)
335 -> 387 (73)
343 -> 330 (120)
349 -> 294 (130)
349 -> 328 (59)
350 -> 369 (137)
354 -> 98 (111)
355 -> 98 (170)
356 -> 98 (87)
356 -> 202 (32)
356 -> 300 (108)
356 -> 387 (192)
365 -> 147 (154)
367 -> 25 (130)
367 -> 98 (41)
367 -> 385 (106)
369 -> 98 (137)
371 -> 202 (104)
371 -> 387 (199)
373 -> 202 (165)
374 -> 202 (171)
374 -> 218 (121)
385 -> 216 (106)
391 -> 162 (126)
393 -> 209 (31)
Fluxo: 7062
Arestas removidas: 34003

--Rotas do 10º turno-----------------------------
24 -> 98 (28)
25 -> 202 (130)
26 -> 387 (134)
30 -> 98 (137)
32 -> 98 (118)
44 -> 202 (86)
47 -> 63 (116)
48 -> 98 (110)
63 -> 98 (116)
91 -> 32 (118)
92 -> 387 (106)
99 -> 98 (86)
115 -> 307 (134)
117 -> 242 (131)
147 -> 44 (86)
149 -> 24 (28)
149 -> 202 (152)
150 -> 48 (110)
154 -> 209 (138)
154 -> 343 (120)
154 -> 365 (86)
155 -> 99 (86)
159 -> 30 (137)
159 -> 233 (60)
162 -> 387 (126)
185 -> 149 (180)
185 -> 202 (66)
185 -> 215 (181)
185 -> 266 (174)
185 -> 277 (123)
185 -> 350 (137)
186 -> 387 (110)
209 -> 98 (169)
210 -> 202 (32)
212 -> 202 (125)
212 -> 387 (13)
215 -> 155 (86)
215 -> 212 (138)
215 -> 284 (181)
215 -> 355 (170)
216 -> 92 (106)
218 -> 98 (121)
233 -> 98 (60)
242 -> 295 (131)
243 -> 202 (12)
253 -> 26 (127)
253 -> 98 (126)
253 -> 202 (32)
253 -> 349 (189)
253 -> 387 (63)
253 -> 391 (126)
255 -> 98 (62)
266 -> 210 (32)
266 -> 243 (12)
266 -> 255 (62)
266 -> 291 (68)
277 -> 98 (123)
279 -> 26 (7)
279 -> 47 (116)
279 -> 117 (131)
279 -> 305 (135)
279 -> 334 (129)
282 -> 91 (118)
282 -> 98 (8)
282 -> 154 (169)
282 -> 202 (102)
282 -> 387 (172)
283 -> 98 (175)
284 -> 202 (181)
287 -> 115 (134)
289 -> 150 (110)
289 -> 186 (110)
289 -> 202 (88)
289 -> 393 (31)
290 -> 283 (175)
290 -> 373 (165)
291 -> 202 (68)
294 -> 387 (130)
295 -> 202 (131)
297 -> 387 (84)
300 -> 202 (108)
305 -> 98 (135)
307 -> 202 (134)
308 -> 287 (134)
315 -> 308 (109)
328 -> 98 (59)
330 -> 98 (120)
334 -> 98 (129)
335 -> 98 (197)
335 -> 159 (197)
335 -> 202 (4)
335 -> 308 (25)
335 -> 387 (73)
343 -> 330 (120)
349 -> 294 (130)
349 -> 328 (59)
350 -> 369 (137)
355 -> 98 (170)
356 -> 98 (87)
356 -> 202 (32)
356 -> 300 (108)
356 -> 387 (192)
365 -> 147 (86)
367 -> 25 (130)
367 -> 98 (41)
367 -> 385 (106)
369 -> 98 (137)
371 -> 202 (104)
371 -> 387 (199)
373 -> 202 (165)
374 -> 202 (171)
374 -> 218 (121)
385 -> 216 (106)
391 -> 162 (126)
393 -> 209 (31)
Fluxo: 5839
Arestas removidas: 34023

--Rotas do 11º turno-----------------------------
24 -> 98 (28)
25 -> 202 (130)
26 -> 387 (134)
30 -> 98 (137)
32 -> 98 (118)
47 -> 63 (116)
48 -> 98 (110)
63 -> 98 (116)
91 -> 32 (118)
92 -> 387 (106)
115 -> 307 (134)
117 -> 242 (131)
149 -> 24 (28)
149 -> 202 (152)
150 -> 48 (110)
154 -> 209 (138)
154 -> 343 (31)
159 -> 30 (137)
159 -> 233 (60)
162 -> 387 (126)
185 -> 149 (180)
185 -> 202 (66)
185 -> 215 (181)
185 -> 266 (174)
185 -> 277 (123)
185 -> 350 (137)
186 -> 387 (110)
209 -> 98 (169)
210 -> 202 (32)
212 -> 202 (125)
212 -> 387 (13)
215 -> 212 (138)
215 -> 284 (43)
216 -> 92 (106)
218 -> 98 (121)
233 -> 98 (60)
242 -> 295 (131)
243 -> 202 (12)
253 -> 26 (127)
253 -> 98 (126)
253 -> 202 (32)
253 -> 349 (189)
253 -> 387 (63)
253 -> 391 (126)
255 -> 98 (62)
266 -> 210 (32)
266 -> 243 (12)
266 -> 255 (62)
266 -> 291 (68)
277 -> 98 (123)
279 -> 26 (7)
279 -> 47 (116)
279 -> 117 (131)
279 -> 305 (135)
279 -> 334 (129)
282 -> 91 (118)
282 -> 98 (8)
282 -> 154 (169)
282 -> 202 (102)
282 -> 387 (172)
283 -> 98 (175)
284 -> 202 (43)
287 -> 115 (134)
289 -> 150 (110)
289 -> 186 (110)
289 -> 202 (88)
289 -> 393 (31)
290 -> 283 (175)
290 -> 373 (165)
291 -> 202 (68)
294 -> 387 (130)
295 -> 202 (131)
297 -> 387 (84)
300 -> 202 (108)
305 -> 98 (135)
307 -> 202 (134)
308 -> 287 (134)
315 -> 308 (109)
328 -> 98 (59)
330 -> 98 (31)
334 -> 98 (129)
335 -> 98 (197)
335 -> 159 (197)
335 -> 202 (4)
335 -> 308 (25)
335 -> 387 (73)
343 -> 330 (31)
349 -> 294 (130)
349 -> 328 (59)
350 -> 369 (137)
356 -> 98 (87)
356 -> 202 (32)
356 -> 300 (108)
356 -> 387 (192)
367 -> 25 (130)
367 -> 98 (41)
367 -> 385 (106)
369 -> 98 (137)
371 -> 202 (104)
371 -> 387 (199)
373 -> 202 (165)
374 -> 202 (171)
374 -> 218 (121)
385 -> 216 (106)
391 -> 162 (126)
393 -> 209 (31)
Fluxo: 5270
Arestas removidas: 34023

--Rotas do 12º turno-----------------------------
24 -> 98 (28)
25 -> 202 (130)
26 -> 387 (134)
30 -> 98 (137)
32 -> 98 (118)
47 -> 63 (116)
48 -> 98 (110)
63 -> 98 (116)
91 -> 32 (118)
92 -> 387 (106)
115 -> 307 (134)
117 -> 242 (131)
149 -> 24 (28)
149 -> 202 (152)
150 -> 48 (110)
154 -> 209 (138)
154 -> 343 (31)
159 -> 30 (137)
159 -> 233 (60)
162 -> 387 (126)
185 -> 149 (180)
185 -> 202 (66)
185 -> 215 (181)
185 -> 266 (174)
185 -> 277 (123)
185 -> 350 (137)
186 -> 387 (110)
209 -> 98 (169)
210 -> 202 (32)
212 -> 202 (125)
212 -> 387 (13)
215 -> 212 (138)
215 -> 284 (43)
216 -> 92 (106)
218 -> 98 (121)
233 -> 98 (60)
242 -> 295 (131)
243 -> 202 (12)
253 -> 26 (127)
253 -> 98 (126)
253 -> 202 (32)
253 -> 349 (189)
253 -> 387 (63)
253 -> 391 (126)
255 -> 98 (62)
266 -> 210 (32)
266 -> 243 (12)
266 -> 255 (62)
266 -> 291 (68)
277 -> 98 (123)
279 -> 26 (7)
279 -> 47 (116)
279 -> 117 (131)
279 -> 305 (135)
279 -> 334 (129)
282 -> 91 (118)
282 -> 98 (8)
282 -> 154 (169)
282 -> 202 (102)
282 -> 387 (172)
283 -> 98 (175)
284 -> 202 (43)
287 -> 115 (134)
289 -> 150 (110)
289 -> 186 (110)
289 -> 202 (88)
289 -> 393 (31)
290 -> 283 (175)
290 -> 373 (165)
291 -> 202 (68)
294 -> 387 (130)
295 -> 202 (131)
297 -> 387 (84)
300 -> 202 (108)
305 -> 98 (135)
307 -> 202 (134)
308 -> 287 (134)
315 -> 308 (109)
328 -> 98 (59)
330 -> 98 (31)
334 -> 98 (129)
335 -> 98 (197)
335 -> 159 (197)
335 -> 202 (4)
335 -> 308 (25)
335 -> 387 (73)
343 -> 330 (31)
349 -> 294 (130)
349 -> 328 (59)
350 -> 369 (137)
356 -> 98 (87)
356 -> 202 (32)
356 -> 300 (108)
356 -> 387 (192)
367 -> 25 (130)
367 -> 98 (41)
367 -> 385 (106)
369 -> 98 (137)
371 -> 202 (104)
371 -> 387 (199)
373 -> 202 (165)
374 -> 202 (171)
374 -> 218 (121)
385 -> 216 (106)
391 -> 162 (126)
393 -> 209 (31)
Fluxo: 5270
Arestas removidas: 34023

--Rotas do 13º turno-----------------------------
24 -> 98 (28)
25 -> 202 (130)
26 -> 387 (134)
30 -> 98 (137)
32 -> 98 (118)
47 -> 63 (116)
48 -> 98 (110)
63 -> 98 (116)
91 -> 32 (118)
92 -> 387 (106)
115 -> 307 (134)
117 -> 242 (131)
149 -> 24 (28)
149 -> 202 (152)
150 -> 48 (110)
154 -> 209 (138)
154 -> 343 (31)
159 -> 30 (137)
159 -> 233 (60)
162 -> 387 (126)
185 -> 149 (180)
185 -> 202 (66)
185 -> 215 (181)
185 -> 266 (174)
185 -> 277 (123)
185 -> 350 (137)
186 -> 387 (110)
209 -> 98 (169)
210 -> 202 (32)
212 -> 202 (125)
212 -> 387 (13)
215 -> 212 (138)
215 -> 284 (43)
216 -> 92 (106)
218 -> 98 (121)
233 -> 98 (60)
242 -> 295 (131)
243 -> 202 (12)
253 -> 26 (127)
253 -> 98 (126)
253 -> 202 (32)
253 -> 290 (106)
253 -> 349 (189)
253 -> 387 (63)
253 -> 391 (126)
255 -> 98 (62)
266 -> 210 (32)
266 -> 243 (12)
266 -> 255 (62)
266 -> 291 (68)
277 -> 98 (123)
279 -> 26 (7)
279 -> 47 (116)
279 -> 117 (131)
279 -> 305 (135)
279 -> 334 (129)
282 -> 91 (118)
282 -> 98 (8)
282 -> 154 (169)
282 -> 202 (102)
282 -> 387 (172)
283 -> 98 (175)
284 -> 202 (43)
287 -> 115 (134)
289 -> 150 (110)
289 -> 186 (110)
289 -> 202 (88)
289 -> 393 (31)
290 -> 283 (175)
290 -> 373 (165)
291 -> 202 (68)
294 -> 387 (130)
295 -> 202 (131)
297 -> 387 (84)
300 -> 202 (108)
305 -> 98 (135)
307 -> 202 (134)
308 -> 287 (134)
315 -> 308 (109)
328 -> 98 (59)
330 -> 98 (31)
334 -> 98 (129)
335 -> 98 (197)
335 -> 159 (197)
335 -> 202 (4)
335 -> 308 (25)
335 -> 387 (73)
343 -> 330 (31)
349 -> 294 (130)
349 -> 328 (59)
350 -> 369 (137)
356 -> 98 (87)
356 -> 202 (32)
356 -> 300 (108)
356 -> 387 (192)
367 -> 25 (130)
367 -> 98 (41)
367 -> 385 (106)
369 -> 98 (137)
371 -> 202 (104)
371 -> 387 (199)
373 -> 202 (165)
374 -> 202 (171)
374 -> 218 (121)
385 -> 216 (106)
391 -> 162 (126)
393 -> 209 (31)
Fluxo: 5270
Arestas removidas: 34023

--Rotas do 14º turno-----------------------------
24 -> 98 (28)
25 -> 202 (130)
26 -> 387 (134)
30 -> 98 (137)
32 -> 98 (118)
47 -> 63 (116)
48 -> 98 (47)
63 -> 98 (116)
91 -> 32 (118)
92 -> 387 (106)
115 -> 307 (134)
117 -> 242 (131)
149 -> 24 (28)
149 -> 202 (152)
150 -> 48 (47)
154 -> 209 (138)
154 -> 343 (31)
159 -> 30 (137)
159 -> 233 (60)
162 -> 387 (70)
185 -> 149 (180)
185 -> 215 (90)
185 -> 277 (123)
186 -> 387 (110)
209 -> 98 (138)
212 -> 202 (90)
215 -> 212 (90)
216 -> 92 (106)
218 -> 98 (121)
233 -> 98 (60)
242 -> 295 (131)
253 -> 26 (127)
253 -> 98 (126)
253 -> 290 (175)
253 -> 349 (189)
253 -> 387 (63)
253 -> 391 (70)
277 -> 98 (123)
279 -> 26 (7)
279 -> 47 (116)
279 -> 117 (131)
279 -> 305 (135)
279 -> 334 (129)
282 -> 91 (118)
282 -> 98 (8)
282 -> 154 (169)
282 -> 202 (102)
282 -> 387 (172)
283 -> 98 (175)
287 -> 115 (134)
289 -> 150 (47)
289 -> 186 (110)
290 -> 283 (175)
294 -> 387 (130)
295 -> 202 (131)
297 -> 185 (122)
297 -> 253 (166)
297 -> 289 (139)
297 -> 387 (84)
300 -> 202 (108)
305 -> 98 (135)
307 -> 202 (134)
308 -> 287 (134)
315 -> 308 (109)
328 -> 98 (59)
330 -> 98 (31)
334 -> 98 (129)
335 -> 98 (197)
335 -> 159 (197)
335 -> 387 (73)
343 -> 330 (31)
349 -> 294 (130)
349 -> 328 (59)
356 -> 98 (87)
356 -> 202 (32)
356 -> 300 (108)
356 -> 335 (129)
356 -> 387 (192)
367 -> 25 (130)
367 -> 98 (41)
367 -> 385 (106)
371 -> 202 (104)
371 -> 387 (199)
374 -> 202 (171)
374 -> 218 (121)
374 -> 308 (25)
385 -> 216 (106)
391 -> 162 (70)
Fluxo: 4363
Arestas removidas: 34054

--Rotas do 15º turno-----------------------------
25 -> 202 (130)
26 -> 387 (74)
32 -> 98 (118)
47 -> 63 (116)
48 -> 98 (29)
63 -> 98 (116)
91 -> 32 (118)
92 -> 387 (106)
114 -> 335 (45)
115 -> 307 (134)
117 -> 242 (131)
149 -> 202 (122)
150 -> 48 (29)
154 -> 209 (138)
154 -> 343 (31)
185 -> 149 (122)
186 -> 387 (110)
209 -> 98 (138)
216 -> 92 (106)
218 -> 98 (121)
242 -> 295 (131)
253 -> 98 (126)
253 -> 387 (40)
279 -> 26 (74)
279 -> 47 (116)
279 -> 114 (33)
279 -> 117 (131)
279 -> 305 (135)
279 -> 334 (129)
282 -> 91 (118)
282 -> 98 (8)
282 -> 154 (169)
282 -> 202 (102)
282 -> 387 (172)
287 -> 115 (134)
289 -> 150 (29)
289 -> 186 (110)
295 -> 202 (131)
297 -> 185 (122)
297 -> 253 (166)
297 -> 289 (139)
297 -> 387 (84)
300 -> 202 (108)
305 -> 98 (135)
307 -> 202 (134)
308 -> 287 (134)
315 -> 114 (12)
315 -> 308 (109)
330 -> 98 (31)
334 -> 98 (129)
335 -> 98 (197)
343 -> 330 (31)
356 -> 98 (87)
356 -> 202 (32)
356 -> 300 (108)
356 -> 335 (152)
356 -> 387 (192)
367 -> 25 (130)
367 -> 98 (41)
367 -> 385 (106)
371 -> 202 (104)
371 -> 387 (199)
374 -> 202 (171)
374 -> 218 (121)
374 -> 308 (25)
385 -> 216 (106)
Fluxo: 3287
Arestas removidas: 34060

--Rotas do 16º turno-----------------------------
25 -> 202 (130)
32 -> 98 (89)
48 -> 98 (29)
91 -> 32 (89)
92 -> 387 (106)
114 -> 335 (189)
115 -> 307 (134)
117 -> 242 (131)
118 -> 117 (82)
149 -> 202 (122)
150 -> 48 (29)
185 -> 149 (122)
186 -> 387 (110)
216 -> 92 (106)
218 -> 98 (121)
242 -> 295 (131)
253 -> 98 (126)
253 -> 387 (40)
279 -> 305 (135)
279 -> 334 (33)
282 -> 91 (89)
282 -> 202 (102)
282 -> 387 (172)
287 -> 115 (134)
289 -> 150 (29)
289 -> 186 (110)
295 -> 202 (131)
297 -> 118 (82)
297 -> 185 (122)
297 -> 253 (166)
297 -> 289 (139)
297 -> 356 (115)
297 -> 387 (84)
300 -> 202 (108)
305 -> 98 (135)
307 -> 202 (134)
308 -> 287 (134)
314 -> 348 (49)
315 -> 114 (173)
315 -> 279 (159)
315 -> 282 (145)
315 -> 308 (109)
334 -> 98 (33)
335 -> 98 (197)
348 -> 117 (49)
356 -> 98 (87)
356 -> 202 (32)
356 -> 300 (108)
356 -> 335 (8)
356 -> 387 (192)
360 -> 314 (49)
367 -> 25 (130)
367 -> 98 (41)
367 -> 385 (106)
371 -> 202 (104)
371 -> 387 (199)
374 -> 114 (16)
374 -> 202 (171)
374 -> 218 (121)
374 -> 308 (25)
385 -> 216 (106)
Fluxo: 2795
Arestas removidas: 34088

--Rotas do 17º turno-----------------------------
25 -> 202 (130)
48 -> 98 (29)
92 -> 387 (106)
114 -> 335 (194)
115 -> 307 (134)
117 -> 242 (131)
118 -> 117 (82)
149 -> 202 (122)
150 -> 48 (29)
185 -> 149 (122)
186 -> 387 (110)
216 -> 92 (106)
218 -> 98 (121)
242 -> 295 (131)
253 -> 98 (126)
253 -> 387 (40)
279 -> 305 (135)
279 -> 334 (24)
282 -> 202 (102)
282 -> 387 (43)
287 -> 115 (134)
289 -> 150 (29)
289 -> 186 (110)
295 -> 202 (131)
297 -> 118 (82)
297 -> 185 (122)
297 -> 253 (166)
297 -> 289 (139)
297 -> 356 (115)
297 -> 387 (84)
305 -> 98 (135)
307 -> 202 (134)
308 -> 287 (134)
314 -> 348 (49)
315 -> 114 (173)
315 -> 279 (159)
315 -> 282 (145)
315 -> 308 (109)
334 -> 98 (24)
335 -> 98 (194)
348 -> 117 (49)
356 -> 98 (87)
356 -> 202 (28)
360 -> 314 (49)
367 -> 25 (130)
367 -> 98 (41)
367 -> 385 (106)
371 -> 202 (104)
371 -> 387 (113)
374 -> 114 (21)
374 -> 202 (171)
374 -> 218 (121)
374 -> 308 (25)
374 -> 371 (175)
385 -> 216 (106)
Fluxo: 2175
Arestas removidas: 34091

--Rotas do 18º turno-----------------------------
25 -> 202 (130)
48 -> 98 (29)
92 -> 387 (106)
114 -> 335 (194)
115 -> 307 (134)
117 -> 242 (131)
118 -> 117 (82)
149 -> 202 (122)
150 -> 48 (29)
185 -> 149 (122)
186 -> 387 (110)
216 -> 92 (106)
218 -> 98 (121)
242 -> 295 (131)
253 -> 98 (126)
253 -> 387 (40)
279 -> 305 (135)
279 -> 334 (24)
282 -> 202 (102)
282 -> 387 (43)
287 -> 115 (134)
289 -> 150 (29)
289 -> 186 (110)
295 -> 202 (131)
297 -> 118 (82)
297 -> 185 (122)
297 -> 253 (166)
297 -> 289 (139)
297 -> 356 (115)
297 -> 387 (84)
305 -> 98 (135)
307 -> 202 (134)
308 -> 287 (134)
314 -> 348 (49)
315 -> 114 (173)
315 -> 279 (159)
315 -> 282 (145)
315 -> 308 (109)
334 -> 98 (24)
335 -> 98 (194)
348 -> 117 (49)
356 -> 98 (87)
356 -> 202 (28)
360 -> 314 (49)
367 -> 25 (130)
367 -> 98 (41)
367 -> 385 (106)
371 -> 202 (104)
371 -> 387 (71)
374 -> 114 (21)
374 -> 202 (171)
374 -> 218 (121)
374 -> 308 (25)
374 -> 371 (175)
385 -> 216 (106)
Fluxo: 2133
Arestas removidas: 34091

--Rotas do 19º turno-----------------------------
25 -> 202 (130)
48 -> 98 (29)
92 -> 387 (106)
114 -> 335 (194)
115 -> 307 (134)
117 -> 242 (131)
118 -> 117 (82)
149 -> 202 (122)
150 -> 48 (29)
185 -> 149 (122)
186 -> 387 (110)
216 -> 92 (106)
218 -> 98 (121)
242 -> 295 (131)
253 -> 98 (126)
253 -> 387 (40)
270 -> 114 (66)
274 -> 342 (24)
279 -> 305 (22)
282 -> 202 (102)
282 -> 387 (43)
287 -> 115 (134)
289 -> 150 (29)
289 -> 186 (110)
295 -> 202 (131)
297 -> 118 (82)
297 -> 185 (122)
297 -> 253 (166)
297 -> 274 (24)
297 -> 289 (139)
297 -> 356 (115)
297 -> 387 (84)
305 -> 98 (22)
307 -> 202 (134)
308 -> 287 (134)
308 -> 315 (22)
314 -> 114 (68)
314 -> 348 (25)
315 -> 114 (6)
315 -> 279 (22)
315 -> 282 (145)
335 -> 98 (194)
342 -> 348 (24)
348 -> 117 (49)
356 -> 98 (87)
356 -> 202 (28)
360 -> 270 (66)
360 -> 314 (93)
367 -> 25 (130)
367 -> 98 (41)
367 -> 385 (106)
371 -> 202 (104)
371 -> 387 (71)
374 -> 114 (54)
374 -> 202 (171)
374 -> 218 (121)
374 -> 308 (156)
374 -> 371 (175)
385 -> 216 (106)
Fluxo: 1996
Arestas removidas: 34097

--Rotas do 20º turno-----------------------------
25 -> 202 (130)
92 -> 387 (106)
114 -> 335 (159)
216 -> 92 (106)
253 -> 98 (126)
253 -> 387 (8)
270 -> 114 (66)
270 -> 274 (30)
270 -> 374 (41)
274 -> 297 (30)
297 -> 253 (134)
297 -> 387 (84)
314 -> 114 (93)
335 -> 98 (159)
360 -> 270 (137)
360 -> 314 (93)
367 -> 25 (130)
367 -> 98 (41)
367 -> 374 (109)
367 -> 385 (106)
374 -> 202 (171)
385 -> 216 (106)
Fluxo: 825
Arestas removidas: 34105

--Rotas do 21º turno-----------------------------
25 -> 202 (130)
92 -> 387 (106)
114 -> 335 (159)
216 -> 92 (106)
270 -> 114 (66)
270 -> 274 (9)
270 -> 374 (62)
274 -> 297 (9)
297 -> 387 (9)
314 -> 114 (93)
335 -> 98 (159)
360 -> 270 (137)
360 -> 314 (93)
367 -> 25 (130)
367 -> 98 (41)
367 -> 374 (109)
367 -> 385 (106)
374 -> 202 (171)
385 -> 216 (106)
Fluxo: 616
Arestas removidas: 34105

--Rotas do 22º turno-----------------------------
25 -> 202 (130)
92 -> 387 (106)
114 -> 335 (159)
216 -> 92 (106)
270 -> 114 (66)
270 -> 274 (9)
270 -> 374 (62)
274 -> 297 (9)
297 -> 387 (9)
314 -> 114 (93)
335 -> 98 (159)
360 -> 270 (137)
360 -> 314 (93)
367 -> 25 (130)
367 -> 98 (41)
367 -> 374 (109)
367 -> 385 (106)
374 -> 202 (171)
385 -> 216 (106)
Fluxo: 616
Arestas removidas: 34105

--Rotas do 23º turno-----------------------------
25 -> 202 (130)
92 -> 387 (106)
114 -> 335 (159)
216 -> 92 (106)
270 -> 114 (66)
270 -> 274 (9)
270 -> 374 (62)
274 -> 297 (9)
297 -> 387 (9)
314 -> 114 (93)
335 -> 98 (159)
360 -> 270 (137)
360 -> 314 (93)
367 -> 25 (130)
367 -> 98 (41)
367 -> 374 (109)
367 -> 385 (106)
374 -> 202 (171)
385 -> 216 (106)
Fluxo: 616
Arestas removidas: 34105

--Rotas do 24º turno-----------------------------
25 -> 202 (108)
114 -> 335 (93)
270 -> 374 (137)
314 -> 114 (93)
335 -> 98 (93)
360 -> 270 (137)
360 -> 314 (93)
367 -> 25 (108)
367 -> 98 (41)
374 -> 202 (137)
Fluxo: 379
Arestas removidas: 34105

--Rotas do 25º turno-----------------------------
114 -> 335 (93)
270 -> 374 (137)
314 -> 114 (93)
335 -> 98 (93)
360 -> 270 (137)
360 -> 314 (93)
374 -> 202 (137)
Fluxo: 230
Arestas removidas: 34105

--Rotas do 26º turno-----------------------------
114 -> 335 (93)
270 -> 374 (137)
314 -> 114 (93)
335 -> 98 (93)
360 -> 270 (137)
360 -> 314 (93)
374 -> 202 (137)
Fluxo: 230
Arestas removidas: 34105

--Rotas do 27º turno-----------------------------
114 -> 335 (93)
270 -> 374 (137)
314 -> 114 (93)
335 -> 98 (93)
360 -> 270 (137)
360 -> 314 (93)
374 -> 202 (137)
Fluxo: 230
Arestas removidas: 34105

--Rotas do 28º turno-----------------------------
114 -> 335 (93)
270 -> 374 (137)
314 -> 114 (93)
335 -> 98 (93)
360 -> 270 (137)
360 -> 314 (93)
374 -> 202 (137)
Fluxo: 230
Arestas removidas: 34105

--Rotas do 29º turno-----------------------------
114 -> 335 (93)
270 -> 374 (137)
314 -> 114 (93)
335 -> 98 (93)
360 -> 270 (137)
360 -> 314 (93)
374 -> 202 (137)
Fluxo: 230
Arestas removidas: 34105

--Rotas do 30º turno-----------------------------
114 -> 335 (93)
270 -> 374 (137)
314 -> 114 (93)
335 -> 98 (93)
360 -> 270 (137)
360 -> 314 (93)
374 -> 202 (137)
Fluxo: 230
Arestas removidas: 34105

--Rotas do 31º turno-----------------------------
114 -> 335 (93)
270 -> 374 (137)
314 -> 114 (93)
335 -> 98 (93)
360 -> 270 (137)
360 -> 314 (93)
374 -> 202 (137)
Fluxo: 230
Arestas removidas: 34105

--Rotas do 32º turno-----------------------------
114 -> 335 (93)
270 -> 374 (137)
314 -> 114 (93)
335 -> 98 (93)
360 -> 270 (137)
360 -> 314 (93)
374 -> 202 (137)
Fluxo: 230
Arestas removidas: 34105

--Rotas do 33º turno-----------------------------
270 -> 374 (116)
360 -> 270 (116)
374 -> 202 (116)
Fluxo: 116
Arestas removidas: 34105

População evacuada: 283330 de 283330 UTs
O tempo total para evacuar 100.00% da população é: 34 unidades de tempo.
